	8	8.75	9	10	11	11.75	12	13	13	14	14	15	16	14	Beta
NA19131	0.01	0	0.01	0.15	0.23	0	1.08	0.49	0.01	0	0	0	0	0.02	23.94
NA19198	0	0	0.02	0.23	1.39	0	0.18	0.13	0.02	0	0	0	0	0.03	22.3
HG00273	0	0	0	0	0.75	0	0.81	0.39	0	0	0	0	0	0.05	23.74
HG00150	0	0	0	0	0.98	0	0.1	0.48	0	0	0	0.01	0	0.43	24.39
HG00145	0	0	0	0	0	0	0.38	0.4	0	0	0	0	0	1.22	26.84
HG00339	0	0	0	0	0.13	0	0.91	0.89	0	0	0	0	0	0.07	24.9
HG00102	0	0	0	0	0.08	0	1.2	0.63	0	0	0	0	0	0.09	24.73
NA18523	0	0	0	0	1.95	0	0	0	0	0	0	0	0	0.05	22.15
HG00346	0	0	0	0	0.66	0	0	1.04	0	0	0	0	0	0.3	24.98
NA12249	0	0	0	0	1.1	0	0.53	0.29	0	0	0	0	0	0.08	23.35
HG00266	0	0	0	0.13	1.61	0	0.1	0.13	0	0	0	0	0	0.03	22.32
NA12413	0	0	0	0	0.7	0	0.78	0.43	0	0	0	0	0	0.09	23.91
NA19236	0.98	0	0	0	0	0	0	0.98	0	0	0	0	0	0.04	21.14
NA20544	0	0	0	0	0.99	0	0.34	0.63	0	0	0	0	0	0.04	23.72
NA19204	0	0	0.02	0.22	0.39	0	0.19	1.12	0.02	0	0	0	0	0.04	24.33
HG00103	0	0	0	0	0.49	0	0.11	1.36	0	0	0	0	0	0.04	24.95
NA20582	0	0	0	0	0.56	0	0.19	1.21	0	0	0	0	0	0.04	24.73
NA19172	0	0	0	0	0.98	0	0	0.98	0	0	0	0	0	0.04	24.08
NA20815	0	0	0	0	0.45	0	0.52	0.93	0	0	0	0	0	0.1	24.68
HG00375	0	0	0	0	0.7	0	0.27	0.99	0	0	0	0	0	0.04	24.37
NA18933	0	0	0	0	0.01	0	0.2	1.56	0	0	0	0	0	0.23	26.01
HG00245	0	0	0	0.01	1.65	0	0.24	0.07	0	0	0	0	0	0.03	22.46
HG00319	0	0	0	0	1.26	0	0.41	0.26	0	0	0	0	0	0.07	23.14
NA12155	0	0	0	0.98	0	0	0.02	0.71	0	0	0	0	0	0.29	23.33
NA12749	0	0	0	0	0.98	0	0	0.98	0	0	0	0	0	0.04	24.08
HG00341	0	0	0	0	0.26	0	1.27	0.42	0	0	0	0	0	0.05	24.26
NA20771	0	0	0	0	0	0	1.71	0.01	0	0	0	0	0	0.28	24.57
NA20761	0	0	0	0	0.04	0	1.92	0.01	0	0	0	0	0	0.03	24.03
NA12341	0	0	0	0	0.98	0	0.01	0.98	0	0	0	0	0	0.03	24.06
HG00380	0	0	0	0	0.11	0	0.01	0.88	0	0	0	0	0	1.0	26.77
NA12763	0	0	0	0	0.02	0	1.53	0.41	0	0	0	0.01	0	0.03	24.48
NA18917	0	0	0	0	0.42	0	1	0.54	0	0	0	0	0	0.04	24.2
HG00116	0	0	0	0	0.45	0	0.23	0.79	0	0	0	0.12	0.05	0.36	25.62
HG00260	0	0	0	0	0.03	0	0.49	1.44	0	0	0	0	0	0.04	25.49
NA18907	0	0	0.98	0	0	0	0.98	0	0	0	0	0	0	0.04	21.14
NA20770	0	0	0	0	0.5	0	0.39	0.86	0	0	0	0.01	0	0.24	24.87
NA20807	0	0	0	0	0.15	0	0.93	0.88	0	0	0	0	0	0.04	24.81
NA20796	0	0	0	0	0.41	0	1.09	0.41	0	0	0	0	0	0.09	24.18
NA19160	0.05	0	0.6	0	0.01	0	0.29	1.02	0	0	0	0	0	0.03	23.07
NA20810	0	0	0	0.29	0.3	0	0.9	0.45	0	0	0	0	0	0.06	23.69
NA20787	0	0	0	0	1.02	0	0.91	0.03	0	0	0	0	0	0.04	23.09
NA07347	0	0	0	0	0	0	0	0.98	0	0	0	0.97	0	0.05	27.99
HG00101	0	0	0	0	0.9	0	0.17	0.62	0	0	0	0.05	0	0.26	24.39
HG00160	0	0	0	0	0.07	0	0.84	0.82	0	0	0	0	0	0.27	25.29
HG00251	0	0	0	0	0.17	0	0.36	1.43	0	0	0	0	0	0.04	25.34
HG00146	0	0	0	0	1.01	0	0.95	0	0	0	0	0	0	0.04	23.07
NA20819	0	0	0	0	0	0	0	0.99	0	0	0	0	0	1.01	27.01
NA12778	0	0	0	0.01	0.81	0	0.17	0.16	0	0	0	0	0	0.85	25.03
NA12890	0	0	0	0	0.26	0	0.44	1.25	0	0	0	0	0	0.05	25.09
NA20535	0	0	0	0.01	1.73	0	0.22	0.01	0	0	0	0	0	0.03	22.32
NA19116	0	0	0	0	0.98	0	0.98	0	0	0	0	0	0	0.04	23.1
NA20506	0	0	0	0	1.04	0	0.08	0.12	0	0	0	0	0	0.76	24.6
HG00330	0	0	0	0.01	0.91	0	0.32	0.7	0	0	0	0.01	0	0.05	23.9
HG00189	0	0	0	0	0.31	0	0.29	0.38	0	0	0	0	0	1.02	26.11
HG00233	0	0	0	0	1.38	0	0.45	0.11	0	0	0	0	0	0.06	22.85
NA12546	0	0	0	0	1.31	0	0.15	0.51	0	0	0	0	0	0.03	23.26
NA19129	0	0	0	0	0	0	0.98	0.98	0	0	0	0	0	0.04	25.06
NA20525	0	0	0	0.19	0.02	0	0.56	1.19	0	0	0	0	0	0.04	24.87
NA19144	0	0	0	0	0.01	0	0.2	1.56	0	0	0	0	0	0.23	26.01
NA12058	0	0	0	0	0	0	1.95	0	0	0	0	0	0	0.05	24.1
NA20516	0	0	0	0	0.11	0	0.2	1.63	0	0	0	0	0	0.06	25.64
NA20797	0	0	0	0	0.02	0	0.66	1.28	0	0	0	0	0	0.04	25.34
HG00178	0	0	0	0	0.45	0	0.4	1.11	0	0	0	0	0	0.04	24.74
NA11832	0	0	0	0.02	0.68	0	1.1	0.15	0	0	0	0	0	0.05	23.53
NA18520	0	0	0	0.67	0.12	0	0.14	1.04	0	0	0	0	0	0.03	23.64
HG00263	0	0	0	0.02	0.07	0	0.4	0.67	0	0	0	0	0	0.84	26.24
HG00127	0	0	0	0	0.01	0	0.04	1.32	0	0	0	0.6	0	0.03	27.17
HG00326	0	0	0	0	0.3	0	1.19	0.47	0	0	0	0	0	0.04	24.25
NA20531	0	0	0	0.03	0.42	0	0.48	1	0	0	0	0	0	0.07	24.66
HG00310	0	0	0	0	0.01	0	0.94	1.01	0	0	0	0	0	0.04	25.08
HG00378	0	0	0	0	1.5	0	0.46	0	0	0	0	0	0	0.04	22.58
NA12342	0	0	0	0	0.49	0	0.49	0.98	0	0	0	0	0	0.04	24.57
NA19206	0	0	0	0	0.98	0	0.84	0.14	0	0	0	0	0	0.04	23.24
NA20752	0	0	0	0	0.38	0	1.03	0.54	0	0	0	0	0	0.05	24.26
HG00157	0	0	0	0.01	0.91	0	0.18	0.8	0	0	0	0	0	0.1	24.07
HG00258	0	0	0	0	0.08	0	0.82	0.1	0	0	0	0	0	1.0	26.02
HG00177	0	0	0	0	0.1	0	0.4	1.44	0	0	0	0.01	0	0.05	25.47
HG00353	0	0	0	0	0.36	0	0.83	0.17	0	0	0	0	0	0.64	25.09
NA19114	0	0	0	0	0	0	1.9	0.06	0	0	0	0	0	0.04	24.14
HG00131	0	0	0.98	0	0.98	0	0	0	0	0	0	0	0	0.04	20.16
HG00372	0	0	0	0	0.68	0	0.4	0.88	0	0	0	0	0	0.04	24.28
NA19092	0	0.01	0.02	0.23	0.68	0	0.42	0.51	0.02	0	0	0.02	0	0.09	23.5375
NA10847	0	0	0	0	0.98	0	0.01	0.49	0	0	0	0	0	0.52	24.55
HG00277	0	0	0	0	0.68	0	0.28	0.87	0	0	0	0.03	0	0.14	24.56
NA18510	0	0	0	0	0.99	0	0.97	0	0	0	0	0	0	0.04	23.09
NA12399	0	0	0	0.13	1	0	0.08	0.76	0	0	0	0	0	0.03	23.56
HG00327	0	0	0	0	0.89	0	0.23	0.62	0	0	0	0	0	0.26	24.25
NA19247	0	0	0	0.01	1.24	0	0.23	0.4	0	0	0	0.01	0	0.11	23.39
HG00332	0	0	0	0	0.54	0	0.71	0.72	0	0	0	0	0	0.03	24.24
NA18504	0.02	0	0.01	0.16	0.5	0	0.32	0.95	0.01	0	0	0	0	0.03	24.09
HG00252	0	0	0	0	0.98	0	0.52	0.46	0	0	0	0	0	0.04	23.56
HG00238	0	0	0	0	0.81	0	0.53	0.61	0	0	0	0	0	0.05	23.9
HG00342	0	0	0	0	0.32	0.01	0.29	1.32	0	0	0	0	0	0.06	25.1175
NA20581	0	0	0	0	0.12	0	0.63	1.07	0	0	0	0	0	0.18	25.31
HG00268	0	0	0	0	0	0	0	1.84	0	0	0	0	0	0.16	26.16
HG00154	0	0	0	0.01	0.23	0	0.33	0.46	0	0	0.02	0.03	0	0.92	26.18
HG00371	0	0	0	0.22	0.17	0	0.49	1.06	0	0	0	0	0	0.06	24.57
NA18870	0	0	0	0	0.47	0	0	1.35	0	0	0	0	0	0.18	25.24
NA20505	0	0	0	0	0.49	0	0.61	0.79	0	0	0	0	0	0.11	24.52
NA20538	0	0	0.05	0	0.88	0	0.05	0.98	0	0	0	0	0	0.04	24.03
HG00182	0	0	0	0	0.82	0	0.28	0.3	0	0	0	0	0	0.6	24.68
NA19207	0.98	0	0	0	0.03	0	0.03	0.92	0	0	0	0	0	0.04	21.05
HG00373	0	0	0	0	1.03	0	0.86	0.05	0	0	0	0	0	0.06	23.14
NA20800	0	0	0	0.03	0.6	0	0.81	0.49	0	0	0	0.01	0	0.06	23.98
HG00151	0	0	0	0.98	0.77	0	0.03	0.19	0	0	0	0	0	0.03	21.52
NA11829	0	0	0	0	0.15	0	0.69	0.12	0	0	0	0	0	1.04	26.05
HG00324	0	0	0	0	0.3	0	0.53	0.48	0	0	0.01	0	0.03	0.65	25.62
HG00120	0	0	0	0	0.2	0	1.59	0.04	0	0	0	0	0	0.17	24.18
NA12828	0	0	0	0.03	0.94	0	0.98	0.01	0	0	0	0	0	0.04	23.09
NA12777	0	0	0	0	1.27	0	0.5	0.18	0	0	0	0	0	0.05	23.01
NA20539	0	0	0	0.02	0.25	0	0.95	0.61	0	0	0	0.05	0	0.12	24.71
NA19213	0.68	0.01	0	0.01	0.37	0	0.31	0.5	0	0	0	0.02	0	0.1	21.6175
NA19147	0.01	0	0	0.01	0.36	0	1.35	0.24	0	0	0	0	0	0.03	23.88
HG00379	0	0	0	0	0.94	0	0.91	0.07	0	0	0	0	0	0.08	23.29
HG00158	0	0	0	0	0.05	0	1.36	0.13	0	0	0	0	0	0.46	25.0
HG00329	0	0	0	0	0.51	0	0.96	0.49	0	0	0	0	0	0.04	24.06
HG00344	0	0	0	0	0.08	0	0.12	0.73	0	0	0	0	0	1.07	26.79
NA11931	0	0	0	0	0.37	0	1.58	0.01	0	0	0	0	0	0.04	23.72
HG00142	0	0	0	0	0.97	0	0.07	0.52	0	0	0	0	0	0.44	24.43
HG00100	0	0	0	0	0.15	0	1.03	0.73	0	0	0	0	0	0.09	24.76
NA12843	0	0	0	0	0.58	0	0.07	1.3	0	0	0	0	0	0.05	24.82
NA18909	0	0	0	0	0	0	0.98	0.98	0	0	0	0	0	0.04	25.06
HG00243	0	0	0	0	0.49	0	0.98	0	0	0	0	0.49	0	0.04	25.06
NA20806	0	0	0	0	0.98	0	0.25	0.15	0	0	0	0.36	0	0.26	24.77
NA20768	0	0	0	0.02	0.02	0	0.94	0.98	0	0	0	0	0	0.04	25.0
HG00123	0	0	0	0	0.77	0	0.07	0.36	0	0	0	0	0	0.8	25.19
NA20529	0	0	0	0	0.98	0	0.98	0	0	0	0	0	0	0.04	23.1
HG00122	0	0	0	0	0.98	0	0.78	0.2	0	0	0	0	0	0.04	23.3
NA18853	0	0	0	0.02	1.55	0	0.16	0.23	0	0	0	0	0	0.04	22.72
NA19189	0	0	0	0	1.01	0	0.12	0.84	0	0	0	0	0	0.03	23.89
HG00148	0	0	0	0	0.01	0	0.72	0.69	0	0	0	0	0.08	0.5	26.0
HG00171	0	0	0	0.02	0.29	0	0.41	1.23	0	0	0	0	0	0.05	25.0
HG00331	0	0	0	0	0	0	1.63	0.01	0	0	0	0	0	0.36	24.73
HG00381	0	0	0	0	0.97	0	0.81	0.18	0	0	0	0	0	0.04	23.29
NA18856	0	0	0	0.01	1.2	0	0.42	0.26	0	0	0	0.01	0	0.1	23.27
HG00345	0	0	0	0	0.04	0	0.34	1.44	0	0	0	0	0	0.18	25.76
NA18861	0	0	0.98	0	0	0	0	0.98	0	0	0	0	0	0.04	22.12
HG00185	0	0	0	0	1.58	0	0.11	0.22	0	0	0	0	0	0.09	22.82
NA07051	0	0	0	0.01	0.64	0	0.06	1.26	0	0	0	0	0	0.03	24.66
NA20527	0	0	0	0	0.12	0	0.98	0.81	0	0	0	0	0	0.09	24.87
NA20783	0	0	0	0	0.9	0	1.02	0.04	0	0	0	0	0	0.04	23.22
NA19137	0	0	0	0	0.56	0	0.37	1.02	0	0	0	0	0	0.05	24.56
NA19201	0	0	0.01	0	0.02	0	1.87	0.06	0	0	0	0	0	0.04	24.09
NA18488	0	0	0.08	0	0.83	0	0.16	0.87	0	0	0	0	0	0.06	23.92
HG00311	0	0	0	0	0.58	0	1.19	0.15	0	0	0	0	0	0.08	23.73
HG00337	0	0	0	0	0	0	0	1.95	0	0	0	0	0	0.05	26.05
HG00257	0	0	0	0.01	1.27	0	0.08	0.6	0	0	0	0	0	0.04	23.39
HG00136	0	0	0	0	1.11	0	0.43	0.4	0	0	0	0	0	0.06	23.41
NA20826	0	0	0	0	0.67	0	0.78	0.39	0	0	0	0	0	0.16	24.04
NA20518	0	0	0	0	0.87	0	0.34	0.71	0	0	0	0	0	0.08	24.0
NA20786	0	0	0	0	0.98	0	0.01	0.98	0	0	0	0	0	0.03	24.06
NA20760	0	0	0	0	0.14	0	1.23	0.53	0	0	0	0	0	0.1	24.59
HG00114	0	0	0	0	0.02	0	0.85	1.09	0	0	0	0	0	0.04	25.15
HG00117	0	0	0	0.05	0.94	0	0	0.17	0	0	0	0	0	0.84	24.81
NA20534	0	0	0	0	0.4	0	0.26	1.12	0	0	0	0	0	0.22	25.16
NA20809	0	0	0	0.03	0.59	0	0.89	0.42	0	0	0	0.01	0	0.06	23.92
NA12273	0	0	0	0	0.91	0	0.52	0.53	0	0	0	0	0	0.04	23.7
NA20808	0	0	0	0	0.44	0.01	0.11	1.35	0	0	0	0	0	0.09	25.0875
NA19197	0	0	0.98	0	0	0	0.88	0.08	0	0	0	0	0	0.06	21.26
NA11918	0	0	0.01	0	0.78	0	0.65	0.45	0	0	0	0.01	0	0.1	23.87
NA20509	0	0	0	0.01	0.52	0	0.86	0.52	0	0	0	0.01	0	0.08	24.17
NA20757	0	0	0	0	1.01	0	0.86	0.08	0	0	0	0.01	0	0.04	23.18
HG00125	0	0	0	0	0.85	0	0.85	0.23	0	0	0	0.02	0	0.05	23.54
NA11894	0	0	0	0	1.2	0	0.23	0.53	0	0	0	0	0	0.04	23.41
NA18517	0	0	0	0	0	0	1.95	0	0	0	0	0	0	0.05	24.1
NA20798	0	0	0	0.03	0.02	0	1.06	0.86	0	0	0	0	0	0.03	24.84
NA20588	0	0	0.01	0	1.09	0	0.16	0.43	0	0	0	0	0	0.31	23.93
HG00285	0	0	0	0.05	0	0	0.6	1.31	0	0	0	0	0	0.04	25.29
NA19153	0	0	0	0	0	0	0	1.95	0	0	0	0	0	0.05	26.05
NA20804	0	0	0	0.01	0.28	0	0.77	0.83	0	0	0	0.01	0	0.1	24.76
HG00306	0	0	0	0	0.91	0	0.13	0.84	0	0	0	0	0	0.12	24.17
NA19210	0	0	0.98	0	0	0	0	0	0	0	0	0	0	1.02	23.1
NA18908	0.01	0	0	0	0	0	0.02	1.94	0	0	0	0	0	0.03	25.96
NA20585	0	0	0	0	0.46	0	0.93	0.33	0	0	0	0	0	0.28	24.43
NA20543	0	0	0	0	0.07	0	1.18	0.56	0	0	0	0	0	0.19	24.87
NA20508	0	0	0	0	0.39	0	1.18	0.03	0	0	0	0	0	0.4	24.44
NA18916	0	0	0	0	0.98	0	0.98	0	0	0	0	0	0	0.04	23.1
NA20799	0	0	0	0	0.15	0	1.16	0.63	0	0	0	0	0	0.06	24.6
NA19235	0	0	0.98	0	0	0	0	0.98	0	0	0	0	0	0.04	22.12
HG00240	0	0	0	0	0.46	0	0.52	0.86	0	0	0	0	0	0.16	24.72
NA20765	0	0	0	0.96	0.01	0	0.02	0.4	0	0	0.02	0.02	0.11	0.46	23.93
NA18516	0	0	0	0	0.98	0	0	0.98	0	0	0	0	0	0.04	24.08
NA20801	0	0	0	0	1.35	0	0.22	0.26	0	0	0	0	0	0.17	23.25
NA18867	0	0	0	0	0	0	0.03	1.68	0	0	0	0	0	0.29	26.26
NA20524	0	0	0	0	0.08	0	0.1	1.75	0	0	0	0	0	0.07	25.81
HG00323	0	0	0	0.22	0.81	0	0.6	0.28	0	0	0	0	0	0.09	23.21
NA20589	0	0	0	0	0.32	0	1.24	0.4	0	0	0	0	0	0.04	24.16
NA11893	0	0	0	0	0.97	0	0.98	0	0	0	0	0	0	0.05	23.13
NA20502	0	0	0	0	0.33	0	0.43	1.2	0	0	0	0	0	0.04	24.95
HG00282	0	0	0	0.01	1.17	0	0.34	0.36	0	0	0	0.01	0	0.11	23.42
NA19171	0	0	0	0	0	0	1.95	0.01	0	0	0	0	0	0.04	24.09
NA12761	0	0	0	0	0	0	0	1.95	0	0	0	0	0	0.05	26.05
NA20795	0	0	0	0	0.05	0	0.46	1.46	0	0	0	0	0	0.03	25.47
NA19238	0	0	0.98	0	0.01	0	0.2	0.59	0	0	0	0	0	0.22	22.08
NA19159	0	0	0	0	0.99	0	0.02	0.95	0	0	0	0	0	0.04	24.04
HG00366	0	0	0	0	0.71	0	1.06	0.13	0	0	0	0	0	0.1	23.62
NA11992	0	0	0	0.46	0.85	0	0.08	0.57	0	0	0	0	0	0.04	22.88
HG00141	0	0	0	0	0.98	0	0.49	0	0	0	0	0	0	0.53	24.08
NA18873	0	0	0.02	0.22	0.38	0	1.17	0.15	0.02	0	0	0	0	0.04	23.37
HG00336	0	0	0	0	0	0	0.73	0.29	0	0	0	0	0	0.98	26.25
NA06994	0	0	0	0	0.74	0	0.95	0.19	0	0	0	0.09	0	0.03	23.78
NA19190	0	0	0	0	0	0	0	0.98	0	0	0	0	0	1.02	27.02
HG00186	0	0	0	0	0.16	0	1.11	0.7	0	0	0	0	0	0.03	24.6
NA20805	0	0	0	0	1.13	0	0.5	0.33	0	0	0	0	0	0.04	23.28
HG00325	0	0	0	0	0	0	0.08	1.88	0	0	0	0	0	0.04	25.96
NA20766	0	0	0	0	1.18	0	0.49	0.28	0	0	0	0	0	0.05	23.2
HG00183	0	0	0	0	0.4	0	0.17	1.29	0	0	0	0	0	0.14	25.17
NA12827	0	0	0	0.31	0.96	0	0.7	0	0	0	0	0	0	0.03	22.48
NA12400	0	0	0	0.01	0.86	0	0.36	0.6	0	0	0	0.08	0	0.09	24.14
NA12760	0	0	0	0	0.11	0	0.77	1.08	0	0	0	0	0	0.04	25.05
NA20540	0	0	0	0	1.19	0	0.68	0.09	0	0	0	0	0	0.04	22.98
NA20772	0	0	0	0	1.22	0	0.57	0.17	0	0	0	0	0	0.04	23.03
NA07056	0	0	0	0	1.41	0	0.45	0.09	0	0	0	0	0	0.05	22.78
NA12154	0	0	0	0	0.66	0	0.33	0.95	0	0	0	0	0	0.06	24.41
HG00149	0	0	0	0	0.8	0	0.1	1.06	0	0	0	0	0	0.04	24.34
NA18912	0	0	0	0	0	0	0.98	0.98	0	0	0	0	0	0.04	25.06
HG00343	0	0	0	0	0.74	0	0.55	0.62	0	0	0	0	0	0.09	24.06
NA19130	0	0	0.98	0	0	0	0	0.98	0	0	0	0	0	0.04	22.12
NA12286	0	0	0	0	0.02	0	0.97	0.85	0	0	0	0	0	0.16	25.15
NA12340	0	0	0	0.02	0.06	0	0.96	0.71	0	0	0	0	0	0.25	25.11
HG00118	0	0	0	0	0.98	0	0	0.37	0	0	0	0	0	0.65	24.69
HG00275	0	0	0	0	0.18	0	1.18	0.51	0	0	0	0	0	0.13	24.59
NA19143	0	0	0.98	0	0	0	0	0.98	0	0	0	0	0	0.04	22.12
HG00280	0	0	0	0	0.07	0	1.18	0.64	0	0	0	0	0	0.11	24.79
NA12383	0	0	0	0	1.32	0	0.55	0.09	0	0	0	0	0	0.04	22.85
NA12717	0	0	0	0	0.18	0	0.54	1.16	0	0	0	0	0	0.12	25.22
NA20814	0	0	0	0	0.1	0	1.08	0.78	0	0	0	0	0	0.04	24.76
NA18501	0	0	0.01	0.01	0.23	0	1.31	0.39	0	0	0	0	0	0.05	24.21
HG00231	0	0	0	0	0.84	0	0.89	0.21	0	0	0	0	0	0.06	23.49
HG00242	0	0	0	0	0.88	0	0.35	0.45	0	0	0	0	0	0.32	24.21
NA18486	0.98	0	0	0	0.05	0	0.43	0.46	0	0	0	0.01	0	0.07	20.66
HG00274	0	0	0	0	0.51	0	1.27	0.18	0	0	0	0	0	0.04	23.75
HG00335	0	0	0	0	0.67	0	0.88	0.4	0	0	0	0	0	0.05	23.83
HG00259	0	0	0.59	0	1.37	0	0	0	0	0	0	0	0	0.04	20.94
NA20530	0	0	0	0	0.2	0	0.4	1.36	0	0	0	0	0	0.04	25.24
HG00096	0	0	0	0	0.98	0	0	0.98	0	0	0	0	0	0.04	24.08
NA18871	0	0.01	0	0.01	1.24	0	0.25	0.39	0	0	0	0.02	0	0.08	23.3175
NA20802	0	0	0	0	0.01	0	1.95	0	0	0	0	0	0	0.04	24.07
HG00236	0	0	0	0	0.01	0	0.97	0.98	0	0	0	0	0	0.04	25.05
NA11920	0	0	0	0	1.33	0	0.15	0.47	0	0	0	0	0	0.05	23.24
HG00239	0	0	0	0	0.98	0	0.13	0.86	0	0	0	0	0	0.03	23.94
HG00265	0	0	0	0	1.01	0	0.1	0.84	0	0	0	0	0	0.05	23.93
HG00115	0	0	0	0	0.51	0	0.65	0.5	0	0	0	0.11	0.06	0.17	24.9
HG00244	0	0	0	0	1.14	0	0.49	0.33	0	0	0	0	0	0.04	23.27
NA18868	0.98	0	0.98	0	0	0	0	0	0	0	0	0	0	0.04	17.22
HG00110	0	0	0	0.01	0.84	0	0.11	1	0	0	0	0	0	0.04	24.22
HG00181	0	0	0	0	0.98	0	0	0.66	0	0	0	0.01	0.11	0.24	24.63
HG00187	0	0	0	0	0.08	0	0.1	1.71	0	0	0	0	0	0.11	25.85
HG00188	0	0	0	0	0.16	0	1.31	0.5	0	0	0	0	0	0.03	24.4
NA20542	0	0	0.01	0.02	0.51	0	0.17	1.23	0	0	0	0	0	0.06	24.77
HG00264	0	0	0	0.02	0.46	0	0.9	0.52	0	0	0	0.01	0	0.09	24.23
HG00315	0	0.02	0	0	0.35	0	1.12	0.46	0	0	0	0.01	0	0.04	24.155
HG00376	0	0	0	0	0.31	0	1.02	0.63	0	0	0	0	0	0.04	24.4
NA20811	0	0	0	0	1.82	0	0.03	0.11	0	0	0	0	0	0.04	22.37
NA20785	0	0	0	0.01	0.57	0	1.11	0.24	0	0	0	0.01	0	0.06	23.8
HG00176	0	0	0.01	0.11	0.73	0	0.71	0.4	0	0	0	0	0	0.04	23.5
NA18507	0	0	0	0	0.18	0	0.23	1.48	0	0	0	0.01	0	0.1	25.53
HG00261	0	0	0	0	0	0	0.73	0.36	0	0	0.02	0.01	0	0.88	26.19
HG00179	0	0	0	0	0	0	0.01	1.02	0	0	0	0	0	0.97	26.96
NA12776	0	0	0	0.01	0.44	0	0.81	0.64	0	0	0	0	0	0.1	24.38
NA20758	0	0	0	0	1.09	0	0.4	0.46	0	0	0	0	0	0.05	23.47
NA18498	0	0	0	0	0	0	0	0.98	0	0	0	0	0	1.02	27.02
HG00321	0	0	0	0	1.08	0	0.72	0.17	0	0	0	0	0	0.03	23.15
HG00313	0	0	0	0	0.11	0	1.46	0.39	0	0	0	0	0	0.04	24.36
HG00174	0	0	0	0	1.08	0	0.14	0.1	0	0	0	0	0	0.68	24.38
NA12287	0	0	0	0	0.05	0	1.36	0.55	0	0	0	0	0	0.04	24.58
NA20756	0	0	0	0	0.39	0	0.9	0.61	0	0	0	0	0	0.1	24.42
HG00180	0	0	0	0.03	0.86	0	0.82	0.25	0	0	0	0	0	0.04	23.41
NA19257	0.98	0	0	0.01	0.28	0	0.24	0.39	0	0	0	0.01	0	0.09	20.38
HG00112	0	0	0	0	0.8	0	0.1	0.08	0	0	0	0	0	1.02	25.32
NA20586	0	0	0	0.02	0.26	0	0.18	1.44	0	0	0	0	0	0.1	25.34
NA12347	0	0	0	0.01	0.01	0	1.89	0.06	0	0	0	0	0	0.03	24.09
NA20517	0	0	0	0	0.55	0	0.44	0.98	0	0	0	0	0	0.03	24.49
HG00384	0	0	0	0	1.57	0	0.19	0.15	0	0	0	0	0	0.09	22.76
NA12283	0	0	0	0	0.96	0	0.02	0.98	0	0	0	0	0	0.04	24.1
NA11843	0	0	0	0	0.18	0	0.52	1.22	0	0	0	0	0	0.08	25.2
NA20778	0	0	0	0	0.68	0	0.17	0.43	0	0	0	0.12	0	0.6	25.31
NA20541	0	0	0	0.01	0.95	0	0.23	0.76	0	0	0	0	0	0.05	23.89
HG00267	0	0	0	0	0.3	0	0.22	1.44	0	0	0	0	0	0.04	25.22
NA19102	0	0	0	0	0.01	0	0.99	0.65	0	0	0	0	0	0.35	25.34
NA12272	0	0	0	0	0.86	0	0.73	0.05	0	0	0	0	0	0.36	23.91
NA19141	0	0	0.47	0	0.03	0	0.96	0.45	0	0	0	0	0	0.09	23.19
NA07048	0	0	0	0.05	0.63	0	1.22	0.05	0	0	0	0	0	0.05	23.42
NA20769	0	0	0	0	0.02	0	1.58	0.06	0	0	0	0	0	0.34	24.72
NA20773	0	0	0	0	1.1	0	0.33	0.52	0	0	0	0.01	0	0.04	23.53
HG00328	0	0	0	0	0.3	0	0.22	0.72	0	0	0	0	0	0.76	25.94
HG00106	0	0	0	0	0.64	0	0.66	0.66	0	0	0	0	0	0.04	24.1
HG00361	0	0	0	0	0.03	0	0.05	1.88	0	0	0	0	0	0.04	25.93
HG00253	0	0	0	0.01	0.76	0	0.24	0.9	0	0	0	0.01	0	0.08	24.31
HG00155	0	0	0	0	0	0	0.98	0.94	0	0	0	0	0	0.08	25.1
NA20792	0	0	0	0	0.56	0	0.33	1.05	0	0	0	0	0	0.06	24.61
NA20759	0	0	0	0	0.05	0	1.39	0.29	0	0	0	0.19	0	0.08	24.97
NA18934	0	0	0.47	0.03	0.06	0	0.28	1.13	0	0	0	0	0	0.03	23.66
NA11840	0	0	0	0	0.04	0	0.1	1.43	0	0	0	0.01	0	0.42	26.26
HG00109	0	0	0	0	0.5	0	0.96	0.5	0	0	0	0	0	0.04	24.08
NA18511	0.14	0	0	0	0.6	0	0.1	0.96	0	0	0	0	0	0.2	24.2
HG01334	0	0	0	0	0.89	0	0.09	0.98	0	0	0	0	0	0.04	24.17
NA12842	0	0	0	0	0.02	0	0.34	1.59	0	0	0	0	0	0.05	25.67
HG00338	0	0	0	0	0.83	0	0	0.98	0	0	0	0	0	0.19	24.53
HG00269	0	0	0	0	0.18	0	0.6	0.97	0	0	0	0.01	0	0.24	25.3
HG00173	0	0	0	0.98	0.02	0	0.24	0.73	0	0	0	0	0	0.03	22.81
NA06986	0	0	0	0	0.49	0	0.5	0.01	0	0	0	0	0	1.0	25.52
NA12003	0	0	0	0	0.08	0	0.93	0.94	0	0	0	0	0	0.05	24.96
NA20774	0	0	0	0	1.37	0	0.2	0.05	0	0	0	0	0	0.38	23.44
NA20828	0	0	0	0	0.05	0	0.04	1.87	0	0	0	0	0	0.04	25.9
HG00284	0	0	0	0	0.41	0	1.05	0.5	0	0	0	0	0	0.04	24.17
NA12750	0	0	0	0	0.14	0	1.44	0.31	0	0	0	0	0	0.11	24.39
NA18522	0	0	0	0	0.99	0	0.01	0.96	0	0	0	0	0	0.04	24.05
NA12275	0	0	0	0	1.61	0	0.06	0.29	0	0	0	0	0	0.04	22.76
NA20528	0	0	0	0	0.08	0	1.3	0.27	0	0	0	0.18	0	0.17	25.07
NA18910	0	0	0	0	1.95	0	0	0	0	0	0	0	0	0.05	22.15
HG00272	0	0	0	0	1.06	0	0.44	0.44	0	0	0	0	0	0.06	23.5
HG00138	0	0	0	0	0.91	0	0.03	1.02	0	0	0	0	0	0.04	24.19
HG00159	0	0.01	0	0	0.3	0	0.37	1.24	0	0	0	0.01	0	0.07	25.0775
HG00108	0	0	0	0	1.06	0	0.69	0.21	0	0	0	0	0	0.04	23.23
NA19256	0	0	0	0	0.6	0	0.43	0.79	0	0	0	0.02	0	0.16	24.57
HG00111	0	0	0	0.03	0.99	0	0.23	0.69	0	0	0	0	0	0.06	23.76
HG00143	0	0	0	0	0.18	0	0.6	1.18	0	0	0	0	0	0.04	25.08
NA19119	0.98	0	0	0	0.98	0	0	0	0	0	0	0	0	0.04	19.18
NA12751	0	0	0	0.03	1.45	0	0.23	0.21	0	0	0	0	0	0.08	22.86
HG00121	0	0	0	0	0.98	0	0	0.98	0	0	0	0	0	0.04	24.08
NA20515	0	0	0	0.96	0.09	0	0.33	0.28	0	0	0	0.18	0	0.16	23.13
NA20512	0	0	0	0.01	0.59	0	1.09	0.22	0	0	0	0	0	0.09	23.79
NA06989	0	0	0	0	0.95	0	0.03	0.59	0	0	0	0	0	0.43	24.5
HG00281	0	0	0	0	0.01	0	0.67	1.27	0	0	0	0	0	0.05	25.36
HG00383	0	0	0	0	0.33	0	0.01	1.63	0	0	0	0	0	0.03	25.36
NA12716	0	0	0	0	0.98	0	0	0.98	0	0	0	0	0	0.04	24.08
NA12718	0	0	0	0	0.61	0	0.6	0.68	0	0	0	0	0	0.11	24.29
HG00137	0	0	0	0	0.51	0	1.45	0	0	0	0	0	0	0.04	23.57
NA20790	0	0	0	0.63	0.25	0	0.11	0.18	0	0	0	0	0	0.83	24.33
NA18489	0	0	0	0	0	0	0.87	1.09	0	0	0	0	0	0.04	25.17
HG00334	0	0	0	0	0.11	0	0.39	0.81	0	0	0.01	0.01	0.17	0.5	26.43
NA20803	0	0	0	0.02	0.32	0	0.47	0.98	0	0	0	0	0	0.21	25.04
NA11892	0	0	0	0.85	0.13	0	0.19	0.79	0	0	0	0	0	0.04	23.04
HG00232	0	0	0	0	1.36	0	0.05	0.06	0	0	0	0	0	0.53	23.76
HG00369	0	0	0	0	0.21	0	0.19	0.91	0	0	0.01	0	0.03	0.65	26.14
NA19152	0	0	0.01	0	1	0	0.92	0.03	0	0	0	0	0	0.04	23.08
NA07037	0	0.02	0	0	1.1	0	0.33	0.42	0	0	0	0	0	0.13	23.515
NA11831	0	0	0	0	0.88	0	0.31	0.78	0	0	0	0	0	0.03	23.96
HG00133	0	0	0	0	0.69	0	0.65	0.56	0	0	0	0	0	0.1	24.07
NA19248	0	0	0.01	0.22	0.03	0	0.06	1.64	0	0	0	0	0	0.04	25.22
NA11830	0	0	0	0	0.49	0	0.45	0.45	0	0	0	0	0	0.61	25.18
HG00126	0	0	0	0	0	0	0.98	0.95	0	0	0	0	0	0.07	25.09
NA20813	0	0	0	0	0.29	0	1.65	0.02	0	0	0	0	0	0.04	23.81
NA11994	0	0	0	0	1.95	0	0	0	0	0	0	0	0	0.05	22.15
NA19209	0	0	0	0	0.62	0	0.11	1.16	0	0	0	0	0	0.11	24.76
HG00255	0	0	0	0	0.16	0	0.17	0.75	0	0	0	0	0	0.92	26.43
NA19225	0.98	0	0	0	0	0	0	0.98	0	0	0	0	0	0.04	21.14
NA20532	0	0	0	0	0.5	0	1.16	0.29	0	0	0	0	0	0.05	23.89
NA18923	0	0	0.99	0.16	0.26	0	0.16	0.12	0.01	0	0	0	0	0.3	21.18
NA20812	0	0	0	0	0	0	0.58	1.31	0	0	0	0	0	0.11	25.53
HG00250	0	0	0	0	0.9	0	0.37	0.69	0	0	0	0	0	0.04	23.87
HG00256	0	0	0	0	0.62	0	0.98	0.36	0	0	0	0	0	0.04	23.82
HG00262	0	0	0	0	0	0	1.2	0.6	0	0	0	0	0	0.2	25.0
NA12348	0	0	0	0.98	0	0	0	0.33	0	0	0	0	0	0.69	23.75
NA18858	0	0	0	0.01	1.3	0	0.18	0.43	0	0	0	0.01	0	0.07	23.28
NA20754	0	0.02	0	0	1.16	0	0.47	0.27	0	0	0	0	0	0.08	23.205
NA12775	0	0	0	0	0	0	0	1.48	0	0	0	0	0	0.52	26.52
NA20510	0	0	0	0	1.05	0	0.71	0.08	0	0	0.01	0.02	0	0.13	23.37
NA11930	0	0	0	0	0.49	0	0.12	0.8	0	0	0	0	0	0.59	25.49
NA19138	0	0	0	0	0.01	0	1.17	0.59	0	0	0	0	0	0.23	25.04
NA18499	0	0	0	0	0.97	0	0.01	0.98	0	0	0	0	0	0.04	24.09
NA19093	0	0	0.98	0	0.98	0	0	0	0	0	0	0	0	0.04	20.16
HG00367	0	0	0	0	0.16	0	1.3	0.18	0	0	0	0	0	0.36	24.74
NA19108	0	0	0	0	0	0	1.93	0.02	0	0	0	0	0	0.05	24.12
NA19200	0	0	0.98	0	0	0	0.96	0.02	0	0	0	0	0	0.04	21.16
HG00278	0	0	0	0	0.98	0	0.64	0.3	0	0	0	0	0	0.08	23.48
HG00309	0	0	0	0	0.37	0	0.31	1.28	0	0	0	0	0	0.04	24.99
HG00139	0	0	0	0.48	0.5	0	0	0.98	0	0	0	0	0	0.04	23.6
NA19098	0	0	0	0	0.21	0	0.18	1.52	0	0	0	0.01	0	0.08	25.5
HG00271	0	0	0	0	1.91	0	0.02	0.03	0	0	0	0	0	0.04	22.2
NA20520	0	0	0	0	1.17	0	0.32	0.36	0	0	0	0.02	0	0.13	23.51
HG00246	0	0	0	0	0.72	0	0.13	0.47	0	0	0	0	0	0.68	25.11
NA12045	0	0	0	0	0.01	0	0	1.95	0	0	0	0	0	0.04	26.02
NA12889	0	0	0	0.01	0.96	0	0.98	0.01	0	0	0	0	0	0.04	23.11
HG00276	0	0	0	0	0	0	0.28	1.54	0	0	0	0	0	0.18	25.9
NA12830	0	0	0	0	0	0	0.01	0.99	0	0	0	0.01	0	0.99	27.0
NA18519	0	0	0	0	0.98	0	0	0.98	0	0	0	0	0	0.04	24.08
NA06984	0	0	0	0	0	0	0.01	1.95	0	0	0	0	0	0.04	26.03
HG00320	0	0	0	0	0.01	0	1.43	0.04	0	0	0	0	0	0.52	25.07
NA19223	0.98	0	0	0	0	0	0	0.98	0	0	0	0	0	0.04	21.14
NA19107	0	0	0	0	0	0	1.95	0	0	0	0	0	0	0.05	24.1
HG00382	0	0	0	0.11	1	0	0.12	0.74	0	0	0	0	0	0.03	23.58
HG00119	0	0	0	0	0.98	0	0	0	0	0	0	0	0	1.02	25.06
