	8.5	9.5	11.5	12.5	14.5	14.5	15.5	15.5	16.5	17.5	18.5	19.5	13.5	Beta
NA19131	0	0	0	0	0	0.88	0	0.07	0.02	0.01	0	0	1.02	28.12
NA19198	0	0	0.97	0.02	0	0.01	0	0.02	0	0	0	0	0.98	25.09
HG00273	0	0	0.01	0	0	0.86	0	0.03	0	0.98	0	0	0.12	31.82
HG00150	0	0	0	0.08	0	0.71	0	0.19	0.84	0.02	0	0	0.16	30.61
HG00145	0	0	0	0	0	0.9	0	0.39	0.53	0.05	0	0	0.13	30.47
HG00339	0	0	0	0	0	1.14	0	0.67	0.1	0	0	0	0.09	29.78
HG00102	0	0	0	0	0.02	0.32	0	0.52	0.05	0.02	0.04	0	1.03	28.81
NA18523	0	0	0.04	1.02	0	0.28	0	0.48	0.1	0.01	0	0	0.07	27.48
HG00346	0	0	0	0.01	0	0.15	0	0.03	0.01	0	0	0	1.8	27.23
NA12249	0	0	0	0	0	0.94	0	0.98	0.05	0	0	0	0.03	30.05
HG00266	0	0	0	0	0	0.28	0	1.01	0.54	0.06	0.02	0	0.09	31.26
NA12413	0	0	0	0	0	0.8	0	0.75	0.08	0.31	0	0	0.06	30.78
NA19236	0	0	0	0.98	0	0	0	0	0	0	0	0	1.02	26.02
NA20544	0	0	0	0	0	0.03	0	0.95	0.02	0	0	0	1.0	28.99
NA19204	0	0	0	0	0	1.96	0	0	0	0	0	0	0.04	28.96
HG00103	0	0	0	0	0	0.05	0	0.65	0.26	0.02	0	0	1.02	29.21
NA20582	0	0	0	0	0	0.05	0	0.04	0	0	0	0	1.91	27.13
NA19172	0	0	0.97	0.97	0	0.01	0	0.01	0	0	0	0	0.04	24.12
NA20815	0	0	0	0.01	0	0.41	0	0.1	0.02	0	0	0	1.46	27.66
HG00375	0	0	0	0	0	0.05	0	0.66	0.09	0.1	0.08	0	1.02	29.44
NA18933	0.02	0	0	0.03	0	0.29	0	0.08	0.04	0.03	0	0	1.51	27.56
HG00245	0	0	0	0	0	0.95	0	0.98	0	0	0	0	0.07	29.91
HG00319	0	0	0	0.02	0	0.83	0	0.27	0.02	0.04	0	0	0.82	28.57
NA12155	0	0	0	0	0	0.77	0	0.7	0.39	0	0	0	0.14	30.34
NA12749	0	0	0	0	0	0.98	0	0	0.98	0	0	0	0.04	30.92
HG00341	0	0	0	0	0	0.03	0	0.2	1.55	0.16	0	0	0.06	32.72
NA20771	0	0	0	0	0	0.06	0	0.85	0.49	0.57	0	0	0.03	32.51
NA20761	0	0	0	0	0	0	0	0.99	0.01	0.97	0	0	0.03	32.89
NA12341	0	0	0	0.02	0.01	0.58	0	0.24	0.05	0.02	0.01	0	1.07	28.33
HG00380	0	0	0	0	0	0.47	0	0.39	0.09	0	0	0	1.05	28.52
NA12763	0	0	0	0	0	1.04	0	0.19	0.71	0.03	0	0	0.03	30.67
NA18917	0	0	0	0	0	0	0	0	0	0	0	0	2.0	27.0
HG00116	0	0	0	0	0	1.91	0	0	0	0	0	0	0.09	28.91
HG00260	0	0	0	0.07	0	1.52	0	0.06	0.02	0	0	0	0.33	28.63
NA18907	0	0	0	1	0	0.19	0	0.03	0.01	0	0	0	0.77	26.28
NA20770	0	0	0.01	0.06	0	0.32	0	0.13	0	0	0	0	1.48	27.5
NA20807	0	0	0.02	0	0	0.27	0	1.32	0.09	0.01	0	0	0.29	30.18
NA20796	0	0	0	0	0	0.75	0	0.02	0.2	0	0	0	1.03	28.39
NA19160	0	0	0.98	0	0	0	0	0	0	0	0	0	1.02	25.04
NA20810	0	0	0	0.1	0	0.24	0	0.07	0.1	0	0	0	1.49	27.58
NA20787	0	0	0	0	0	0.64	0	0.37	0.93	0.01	0	0	0.05	31.21
NA07347	0	0	0	0.17	0	0.17	0	0	0.98	0	0	0	0.68	29.94
HG00101	0	0	0	0.02	0	1.09	0	0.03	0	0	0	0	0.86	28.13
HG00160	0	0	0	0.19	0	0.62	0	1	0.05	0	0	0	0.14	29.58
HG00251	0	0	0	0.05	0	0.54	0	0.01	0	0	0	0	1.4	27.51
HG00146	0	0	0	0.1	0	0.51	0	0.51	0.83	0.02	0	0	0.03	31.0
NA20819	0	0	0	0	0	0.73	0	0.24	0	0.98	0	0	0.05	32.13
NA12778	0	0	0	0	0	0.19	0	0.3	0.49	0	0	0	1.02	29.26
NA12890	0	0	0	0.02	0	1.68	0.01	0.08	0.02	0.01	0	0	0.18	28.94
NA20535	0	0	0	0.02	0	0.52	0	0.11	0.02	0	0	0	1.33	27.78
NA19116	0	0	0	0.98	0	0.98	0	0	0	0	0	0	0.04	27.0
NA20506	0	0	0	0	0	0.66	0	0.1	0.32	0.03	0	0	0.89	28.94
HG00330	0	0	0	0.95	0	0.02	0	0.05	0.92	0.02	0	0	0.04	29.01
HG00189	0	0	0	0	0	0.05	0	1.29	0.52	0.1	0	0	0.04	31.59
HG00233	0	0	0	0	0	0.75	0	1.03	0.14	0.03	0	0	0.05	30.35
NA12546	0	0	0	0.02	0	1.14	0	0.17	0.17	0.03	0	0	0.47	29.09
NA19129	0	0	0	0	0	0.98	0	0	0	0	0	0	1.02	27.98
NA20525	0	0	0	0.01	0	0.26	0	0.12	0.95	0.01	0	0	0.65	30.38
NA19144	0	0	0.01	0.02	0	0.25	0	1.11	0.03	0	0	0	0.58	29.52
NA12058	0	0	0	0	0	1.66	0	0.21	0.03	0	0	0	0.1	29.17
NA20516	0	0	0	0.97	0	0.03	0	0.7	0.23	0.02	0	0	0.05	28.23
NA20797	0	0	0	0.05	0	1.56	0	0.07	0.01	0	0	0	0.31	28.68
HG00178	0	0	0	0	0	0	0	0	0	0	0	0	2.0	27.0
NA11832	0	0	0	0	0	0.98	0	0	0	0	0	0	1.02	27.98
NA18520	0	0	0	0.01	0	1.52	0	0.19	0.12	0.03	0	0	0.13	29.37
HG00263	0	0	0	0	0	1	0	0.14	0.01	0	0	0	0.85	28.31
HG00127	0	0	0	0	0	0.19	0	0	0	0	0	0	1.81	27.19
HG00326	0	0	0	0	0	1.94	0	0.02	0	0	0	0	0.04	28.98
NA20531	0	0	0	0.01	0	0.71	0	0.35	0.13	0	0	0	0.8	28.79
HG00310	0	0	0	0	0	1.12	0	0.67	0.15	0.03	0	0	0.03	30.03
HG00378	0	0	0	0	0	0.67	0	1.24	0.02	0.04	0	0	0.03	30.37
NA12342	0	0	0	0	0	0.34	0	1.12	0.25	0	0	0	0.29	30.33
NA19206	0	0	0	0.07	0	0.41	0	0	0.85	0.13	0	0	0.54	30.41
NA20752	0	0	0	0	0	1.16	0	0.03	0.01	0.45	0	0	0.35	30.05
HG00157	0	0	0	0	0	0.97	0	0	0	0	0	0	1.03	27.97
HG00258	0	0	0	0.03	0	1.36	0	0.23	0.04	0.01	0	0	0.33	28.95
HG00177	0	0	0	0	0	0.02	0	0.1	1.82	0.02	0	0	0.04	32.76
HG00353	0	0	0	0	0	1.6	0	0.26	0.02	0.04	0	0	0.08	29.34
NA19114	0	0	0	0.52	0	0.98	0	0	0	0	0	0	0.5	27.46
HG00131	0	0	0	0.62	0	0.21	0	0.05	0	0	0	0	1.12	26.69
HG00372	0	0	0	0.07	0	0.05	0	0.02	0	0	0	0	1.86	27.02
NA19092	0	0	0	1	0	0.19	0	0.03	0.01	0	0	0	0.77	26.28
NA10847	0	0	0	0	0	1.03	0	0.64	0.24	0.04	0	0	0.05	30.19
HG00277	0	0	0	0	0	0.91	0	0.06	0	0	0	0	1.03	28.03
NA18510	0	0	0	0.02	0	0	0	0	0.95	0	0	0	1.03	29.83
NA12399	0	0	0	0.06	0	1.05	0	0	0	0	0	0	0.89	27.99
HG00327	0	0	0	0	0	0.35	0.01	0.43	0.36	0.7	0	0	0.15	32.11
NA19247	0	0	0	0	0	0.49	0	0.02	0.48	0	0	0	1.01	28.97
HG00332	0	0	0	0	0	0.29	0	0.66	0.98	0	0	0	0.07	31.55
NA18504	0	0	0	0.98	0	0	0	0	0.01	0.98	0	0	0.03	29.97
HG00252	0	0	0	0.02	0	0.93	0	0	0	0	0	0	1.05	27.91
HG00238	0	0	0	0	0	0.8	0	0.98	0.03	0.13	0.01	0	0.05	30.42
HG00342	0	0	0	0	0	0.98	0	0	0	0	0	0	1.02	27.98
NA20581	0	0	0	0	0.02	0.29	0	1.01	0.17	0.07	0.31	0	0.13	31.67
HG00268	0	0	0	0.03	0	0.4	0	0	0	0	0	0	1.57	27.37
HG00154	0	0	0	0.02	0	1.19	0	0.01	0	0	0	0	0.78	28.19
HG00371	0	0	0	0	0	0.69	0	0.79	0.39	0.05	0	0	0.08	30.64
NA18870	0	0	0	0	0	0	0	0.98	0.03	0.95	0	0	0.04	32.85
NA20505	0	0	0	0	0	0.79	0	0.81	0.09	0	0	0	0.31	29.68
NA20538	0	0	0	0	0	0.03	0	0.97	0.92	0.02	0	0	0.06	31.81
HG00182	0	0	0	0	0	0.98	0	0	0	0	0	0	1.02	27.98
NA19207	0	0	0.98	0	0	0	0	0	0	0	0	0	1.02	25.04
HG00373	0	0	0	0.25	0	0.02	0	0	0.01	0	0	0	1.72	26.8
NA20800	0	0	0	0	0	0.43	0	0.59	0	0	0	0	0.98	28.61
HG00151	0	0	0	0	0	1.49	0	0.33	0	0	0	0	0.18	29.15
NA11829	0	0	0	0	0	1.08	0	0.87	0.02	0	0	0	0.03	29.88
HG00324	0	0	0	0	0	0.01	0	0.05	0.02	0.89	0	0	1.03	30.73
HG00120	0	0	0	0	0	0.64	0	0.5	0.61	0.19	0	0	0.06	31.23
NA12828	0	0	0	0	0	1.7	0	0.26	0.01	0	0	0	0.03	29.25
NA12777	0	0	0	0.05	0	0.96	0	0.18	0	0	0	0	0.81	28.27
NA20539	0	0	0	0	0.02	0.13	0	0.72	0.07	1.02	0	0	0.04	32.88
NA19213	0	0	0	0.04	0	0.15	0	0.12	0.17	0.06	0	0	1.46	28.1
NA19147	0	0	0	0.98	0	0	0	0	0	0	0	0	1.02	26.02
HG00379	0	0	0	0	0	0.07	0	0.69	0.27	0.93	0	0	0.04	32.98
HG00158	0	0	0	0	0.02	0.06	0	1.1	0.36	0.02	0.16	0	0.28	31.24
HG00329	0	0	0	0	0	1.18	0	0.71	0.03	0.02	0	0	0.06	29.77
HG00344	0	0	0	0	0	0.29	0	0.65	0.05	0.01	0	0	1.0	28.78
NA11931	0	0	0	0	0	0.55	0	0.77	0.03	0.04	0	0	0.61	29.34
HG00142	0	0	0	0	0	1.03	0	0.88	0.01	0	0	0	0.08	29.82
HG00100	0	0	0	0	0	0.19	0	0.02	0	0	0	0	1.79	27.23
NA12843	0	0	0	0	0	0.02	0	0	0	0	0	0	1.98	27.02
NA18909	0	0	0	0	0	0.98	0	0	0	0	0	0	1.02	27.98
HG00243	0	0	0	0	0	0.02	0	0.22	0.69	0.05	0	0	1.02	29.73
NA20806	0	0	0	0.15	0	0.74	0	0.03	0	0	0	0	1.08	27.65
NA20768	0	0	0	0	0	1.02	0	0.01	0	0	0	0	0.97	28.04
HG00123	0	0	0	0	0	0.11	0	1.84	0	0	0	0	0.05	30.79
NA20529	0	0	0	0.14	0	0.84	0	0.22	0.15	0	0	0	0.65	28.59
HG00122	0	0	0	0	0	1.09	0	0.55	0.14	0	0	0	0.22	29.61
NA18853	0.01	0	0	0.02	0	0.2	0	1.47	0.16	0.01	0	0	0.13	30.59
NA19189	0	0	0.04	0.05	0	0.28	0	0.48	0.1	0.01	0	0	1.04	28.45
HG00148	0	0	0	0	0	0.35	0	0.34	0.28	0.01	0	0	1.02	28.91
HG00171	0	0	0	0	0	1.31	0	0.43	0.19	0	0	0	0.07	29.74
HG00331	0	0	0	0	0	0	0	0	0	0	0	0	2.0	27.0
HG00381	0	0	0	0	0.02	0.09	0.01	0.15	0.1	0.67	0	0	0.96	30.41
NA18856	0	0	0.97	0.02	0.01	0.41	0	0.25	0.17	0.04	0	0	0.13	26.63
HG00345	0	0	0	0	0	1.29	0	0.59	0.03	0.01	0	0	0.08	29.6
NA18861	0	0	0	0	0	0.98	0	0	0	0	0	0	1.02	27.98
HG00185	0	0	0	0	0	0.32	0	0.55	1.03	0.03	0	0	0.07	31.63
NA07051	0	0	0	0	0	0.98	0	0.03	0.96	0	0	0	0.03	30.92
NA20527	0	0	0.01	0.05	0.02	0.9	0.02	0.5	0.3	0.06	0	0	0.14	30.03
NA20783	0	0	0	0	0	0.98	0	0.07	0.88	0.03	0	0	0.04	30.88
NA19137	0	0	0	0.01	0.01	0.39	0	1.07	0.38	0.07	0	0	0.07	30.95
NA19201	0	0	0.05	1	0	0.22	0	0.57	0.1	0	0	0	0.06	27.56
NA18488	0	0	0	0.01	0	0.04	0	0.92	0.01	0	0	0	1.02	28.9
HG00311	0	0	0	0	0	1.03	0	0.03	0.49	0.42	0	0	0.03	31.24
HG00337	0	0	0	0	0	0.1	0	1.59	0.25	0.02	0	0	0.04	31.11
HG00257	0	0	0	0.08	0	0.11	0	0	0	0	0	0	1.81	27.03
HG00136	0	0	0	0	0	0.02	0	1.93	0.02	0	0	0	0.03	30.94
NA20826	0	0	0	0	0.02	0.07	0	0.34	0.03	0.52	0.01	0	1.01	29.99
NA20518	0	0	0	0.11	0	0.31	0	0.05	0.64	0.03	0	0	0.86	29.34
NA20786	0	0	0	0	0.01	0.5	0	0.32	0.12	0.07	0	0	0.98	28.79
NA20760	0	0	0	0	0.02	0.46	0	0.2	1.18	0.01	0	0	0.13	31.46
HG00114	0	0	0.03	0	0	0.69	0	0.01	0.01	0.01	0	0	1.25	27.72
HG00117	0	0	0	0.02	0	0.17	0	0.4	0.07	0.01	0	0	1.33	28.2
NA20534	0	0	0	0.04	0	0.22	0	0.32	0.23	0.24	0	0.02	0.93	29.59
NA20809	0	0	0	0.02	0	0.56	0	0.63	0.29	0	0	0	0.5	29.67
NA12273	0	0	0	0.02	0	0.13	0	1.06	0.08	0.64	0.03	0	0.04	32.18
NA20808	0	0	0	0	0	0.57	0	0.01	0.97	0.42	0	0	0.03	32.18
NA19197	0	0	0	0.42	0	0.13	0	0.02	0.3	0.13	0	0	1.0	28.17
NA11918	0	0	0	0.98	0	0	0	0	0	0	0	0	1.02	26.02
NA20509	0	0	0	0	0	0.99	0	0.01	0	0	0	0	1.0	28.01
NA20757	0	0	0	0.01	0	1.48	0	0.08	0.04	0	0	0	0.39	28.75
HG00125	0	0	0	0.02	0	1.04	0	0.37	0.13	0.07	0	0	0.37	29.43
NA11894	0	0	0	0	0	0.92	0	0.01	0.97	0	0	0	0.1	30.85
NA18517	0	0	0	0	0	0	0	0.98	0	0.98	0	0	0.04	32.88
NA20798	0	0	0	0.02	0	0.57	0	0.02	0	0	0	0	1.39	27.59
NA20588	0	0	0	0	0	0.01	0	1.05	0.8	0.1	0	0	0.04	31.91
HG00285	0	0	0	0	0	0.98	0	0	0.98	0	0	0	0.04	30.92
NA19153	0	0	0	0.03	0.01	1.38	0	0.25	0.17	0.04	0	0	0.12	29.53
NA20804	0	0	0	0.9	0	0.43	0	0.44	0.08	0	0	0	0.15	27.65
HG00306	0	0	0	0.11	0	0.05	0	0	0.98	0	0	0	0.86	29.88
NA19210	0	0	0	0	0	0.98	0	0	0	0	0	0	1.02	27.98
NA18908	0	0	0	0	0	0.96	0	0.01	0	0	0	0	1.03	27.98
NA20585	0	0	0	0	0	1.35	0	0.33	0.13	0.09	0	0	0.1	29.76
NA20543	0	0	0	0	0	1.17	0	0.01	0	0	0	0	0.82	28.19
NA20508	0	0	0	0.01	0.02	0.58	0	0.43	0.66	0.22	0.03	0	0.05	31.46
NA18916	0	0	0.98	0	0	0	0	0.98	0	0	0	0	0.04	27.0
NA20799	0	0	0	0	0	0.42	0	0.57	0	0	0	0	1.01	28.56
NA19235	0	0	0	0	0	0.98	0	0	0.01	0.98	0	0	0.03	31.93
HG00240	0	0	0	0	0	0.02	0	0	0	0	0	0	1.98	27.02
NA20765	0	0	0	0	0	0.81	0	0.16	0.98	0	0	0	0.05	31.07
NA18516	0	0	0	0	0	0.98	0	0	0	0	0	0	1.02	27.98
NA20801	0	0	0	0	0	0.45	0	1.4	0.02	0.07	0	0	0.06	30.59
NA18867	0	0	0	0	0	0	0	0.98	0	0	0	0	1.02	28.96
NA20524	0	0	0	0	0	0.38	0	0.15	0.89	0	0	0	0.58	30.35
HG00323	0	0	0	0	0	0.99	0	0.92	0.05	0	0	0	0.04	29.98
NA20589	0	0	0	0	0	0.69	0	0.34	0.17	0.01	0	0	0.79	28.92
NA11893	0	0	0	0	0	1.02	0	0	0	0	0	0	0.98	28.02
NA20502	0	0	0	0.02	0	0.21	0	0.44	0.68	0.58	0.01	0	0.06	32.48
HG00282	0	0	0	0	0	0.67	0	0.26	0.02	0.04	0	0	1.01	28.41
NA19171	0	0	0	1.04	0	0.02	0	0	0.26	0.13	0	0	0.55	27.28
NA12761	0	0	0	0	0	0.71	0	0.25	0	0.98	0	0	0.06	32.13
NA20795	0	0	0	0	0	0.86	0	0.73	0.05	0	0	0	0.36	29.47
NA19238	0	0	0	0	0	0.98	0	0.98	0	0	0	0	0.04	29.94
NA19159	0	0	0	0	0	0.98	0	0	0	0	0	0	1.02	27.98
HG00366	0	0	0	0	0.02	0.15	0.03	1.39	0.21	0.16	0	0	0.04	31.28
NA11992	0	0	0	0	0	1.03	0	0.12	0.18	0	0	0	0.67	28.81
HG00141	0	0	0	0	0	0.12	0	0.85	0.84	0.13	0	0	0.06	31.86
NA18873	0	0	0	0	0	0.24	0	1.72	0	0	0	0	0.04	30.68
HG00336	0	0	0	0	0	0.67	0	1.24	0.02	0.04	0	0	0.03	30.37
NA06994	0	0	0	0	0	0.89	0	0.05	0	0	0	0	1.06	27.99
NA19190	0	0	0	0.98	0	0	0	0	0	0	0	0	1.02	26.02
HG00186	0	0	0	0	0	1.26	0.01	0.26	0.2	0.04	0	0	0.23	29.56
NA20805	0	0	0	0	0	0.1	0	0.03	0	0	0	0	1.87	27.16
HG00325	0	0	0	0	0	0	0	0	0	0	0	0	2.0	27.0
NA20766	0	0.02	0	0.12	0	0.79	0	0.13	0.16	0	0	0	0.78	28.33
HG00183	0	0	0	0.02	0	0.22	0	0.23	0.02	0	0	0	1.51	27.72
NA12827	0	0	0	0.06	0	0.03	0	0.99	0	0	0	0	0.92	28.95
NA12400	0	0	0	0.54	0	0.14	0	0.04	0.97	0	0	0	0.31	29.59
NA12760	0	0	0	0	0	0.33	0	0.66	0.03	0	0	0	0.98	28.74
NA20540	0	0	0	0.01	0	1.21	0	0.23	0.24	0.03	0	0	0.28	29.5
NA20772	0.01	0	0	0.12	0	0.78	0	0.19	0.03	0.1	0	0	0.77	28.48
NA07056	0	0	0	0	0.49	0.43	0.32	0.53	0.09	0.01	0	0	0.13	29.93
NA12154	0	0	0	0	0	0.07	0	0.02	0.98	0	0	0	0.93	30.05
HG00149	0	0	0	0.05	0	0.55	0	0	0	0	0	0	1.4	27.5
NA18912	0	0	0	0.15	0	0.19	0	1.31	0.06	0.02	0	0	0.27	29.92
HG00343	0	0	0	0	0	0.13	0	0.95	0	0.88	0	0	0.04	32.55
NA19130	0	0	0	0	0	0.97	0	0.75	0.11	0.05	0	0	0.12	30.0
NA12286	0	0	0	0	0	0.52	0	0.99	0.09	0.33	0	0.03	0.04	31.27
NA12340	0	0	0	0.02	0	0.79	0	0.07	0.93	0	0	0	0.19	30.7
HG00118	0	0	0	0	0	1.93	0	0	0	0	0	0	0.07	28.93
HG00275	0	0	0	0	0	0.85	0	0.92	0.05	0	0	0	0.18	29.84
NA19143	0	0	0	0.98	0	0.98	0	0	0	0	0	0	0.04	27.0
HG00280	0	0	0	0	0	0.98	0	0	0	0	0	0	1.02	27.98
NA12383	0	0	0	0	0	0.83	0	0.2	0.91	0.02	0	0	0.04	31.04
NA12717	0	0	0	0	0	0	0	0.95	0.01	0.03	0	0	1.01	29.05
NA20814	0	0	0	0.05	0	0.33	0	0.69	0.11	0.05	0	0	0.77	29.19
NA18501	0	0	0	0.02	0	0	0	0	0.96	0.98	0	0	0.04	33.78
HG00231	0	0	0	0.12	0	0.49	0	0.89	0.03	0.01	0.02	0	0.44	29.38
HG00242	0	0	0	0.06	0.02	0.15	0.01	0.41	0.31	0.07	0	0	0.97	29.16
NA18486	0	0	0	0	0	0	0	0.98	0	0	0	0	1.02	28.96
HG00274	0	0	0	0.63	0	1.01	0	0.02	0	0	0	0	0.34	27.42
HG00335	0	0	0	0.95	0	0.04	0	0.02	0	0	0	0	0.99	26.13
HG00259	0	0	0	0	0	0.01	0	0.97	0	0	0	0	1.02	28.95
NA20530	0	0	0	0	0	0	0	1.96	0	0	0	0	0.04	30.92
HG00096	0	0	0	0	0	0.89	0	0	0	0	0	0	1.11	27.89
NA18871	0	0	0	0	0	0.01	0	0.02	0	0	0	0	1.97	27.05
NA20802	0	0	0	0	0	0.07	0	0.58	0.75	0.53	0	0	0.07	32.6
HG00236	0	0	0	0	0.02	0.11	0.01	1.58	0.16	0.08	0	0	0.04	31.11
NA11920	0	0	0	0	0	0.19	0	0	0	0	0	0	1.81	27.19
HG00239	0	0	0	0	0	0	0	0.98	0.98	0	0	0	0.04	31.9
HG00265	0	0	0	0	0	0.03	0	0.82	0.04	0.97	0	0	0.14	32.67
HG00115	0	0	0	0	0	0.02	0	0	0	0	0	0	1.98	27.02
HG00244	0	0	0	0.01	0	0.85	0	1.03	0.03	0.02	0	0	0.06	30.07
NA18868	0	0	0	0.32	0	0	0	0	0.2	0.1	0	0	1.38	27.68
HG00110	0	0	0	0	0	0	0	0	0	0	0	0	2.0	27.0
HG00181	0	0	0	0	0	1.04	0	0.05	0.01	0	0	0	0.9	28.17
HG00187	0	0	0	0	0	0.14	0	0.88	0	0	0	0	0.98	28.9
HG00188	0	0	0	0.06	0	0.02	0	0.98	0	0	0	0	0.94	28.92
NA20542	0	0	0	0	0	0.84	0	0.15	0	0	0	0	1.01	28.14
HG00264	0	0	0	0	0	0.9	0	0.72	0.07	0	0	0	0.31	29.55
HG00315	0	0	0	0	0	0.21	0	1.68	0.03	0.02	0	0	0.06	30.74
HG00376	0	0	0	0	0	0.01	0	1.95	0	0	0	0	0.04	30.91
NA20811	0	0	0	0.01	0.01	0.43	0.02	0.57	0.39	0.24	0.01	0	0.32	30.79
NA20785	0	0	0	0.05	0	0.55	0	0.85	0.29	0.03	0	0	0.23	30.19
HG00176	0	0	0	0	0	0.02	0	0.02	0	0	0	0	1.96	27.06
NA18507	0	0	0	0.98	0	0	0	0	0	0.98	0	0	0.04	29.94
HG00261	0	0	0.78	0	0	0.42	0	0.29	0.32	0.03	0	0	0.16	27.52
HG00179	0	0	0	0	0	1.32	0	0.1	0.02	0	0	0	0.56	28.58
NA12776	0	0	0	0	0	0	0	0.74	0.13	0	0	0	1.13	28.87
NA20758	0	0	0	0	0	1.8	0	0.09	0.03	0.01	0	0	0.07	29.11
NA18498	0	0	0.53	0.01	0	0	0	0.98	0	0	0	0	0.48	27.89
HG00321	0	0	0	0	0	1.91	0	0.02	0.02	0.01	0	0	0.04	29.05
HG00313	0	0	0	0	0	1.06	0	0.14	0.62	0.08	0.03	0	0.07	30.67
HG00174	0	0	0	0	0	0	0	0	0	0	0	0	2.0	27.0
NA12287	0	0	0	0	0	0.05	0	0.18	0	0	0.98	0	0.79	32.31
NA20756	0	0	0	0.05	0	0.61	0	0.12	0	0	0	0	1.22	27.8
HG00180	0	0	0	0.02	0	0.67	0	0.26	0.02	0.04	0	0	0.99	28.39
NA19257	0	0	0	0.02	0	0.25	0	0.1	0.03	0	0	0	1.6	27.52
HG00112	0	0	0	0	0	0.01	0	0.99	0.89	0	0.08	0	0.03	32.06
NA20586	0	0	0	0	0	1.04	0	0.16	0.61	0.11	0	0.01	0.07	30.69
NA12347	0	0	0.03	0.02	0	0.41	0	0.3	0.62	0.33	0	0	0.29	31.11
NA20517	0	0	0	0.14	0	0.93	0	0.06	0.01	0	0	0	0.86	27.94
HG00384	0	0	0	0	0.02	1.11	0.03	0.52	0.15	0.13	0	0	0.04	30.2
NA12283	0	0	0	0	0	1.09	0	0.07	0	0	0	0	0.84	28.23
NA11843	0	0	0	0	0	0.98	0	0	0	0	0	0	1.02	27.98
NA20778	0	0	0	0	0	1.69	0.01	0.23	0.02	0.01	0.01	0	0.03	29.32
NA20541	0	0	0	0	0.02	0.31	0.01	0.82	0.6	0.2	0	0	0.04	31.59
HG00267	0	0	0	1.62	0	0.34	0	0	0	0	0	0	0.04	25.72
NA19102	0	0	0	0	0	0.81	0	0.07	0.07	0.02	0	0	1.03	28.24
NA12272	0	0	0	0	0	0.97	0	0.04	0.95	0	0	0	0.04	30.9
NA19141	0	0	0.42	0.56	0	0	0	0.01	0	0	0	0	1.01	25.62
NA07048	0	0	0	0	0	0.07	0	0.44	0.47	0.02	0	0	1.0	29.44
NA20769	0	0	0	0.89	0	0.28	0	0.01	0	0	0	0	0.82	26.41
NA20773	0	0	0	0.01	0	0.35	0	0.24	0.37	0.03	0	0	1.0	29.05
HG00328	0	0	0	0.03	0.05	0.19	0.02	0.5	0.22	0.01	0	0	0.98	28.95
HG00106	0	0	0	0	0	1.35	0	0.49	0	0	0	0	0.16	29.33
HG00361	0	0	0	0.03	0	0.73	0	0.02	0	0	0	0	1.22	27.74
HG00253	0	0	0	0.07	0	0.2	0	1.52	0.08	0.02	0	0	0.11	30.49
HG00155	0	0	0	0	0	0.03	0	0	0	0	0	0	1.97	27.03
NA20792	0	0	0	0	0	1.84	0	0	0.12	0	0	0	0.04	29.2
NA20759	0	0	0	0	0	0	0	0.16	0.81	0.02	0	0	1.01	29.83
NA18934	0	0	0	0	0	1	0	0.88	0.07	0.01	0	0	0.04	30.01
NA11840	0	0	0	0	0	0.98	0	0.01	0	0	0	0	1.01	28.0
HG00109	0	0	0	0	0	1.57	0	0.39	0	0	0	0	0.04	29.35
NA18511	0	0	0	0.98	0	0.98	0	0	0	0	0	0	0.04	27.0
HG01334	0	0	0	0.1	0	1.32	0	0.06	0	0	0	0	0.52	28.34
NA12842	0	0	0	0	0	0.03	0	0	0.08	0.9	0	0	0.99	30.87
HG00338	0	0	0	0	0	0.98	0	0.07	0.04	0.02	0.01	0	0.88	28.37
HG00269	0	0	0	0	0	0.33	0	1.37	0.22	0.01	0	0	0.07	30.77
HG00173	0	0	0	0	0	0.15	0	0.32	1.25	0.1	0	0	0.18	31.94
NA06986	0	0	0	0	0	0.93	0	0.93	0.04	0.01	0	0	0.09	29.95
NA12003	0	0	0	0.07	0	0.14	0	0.22	0.76	0	0	0	0.81	29.79
NA20774	0	0	0	0.01	0	0.04	0	0	0	0	0	0	1.95	27.03
NA20828	0	0	0	0	0	0.45	0	0.73	0.04	0.02	0.01	0	0.75	29.16
HG00284	0	0	0	0	0	1.13	0	0.6	0.17	0.06	0	0	0.04	30.08
NA12750	0	0	0	0	0	0.97	0	0.01	0	0	0	0	1.02	27.99
NA18522	0	0	0	0.98	0	0	0	0	0	0	0	0	1.02	26.02
NA12275	0	0	0	0.03	0	0.64	0	0.07	0.02	0	0	0	1.24	27.81
NA20528	0	0	0	0	0	0	0	0	0	0	0	0	2.0	27.0
NA18910	0	0	0	0.98	0	0.15	0	0.12	0.06	0.01	0	0	0.68	26.63
HG00272	0	0	0	0.01	0	0.59	0	0.34	0.39	0.22	0.14	0	0.31	31.01
HG00138	0	0	0	0	0	1.14	0	0.39	0.41	0.01	0	0	0.05	30.19
HG00159	0	0	0.01	0.05	0	0.46	0	0.14	0.03	0	0	0	1.31	27.76
HG00108	0	0	0	0.02	0	0.84	0	0	0	0	0	0	1.14	27.82
NA19256	0	0	0	0	0	0.02	0	1.94	0	0	0	0	0.04	30.9
HG00111	0	0	0	0.01	0.93	0.46	0.05	0.15	0.02	0	0	0	0.38	28.84
HG00143	0	0	0	0	0	0.98	0	0	0.98	0	0	0	0.04	30.92
NA19119	0	0	0	0	0	0	0	0	0	0	0	0	2.0	27.0
NA12751	0	0	0	0	0	1.46	0	0	0	0	0	0	0.54	28.46
HG00121	0	0	0	0.02	0	1.05	0	0.43	0.42	0	0	0	0.08	30.15
NA20515	0	0	0	0.34	0.01	0.8	0	0.58	0.07	0.02	0	0	0.18	28.92
NA20512	0	0	0	0	0	1.26	0	0.05	0.26	0.01	0	0	0.42	29.18
NA06989	0	0	0	0	0	0.19	0	0.39	0.16	0.17	0	0	1.09	29.13
HG00281	0	0	0	0.05	0	1.53	0	0.05	0.03	0.02	0	0	0.32	28.75
HG00383	0	0	0	0.03	0	0.63	0	0.4	0.82	0.03	0	0	0.09	30.98
NA12716	0	0	0	0	0	0.62	0	0.87	0.12	0.07	0	0	0.32	30.0
NA12718	0	0	0	0	0	0.31	0	0.07	0	0	0	0	1.62	27.45
HG00137	0	0	0	0	0.21	0.16	0.1	0.88	0.6	0.01	0	0	0.04	31.17
NA20790	0.02	0	0.31	0.02	0	0.77	0	0.28	0.26	0	0	0	0.34	28.37
NA18489	0	0	0	0.98	0	0	0	0	0	0	0	0	1.02	26.02
HG00334	0	0	0	0	0	0.31	0	0.66	0.04	0.01	0	0	0.98	28.79
NA20803	0	0	0	0	0	0	0	0	0	0.98	0	0	1.02	30.92
NA11892	0	0	0	0	0	0	0	0.49	0.51	0.97	0	0	0.03	33.39
HG00232	0	0	0	0.07	0	0.2	0	0.57	0.06	0.02	0	0	1.08	28.53
HG00369	0	0	0	0	0	0.67	0	0.35	0.89	0.05	0	0	0.04	31.24
NA19152	0	0	1.51	0.07	0	0.07	0	0.02	0	0	0	0	0.33	24.02
NA07037	0	0	0	0	0	0.93	0	0.51	0.45	0	0	0	0.11	30.3
NA11831	0	0	0	0	0	1.55	0	0.15	0.04	0.02	0	0	0.24	29.05
HG00133	0	0	0	0.03	0	0.28	0	0.34	1.18	0.04	0	0	0.13	31.63
NA19248	0	0	0.07	0.04	0	0.88	0	0.85	0.12	0	0	0	0.04	29.76
NA11830	0	0	0	0.01	0	0.26	0	0.02	0	0	0	0	1.71	27.29
HG00126	0	0	0	0	0	1.67	0	0.2	0	0	0	0	0.13	29.07
NA20813	0	0	0	0.02	0	0.98	0	0.11	0	0	0	0	0.89	28.18
NA11994	0	0	0	0	0	1.47	0	0.27	0.22	0	0	0	0.04	29.67
NA19209	0	0	0	0	0	0.24	0	0.75	0	0.98	0	0	0.03	32.66
HG00255	0	0	0	0	0	0.02	0	1.94	0	0	0	0	0.04	30.9
NA19225	0	0	0	0.98	0	0	0	0	0	0	0	0	1.02	26.02
NA20532	0	0	0	0	0.01	0.19	0	0.68	0.52	0.51	0	0.02	0.07	32.28
NA18923	0	0	0	0	0	0.98	0	0	0	0	0	0	1.02	27.98
NA20812	0	0	0	0	0	0.66	0	0.39	0.59	0	0	0	0.36	30.21
HG00250	0	0	0	0	0	0.63	0	0.17	0.03	0	0	0	1.17	28.06
HG00256	0	0	0	0	0	1.08	0	0.21	0.27	0.01	0	0	0.43	29.35
HG00262	0	0	0	0	0	0.04	0	0.99	0.5	0	0	0	0.47	30.52
NA12348	0	0	0	0.05	0	0.15	0	0.87	0	0	0	0	0.93	28.84
NA18858	0	0	0	0.04	0	0.09	0	0.02	0.01	0	0	0	1.84	27.12
NA20754	0	0	0	0.24	0	0.67	0	0.35	0.35	0.12	0	0	0.27	29.66
NA12775	0	0	0	0	0	0.9	0	0.03	1	0	0	0	0.07	30.96
NA20510	0	0	0	0.01	0	0.59	0	1.22	0.01	0	0	0	0.17	30.05
NA11930	0	0	0	0.01	0	0.01	0	0.02	0.97	0	0	0	0.99	29.95
NA19138	0	0	0	0	0	0.98	0	0.98	0	0	0	0	0.04	29.94
NA18499	0	0	0.98	0	0	0	0	0	0	0	0	0	1.02	25.04
NA19093	0	0	0	0.02	0	0.24	0	0.91	0.08	0.01	0	0	0.74	29.32
HG00367	0	0	0	0	0	1.76	0	0.03	0	0	0	0	0.21	28.82
NA19108	0	0	0	1.96	0	0	0	0	0	0	0	0	0.04	25.04
NA19200	0	0	0	0.98	0	0	0	0	0	0	0	0	1.02	26.02
HG00278	0	0	0	0	0	1.8	0	0.04	0	0	0	0	0.16	28.88
HG00309	0	0	0	0.02	0	0.7	0	0.16	0.07	0.03	0	0	1.02	28.33
HG00139	0	0	0	0	0	0.91	0	0.73	0.01	0	0	0	0.35	29.4
NA19098	0	0.01	0	0.07	0	1.22	0	0.15	0.13	0.02	0	0	0.4	28.88
HG00271	0	0	0	0.56	0	0.52	0	0.02	0	0	0	0	0.9	27.0
NA20520	0	0	0	0.02	0.01	0.25	0	0.58	0.86	0.09	0	0	0.19	31.34
HG00246	0	0	0	0	0	1.31	0	0.2	0.2	0.05	0	0	0.24	29.51
NA12045	0	0	0	0	0	0.01	0	0.98	0	0	0	0	1.01	28.97
NA12889	0	0	0	0.15	0	0.98	0	0.03	0.01	0	0	0	0.83	27.92
HG00276	0	0	0	0	0	0	0	0	0	0	0	0	2.0	27.0
NA12830	0	0	0	0.96	0	0.9	0	0.09	0	0	0	0	0.05	27.12
NA18519	0	0	0	0	0	0.04	0	0.86	0.07	0.01	0	0	1.02	29.01
NA06984	0	0	0	0.02	0	0.16	0	0.99	0.01	0	0	0	0.82	29.15
HG00320	0	0	0	0	0	0.23	0	0.16	0.92	0.61	0	0	0.08	32.75
NA19223	0	0	0	0.03	0	0.21	0	0.05	0.02	0	0	0	1.69	27.34
NA19107	0	0	0	0.98	0	0	0	0	0.16	0.82	0	0	0.04	29.78
HG00382	0	0	0	0	0.02	0.19	0.02	0.3	1.23	0.1	0	0	0.14	31.94
HG00119	0	0	0	0	0	0.98	0	0	0	0	0	0	1.02	27.98
