	15	16	16	16	16.75	17	17	17	17.75	18	18	18	18	18	18	18.75	19	19	19	19	19	19.5	19.75	19.75	20	20	20	20	20	20	20	20	20.75	20.75	21	21	21	21	21	21	21	21	21	22	22	22	22	22	22	22	22	22	23	23	23	23	23	23	23	23	23	24	24	24	24	24	24	24	24	24	24	25	25	25	25	25	25	25	26	26	26	26	27	19	Beta
NA19131	0	0	0	0	0	0.81	0	0	0	0	0	0	0	0	0	0	0	0	0	0.03	0	0	0	0	0	0	0	0	0	0.02	0	0	0	0	0	0	0	0	0	0	0.86	0	0	0	0	0	0	0	0	0	0	0	0	0	0	0	0	0	0	0	0	0	0	0	0	0	0	0	0	0	0	0	0	0	0	0	0	0	0	0	0	0	0	0.28	38.12
NA19198	0.86	0	0.86	0	0	0	0	0	0	0	0	0	0	0	0	0	0	0	0	0	0	0	0	0	0	0	0	0	0	0	0	0	0	0	0	0	0	0	0	0	0	0	0	0	0	0	0	0	0	0	0	0	0	0	0	0	0	0	0	0	0	0	0	0	0	0	0	0	0	0	0	0	0	0	0	0	0	0	0	0	0	0	0	0.28	31.98
HG00273	0	0	0	0	0	0	0.87	0	0	0	0	0	0.86	0	0	0	0	0	0	0	0	0	0	0	0	0	0	0	0	0	0	0	0	0	0	0	0	0	0	0	0	0	0	0	0	0	0	0	0	0	0	0	0	0	0	0	0	0	0	0	0	0	0	0	0	0	0	0	0	0	0	0	0	0	0	0	0	0	0	0	0	0	0	0.27	35.4
HG00150	0	0	0	0	0	0	0.13	0	0	0	0	0	0.67	0	0	0	0	0	0	0.32	0	0	0	0	0	0	0	0	0	0.35	0	0	0	0	0	0	0	0	0	0	0	0.26	0	0	0	0	0	0	0	0	0	0	0	0	0	0	0	0	0	0	0	0	0	0	0	0	0	0	0	0	0	0	0	0	0	0	0	0	0	0	0	0	0	0.27	37.94
HG00145	0	0	0	0	0	0	0.06	0	0	0	0.51	0	1.12	0	0	0	0	0	0	0.03	0	0	0	0	0	0	0	0.01	0	0	0	0	0	0	0	0	0	0	0	0	0	0	0	0	0	0	0	0	0	0	0	0	0	0	0	0	0	0	0	0	0	0	0	0	0	0	0	0	0	0	0	0	0	0	0	0	0	0	0	0	0	0	0	0.27	36.26
HG00339	0.78	0	0.09	0	0	0	0.04	0	0	0	0	0	0.19	0	0	0	0	0	0	0.04	0	0	0	0	0	0	0	0	0	0.59	0	0	0	0	0	0	0	0	0	0	0	0	0	0	0	0	0	0	0	0	0	0	0	0	0	0	0	0	0	0	0	0	0	0	0	0	0	0	0	0	0	0	0	0	0	0	0	0	0	0	0	0	0	0.27	34.93
HG00102	0	0	0	0	0	0	0	0	0	0	0	0	0	0	0	0	0	0	0	0	0	0	0	0	0	0	0	0.01	0	0	0	0	0	0	0	0	0	0	0	0.09	0	0	0	0	0	0	0	0.86	0	0	0	0	0	0	0	0	0	0	0	0	0	0	0	0	0	0	0	0	0	0	0	0	0	0	0	0	0	0	0	0	0	0	0	1.04	40.77
NA18523	0	0	0	0	0	0	0.84	0	0	0	0	0	0.03	0	0	0	0	0	0	0	0	0	0	0	0	0	0.86	0	0	0	0	0	0	0	0	0	0	0	0	0	0	0	0	0	0	0	0	0	0	0	0	0	0	0	0	0	0	0	0	0	0	0	0	0	0	0	0	0	0	0	0	0	0	0	0	0	0	0	0	0	0	0	0	0.27	37.15
HG00346	0	0	0	0	0	0	0	0	0	0	0	0	0.87	0	0	0	0	0	0	0	0	0	0	0	0	0	0	0	0	0.03	0	0	0	0	0	0	0	0	0	0	0	0.55	0	0	0	0	0	0	0	0	0	0	0	0	0	0	0	0	0	0	0	0	0	0	0	0	0	0	0	0	0	0	0	0	0	0	0	0	0	0	0	0	0	0.55	38.26
NA12249	0	0	0	0	0	0	0	0	0	0	0	0	0	0	0	0.84	0	0	0	0.83	0	0	0	0.03	0	0	0	0.01	0	0.04	0	0	0	0	0	0	0	0	0	0	0	0	0	0	0	0	0	0	0	0	0	0	0	0	0	0	0	0	0	0	0	0	0	0	0	0	0	0	0	0	0	0	0	0	0	0	0	0	0	0	0	0	0	0.25	37.8625
HG00266	0	0	0	0	0	0	0.07	0	0	0	0	0	0.03	0	0	0	0	0	0	0.23	0	0	0	0	0	0	0	0.01	0	0.49	0	0	0	0	0	0	0	0.05	0	0	0	0	0	0	0	0	0	0	0	0	0	0	0	0	0	0	0.86	0	0	0	0	0	0	0	0	0	0	0	0	0	0	0	0	0	0	0	0	0	0	0	0	0	0	0.26	41.87
NA12413	0	0	0	0	0	0	0.01	0	0	0	0	0	0.02	0	0	0	0	0	0	0.01	0	0	0	0	0	0	0	0	0	0.02	0	0	0	0	0	0	0	0	0	0	0	0.01	0	0	0	0	0	0	0	0.85	0	0	0	0	0	0	0	0	0	0	0	0	0	0	0	0	0	0	0	0	0	0	0	0	0	0.01	0	0	0	0	0	0	0	1.07	40.61
NA19236	0.01	0	0.02	0	0	0	0.2	0	0	0	0.05	0	0.32	0	0	0	0	0	0	0.12	0	0	0	0	0	0	0	0.01	0.86	0.12	0	0	0	0	0	0	0	0	0	0	0	0.01	0	0	0	0	0	0	0	0	0	0	0	0	0	0	0	0	0	0	0	0	0	0	0	0	0	0	0	0	0	0	0	0	0	0	0	0	0	0	0	0	0	0.28	38.14
NA20544	0	0	0	0	0	0	0	0	0	0	0	0	0	0	0	0	0	0	0	0	0	0	0	0	0.02	0	0	0.37	0	0	0	0	0	0	0	0.13	0.19	0	0	0	0	0	0	0	0	0	0	0.29	0	0.01	0	0	0	0	0	0	0.37	0.01	0	0	0	0	0	0	0	0	0.34	0	0.02	0	0	0	0	0	0	0	0	0	0	0	0	0	0	0.25	43.25
NA19204	0	0	0	0	0	0	0	0	0	0	0	0	0.86	0	0	0	0	0	0	0	0	0	0	0	0	0	0	0.86	0	0	0	0	0	0	0	0	0	0	0	0	0	0	0	0	0	0	0	0	0	0	0	0	0	0	0	0	0	0	0	0	0	0	0	0	0	0	0	0	0	0	0	0	0	0	0	0	0	0	0	0	0	0	0	0.28	38.0
HG00103	0	0	0	0	0	0	0	0	0	0	0	0	0	0	0	0	0	0	0	0	0	0	0	0	0	0	0.01	0	0	0	0	0	0	0	0	0	0.06	0	0.62	0	0.01	0	0	0	0	0	0	0.42	0	0.62	0	0	0	0	0	0	0	0	0.01	0	0	0	0	0	0	0	0	0	0	0	0	0	0	0	0	0	0	0	0	0	0	0	0	0.25	42.55
NA20582	0	0	0	0	0	0	0	0	0	0	0	0	0	0	0	0	0	0	0	0	0	0	0	0	0	0	0	0	0	0	0	0	0	0	0	0	0.03	0	0	0	0	0	0	0	0	0	0	0.63	0	0	0	0	0	0	0.17	0	0.19	0	0	0	0	0	0	0.34	0	0.14	0	0	0	0	0	0	0	0.13	0	0	0	0	0.11	0	0	0	0	0.26	45.34
NA19172	0	0	0	0	0	0	0	0	0	0	0.01	0	0.86	0	0	0	0	0	0	0	0	0	0	0	0	0	0	0.86	0	0	0	0	0	0	0	0	0	0	0	0	0	0	0	0	0	0	0	0	0	0	0	0	0	0	0	0	0	0	0	0	0	0	0	0	0	0	0	0	0	0	0	0	0	0	0	0	0	0	0	0	0	0	0	0.27	37.99
NA20815	0	0	0	0	0	0	0	0	0	0	0	0	0	0	0	0	0	0	0	0	0	0	0	0	0.01	0	0	0	0	0	0	0	0	0	0	0	0.04	0	0.01	0	0	0	0	0	0	0	0	0.53	0	0.01	0	0	0	0	0	0	0.38	0	0	0	0	0	0	0.01	0	0.74	0	0	0	0	0	0	0	0	0	0	0	0	0	0	0	0	0	0.27	45.0
HG00375	0	0	0	0	0	0	0	0	0	0	0	0	0	0	0	0	0	0	0	0.86	0	0	0	0	0.86	0	0	0	0	0	0	0	0	0	0	0	0	0	0	0	0	0	0	0	0	0	0	0.01	0	0	0	0	0	0	0	0	0	0	0	0	0	0	0	0	0	0	0	0	0	0	0	0	0	0	0	0	0	0	0	0	0	0	0	0.27	38.89
NA18933	0.86	0	0	0	0	0	0	0.86	0	0	0	0	0	0	0	0	0	0	0	0	0	0	0	0	0	0	0	0	0	0	0	0	0	0	0	0	0	0	0	0	0	0	0	0	0	0	0	0	0	0	0	0	0	0	0	0	0	0	0	0	0	0	0	0	0	0	0	0	0	0	0	0	0	0	0	0	0	0	0	0	0	0	0	0.28	32.84
HG00245	0	0	0	0	0	0	0.09	0	0.01	0	0.03	0	0.03	0	0	0	0	0	0	0.11	0	0	0	0	0	0	0	1.03	0	0.17	0	0	0	0	0	0	0	0.01	0	0.06	0	0	0	0	0	0	0	0.01	0	0	0.01	0	0	0	0	0	0	0	0	0	0	0	0	0	0	0	0	0	0	0	0	0	0	0	0	0	0	0	0	0	0	0	0	0.44	39.1475
HG00319	0.38	0	0.02	0	0	0	0.13	0	0	0	0.01	0	0.21	0	0	0	0	0	0	0.71	0	0	0.02	0	0	0	0	0.04	0	0.12	0	0	0	0	0	0	0	0	0	0.01	0	0	0	0	0	0	0	0	0	0	0	0.01	0.07	0	0	0	0	0	0	0	0	0	0	0	0	0	0	0	0	0	0	0	0	0	0	0	0	0	0	0	0	0	0	0.27	36.445
NA12155	0	0	0.86	0	0	0	0	0	0	0	0	0	0	0	0	0	0	0	0	0	0	0	0	0	0	0	0	0	0	0	0	0	0	0	0	0	0	0	0	0	0	0	0	0	0	0	0	0	0	0	0	0	0	0	0	0	0	0.29	0	0	0	0	0	0	0	0	0.29	0	0	0	0	0	0	0	0	0	0	0	0	0	0.29	0	0	0.27	40.06
NA12749	0.86	0	0	0	0	0	0	0	0	0	0	0	0	0	0	0	0	0	0	0	0	0	0	0	0	0	0	0	0	0	0	0	0	0	0	0	0	0	0	0	0	0	0	0	0	0	0	0	0	0	0	0	0	0	0	0	0	0	0	0	0	0	0	0	0.86	0	0	0	0	0	0	0	0.01	0	0	0	0	0	0	0	0	0	0	0.27	38.92
HG00341	0	0	0	0	0	0	0	0	0.86	0	0	0	0	0	0	0	0	0	0	0	0	0	0	0	0	0	0	0	0	0	0	0	0	0	0	0	0	0	0	0	0	0	0	0	0	0	0	0	0	0	0	0	0	0	0	0	0	0	0	0	0	0	0	0	0	0	0	0	0	0	0	0	0	0	0	0	0	0.86	0	0	0	0	0	0.28	42.085
NA20771	0	0	0.48	0	0	0	0.08	0	0	0	0	0	0.25	0	0	0	0	0	0	0.01	0	0	0	0	0.12	0	0	0.01	0	0.06	0	0	0	0	0	0	0.24	0	0	0	0	0	0	0	0	0	0	0.32	0	0	0	0	0	0	0	0	0.2	0	0	0	0	0	0	0	0	0	0	0	0	0	0	0	0	0	0	0	0	0	0	0	0	0	0	0.23	38.58
NA20761	0	0	0	0	0	0	0	0	0	0	0	0	0.86	0	0	0	0	0	0	0	0	0	0	0	0	0	0	0	0	0	0	0	0	0	0	0	0	0	0	0	0	0	0	0	0	0	0	0.49	0	0	0	0	0	0	0	0	0.38	0	0	0	0	0	0	0	0	0	0	0	0	0	0	0	0	0	0	0	0	0	0	0	0	0	0	0.27	40.13
NA12341	0	0	0	0	0	0	0.05	0	0	0	0.01	0	0.11	0	0	0	0	0	0	0.27	0	0	0.06	0	0	0	0	0.02	0	0.3	0	0	0	0	0	0	0	0.02	0	0	0	0.01	0	0	0	0	0	0	0	0	0	0	0	0	0	0	0	0	0	0	0	0	0	0	0.86	0	0	0	0	0	0	0	0	0	0	0	0	0	0	0	0	0	0	0.29	42.505
HG00380	0	0	0	0	0	0	0.23	0	0	0	0.08	0	0.52	0	0	0	0	0	0	0.03	0	0	0	0	0	0	0	0	0	0	0	0	0	0	0	0	0	0	0	0	0	0	0	0	0	0	0	0	0	0	0	0	0	0	0	0	0	0	0	0	0	0	0	0	0	0	0	0	0	0	0	0	0	0	0	0	0	0.86	0	0	0	0	0	0.28	42.1
NA12763	0	0	0	0	0	0	1.64	0	0	0	0	0	0.08	0	0	0	0	0	0	0.01	0	0	0	0	0	0	0	0	0	0.01	0	0	0	0	0	0	0	0	0	0	0	0	0	0	0	0	0	0	0	0	0	0	0	0	0	0	0	0	0	0	0	0	0	0	0	0	0	0	0	0	0	0	0	0	0	0	0	0	0	0	0	0	0	0.26	34.65
NA18917	0	0	0	0	0	0	0	0	0	0	0	0	1.34	0	0	0	0	0	0	0	0	0	0	0	0	0	0	0	0	0.38	0	0	0	0	0	0	0	0	0	0	0	0	0	0	0	0	0	0	0	0	0	0	0	0	0	0	0	0	0	0	0	0	0	0	0	0	0	0	0	0	0	0	0	0	0	0	0	0	0	0	0	0	0	0.28	37.04
HG00116	0	0	0	0	0	0	0	0	0	0	0	0	0	0	0	0	0	0	0	0	0	0	0	0	0.06	0	0	0	0	0	0	0	0	0	0	0	0.86	0	0	0	0	0	0	0	0	0	0	0.43	0	0	0	0	0	0	0.04	0	0.26	0	0	0	0	0	0	0	0	0.01	0	0	0	0	0	0	0	0.06	0	0	0	0	0.02	0	0	0	0	0.26	42.82
HG00260	0	0	0	0	0	0	0	0	0	0	0	0	0	0	0	0	0	0	0	0	0	0	0	0	0.86	0	0	0	0	0	0	0	0	0	0	0	0.56	0	0	0	0	0	0	0	0	0	0	0.31	0	0	0	0	0	0	0	0	0	0	0	0	0	0	0	0	0	0	0	0	0	0	0	0	0	0	0	0	0	0	0	0	0	0	0	0.27	40.91
NA18907	0.01	0	0.01	0	0	0	0.07	0	0	0	0.41	0	1.12	0	0	0	0	0	0	0.06	0	0	0.01	0	0	0	0	0.02	0	0.03	0	0	0	0	0	0	0	0	0	0.02	0	0	0	0	0	0	0	0	0	0	0	0	0	0	0	0	0	0	0	0	0	0	0	0	0	0	0	0	0	0	0	0	0	0	0	0	0	0	0	0	0	0	0	0.24	36.3575
NA20770	0	0	0	0	0	0	0.02	0	0	0	0.01	0	0.84	0	0	0.86	0	0	0	0	0	0	0	0.01	0	0	0	0	0	0	0	0	0	0	0	0	0	0	0	0	0	0	0	0	0	0	0	0	0	0	0	0	0	0	0	0	0	0	0	0	0	0	0	0	0	0	0	0	0	0	0	0	0	0	0	0	0	0	0	0	0	0	0	0.26	36.9025
NA20807	0	0	0	0	0	0	0	0	0	0	0	0	0	0	0	0	0	0	0	0	0	0	0	0	0.07	0	0	0.17	0	0	0	0	0	0	0	0	0.02	0	0	0.6	0	0	0	0	0	0	0	0.19	0	0	0.08	0	0	0	0.13	0	0.16	0	0	0	0	0	0	0	0	0.17	0	0	0	0	0	0	0	0.08	0	0	0	0	0.06	0	0	0	0	0.27	43.2
NA20796	0	0	0	0	0	0	0	0	0	0	0	0	0.86	0	0	0	0	0	0	0	0	0	0	0	0	0	0.01	0	0	0	0	0	0	0	0	0	0.01	0	0.01	0	0	0	0	0	0	0	0	0.65	0	0.01	0	0	0	0	0	0	0.11	0	0	0	0	0	0	0.08	0	0	0	0	0	0	0	0	0	0	0	0	0	0	0	0	0	0	0	0.26	40.01
NA19160	0	0	0.09	0	0	0.55	0.06	0	0.01	0	0	0	0.89	0	0	0.01	0	0	0	0.1	0	0	0	0	0	0	0	0.01	0	0.01	0	0	0	0	0	0	0	0	0	0.01	0	0.01	0	0	0	0	0	0	0	0	0	0	0	0	0	0	0	0	0	0	0	0	0	0	0	0	0	0	0	0	0	0	0	0	0	0	0	0	0	0	0	0	0	0.25	35.665
NA20810	0	0	0	0	0	0	0	0	0	0	0	0	0	0	0	0	0	0	0	0	0	0	0	0	0	0	0.13	0	0	0	0	0	0	0	0	0	0.01	0	0.27	0	0.03	0	0	0	0	0	0	0.06	0	0.27	0	0	0	0	0	0	0	0	0.04	0	0.03	0	0	0	0	0.02	0.86	0.03	0	0	0	0	0	0	0	0	0	0	0	0	0	0	0	0.25	44.57
NA20787	0	0	0	0	0	0	0.86	0	0	0	0.34	0	0.52	0	0	0	0	0	0	0	0	0	0	0	0	0	0	0	0	0	0	0	0	0	0	0	0	0	0	0	0	0	0	0	0	0	0	0	0	0	0	0	0	0	0	0	0	0	0	0	0	0	0	0	0	0	0	0	0	0	0	0	0	0	0	0	0	0	0	0	0	0	0	0.28	35.42
NA07347	0.86	0	0	0	0	0	0	0	0	0	0	0	0.65	0	0	0	0	0	0	0.21	0	0	0	0	0	0	0	0	0	0	0	0	0	0	0	0	0	0	0	0	0	0	0	0	0	0	0	0	0	0	0	0	0	0	0	0	0	0	0	0	0	0	0	0	0	0	0	0	0	0	0	0	0	0	0	0	0	0	0	0	0	0	0	0.28	33.91
HG00101	0	0	0	0	0	0	0.65	0	0	0	0.01	0	0.15	0	0	0	0	0	0	0.01	0	0	0.04	0	0	0	0	0.02	0	0.87	0	0	0	0	0	0	0	0	0	0	0	0	0	0	0	0	0	0	0	0	0	0	0	0	0	0	0	0	0	0	0	0	0	0	0	0	0	0	0	0	0	0	0	0	0	0	0	0	0	0	0	0	0	0.25	37.46
HG00160	0	0	0	0	0	0	0.08	0	0	0	0	0	0.08	0	0	0	0	0	0	0.7	0	0	0	0	0	0	0	0.01	0	0.01	0	0	0	0	0	0	0	0	0	0	0	0	0	0	0	0	0	0	0	0	0	0	0	0	0	0	0.86	0	0	0	0	0	0	0	0	0	0	0	0	0	0	0	0	0	0	0	0	0	0	0	0	0	0	0.26	41.22
HG00251	0	0	0	0	0	0	0.35	0	0.01	0	0	0	0.02	0.49	0	0.74	0	0	0	0.01	0	0	0	0.12	0	0	0	0	0	0	0	0	0	0	0	0	0	0	0	0	0	0	0	0	0	0	0	0	0	0	0	0	0	0	0	0	0	0	0	0	0	0	0	0	0	0	0	0	0	0	0	0	0	0	0	0	0	0	0	0	0	0	0	0.26	36.6825
HG00146	0	0	0	0	0	0	0	0	0	0	0	0	0	0	0	0	0	0	0	0	0	0	0	0	0	0	0.07	0	0	0	0	0	0	0	0	0	0.65	0	0.54	0	0.03	0	0	0	0	0	0	0.2	0	0.13	0	0	0	0	0	0	0.01	0	0.01	0	0	0	0	0	0	0	0	0.09	0	0	0	0	0	0	0	0	0	0	0.01	0	0	0	0	0.26	42.1
NA20819	0	0	0	0	0	0	0.02	0	0	0	0.29	0	0.25	0	0	0	0	0	0	0.3	0	0	0	0	0	0	0	0.01	0	0.01	0	0	0	0	0	0	0	0	0	0	0	0	0	0	0	0	0	0.85	0	0	0	0	0	0	0	0	0.01	0	0	0	0	0	0	0	0	0	0	0	0	0	0	0	0	0	0	0	0	0	0	0	0	0	0	0.26	40.03
NA12778	0	0	0	0	0	0	0.17	0	0	0	0	0	0.63	0.02	0	0	0	0	0	0.73	0	0	0	0	0	0	0	0	0	0.18	0	0	0	0	0	0	0	0	0	0	0	0	0	0	0	0	0	0	0	0	0	0	0	0	0	0	0	0	0	0	0	0	0	0	0	0	0	0	0	0	0	0	0	0	0	0	0	0	0	0	0	0	0	0.27	37.19
NA12890	0	0	0	0	0	0	0	0	0	0	0	0	0	0	0	0	0	0	0	0.92	0	0	0	0	0	0	0	0.7	0	0.11	0	0	0	0	0	0	0	0	0	0	0	0	0	0	0	0	0	0	0	0	0	0	0	0	0	0	0	0	0	0	0	0	0	0	0	0	0	0	0	0	0	0	0	0	0	0	0	0	0	0	0	0	0	0.27	38.81
NA20535	0	0	0	0	0	0	0	0	0	0	0	0	0	0	0	0.81	0	0	0	0	0	0	0	0	0	0	0	0.25	0	0	0	0	0	0	0	0	0	0	0	0.44	0	0	0	0	0	0	0	0	0	0	0.07	0	0	0	0	0	0	0	0	0	0	0	0	0	0	0	0	0	0	0	0	0	0	0	0	0	0	0	0	0	0	0	0	0.43	39.1375
NA19116	0	0	0	0	0	0	0	0	0	0	0	0	0.86	0.77	0	0	0	0	0	0	0	0	0	0	0	0	0	0	0.1	0.01	0	0	0	0	0	0	0	0	0	0	0	0	0	0	0	0	0	0	0	0	0	0	0	0	0	0	0	0	0	0	0	0	0	0	0	0	0	0	0	0	0	0	0	0	0	0	0	0	0	0	0	0	0	0.26	36.48
NA20506	0	0	0	0	0	0	0.01	0	0	0	0.01	0	0.84	0	0	0	0	0	0	0	0	0	0	0	0	0	0	0.05	0	0	0	0	0	0	0	0	0	0	0	0.76	0	0	0	0	0	0	0	0	0	0	0.03	0	0	0	0	0	0	0	0	0	0	0	0	0	0	0	0	0	0	0	0	0	0	0	0	0	0	0	0	0	0	0	0	0.3	38.79
HG00330	0	0	0.01	0	0	0	0.89	0	0	0	0.02	0	0.13	0	0	0	0	0	0	0.32	0	0	0.04	0	0	0	0	0.12	0	0.12	0	0	0	0	0	0	0	0.01	0	0.07	0	0.02	0	0	0	0	0	0	0	0	0	0	0	0	0	0	0	0	0	0	0	0	0	0	0	0	0	0	0	0	0	0	0	0	0	0	0	0	0	0	0	0	0	0.25	36.51
HG00189	0	0	0	0	0	0	0	0	0	0	0	0	0	0	0	0	0	0	0	0	0	0	0	0	0.86	0	0	0	0	0	0	0	0	0	0	0	0.86	0	0	0	0	0	0	0	0	0	0	0	0	0	0	0	0	0	0	0	0	0	0	0	0	0	0	0	0	0	0	0	0	0	0	0	0	0	0	0	0	0	0	0	0	0	0	0.28	40.58
HG00233	0	0	0.01	0	0	0	0.79	0	0	0	0	0.11	0.04	0	0	0	0	0	0	0.01	0	0	0	0	0	0	0	0	0.5	0.01	0	0	0	0	0	0	0	0	0.26	0	0	0	0	0	0	0	0	0	0	0	0	0	0	0	0	0	0	0	0	0	0	0	0	0	0	0	0	0	0	0	0	0	0	0	0	0	0	0	0	0	0	0	0	0.27	37.27
NA12546	0	0	0	0	0	0	0.02	0	0	0	0	0	0.02	0	0	0	0	0	0	0.01	0	0	0	0	0	0	0	0.28	0	0.82	0	0	0	0	0	0	0	0	0	0.31	0	0	0	0	0	0	0	0	0	0	0.09	0	0	0	0	0	0	0	0	0	0	0	0	0	0	0	0	0	0	0	0	0	0	0	0	0	0	0	0	0	0	0	0	0.45	39.93
NA19129	0	0	0.11	0	0	0.43	0.06	0	0.02	0	0.01	0	0.8	0	0	0.01	0	0	0	0.16	0	0	0	0	0	0	0	0.01	0	0.12	0	0	0	0	0	0	0	0	0	0.01	0	0.01	0	0	0	0	0	0	0	0	0	0	0	0	0	0	0	0	0	0	0	0	0	0	0	0	0	0	0	0	0	0	0	0	0	0	0	0	0	0	0	0	0	0.25	36.0225
NA20525	0.02	0	0	0	0	0	0.65	0	0	0	0	0	0.02	0	0	0	0	0	0	0.02	0	0	0	0	0	0	0	0	0	0	0	0	0	0	0	0	0.16	0	0	0	0	0	0	0.02	0	0.01	0	0.77	0	0.01	0	0	0.02	0	0.01	0	0.02	0	0	0	0	0	0.01	0	0	0.02	0	0	0	0	0	0	0	0.01	0	0	0	0	0.01	0	0	0	0	0.22	39.83
NA19144	0.01	0	0	0	0	0	0	0	0	0	0.84	0	0	0.86	0	0	0	0	0	0	0	0	0	0	0	0	0	0	0	0	0	0	0	0	0	0	0	0	0	0	0	0	0	0	0	0	0	0	0	0	0	0	0	0	0	0	0	0	0	0	0	0	0	0	0	0	0	0	0	0	0	0	0	0	0	0	0	0	0	0	0	0	0	0.29	36.26
NA12058	0	0	0	0	0	0	0	0	0	0	0	0.01	0.86	0	0	0	0	0	0	0.01	0	0	0	0	0	0	0.02	0	0.03	0	0	0	0	0	0	0	0.39	0	0.09	0	0.01	0	0	0	0	0	0	0.03	0	0.11	0	0	0	0	0	0	0.14	0	0.02	0	0	0	0	0	0	0.05	0	0	0	0	0	0	0	0	0	0	0	0	0	0	0	0	0	0.23	39.47
NA20516	0	0	0	0	0	0	0.17	0	0.01	0	0	0	0.17	0.01	0	0.01	0	0	0	0.49	0	0	0	0	0	0	0	0.87	0	0	0	0	0	0	0	0	0	0	0	0	0	0	0	0	0	0	0	0	0	0	0	0	0	0	0	0	0	0	0	0	0	0	0	0	0	0	0	0	0	0	0	0	0	0	0	0	0	0	0	0	0	0	0	0.27	38.335
NA20797	0	0	0.21	0	0	0	0.43	0	0	0	0	0	0.76	0.06	0	0	0	0	0	0.17	0	0	0	0	0	0	0	0	0	0.11	0	0	0	0	0	0	0	0	0	0	0	0	0	0	0	0	0	0	0	0	0	0	0	0	0	0	0	0	0	0	0	0	0	0	0	0	0	0	0	0	0	0	0	0	0	0	0	0	0	0	0	0	0	0.26	35.8
HG00178	0	0	0	0	0	0	0	0	0	0	0.52	0	0	0	0	0	0	0	0	0	0	0	0	0	0.86	0	0	0	0	0	0	0	0	0	0	0	0	0	0	0	0	0	0	0	0	0	0	0.01	0	0	0	0	0	0	0	0	0	0	0	0	0	0	0	0	0	0	0	0	0	0	0	0	0	0	0	0	0	0	0	0	0	0	0	0.61	38.37
NA11832	0	0	0	0	0	0	0	0	0	0	0	0	0	0	0	0	0	0	0	0	0.86	0	0	0	0	0	0	0	0	0	0	0	0	0	0	0	0.86	0	0	0	0	0	0	0	0	0	0	0	0	0	0	0	0	0	0	0	0	0	0	0	0	0	0	0	0	0	0	0	0	0	0	0	0	0	0	0	0	0	0	0	0	0	0	0.28	39.72
NA18520	0	0	0	0	0	0	0	0	0	0	0	0	0.87	0	0	0	0	0	0	0	0	0	0	0	0	0	0	0.01	0	0	0	0	0	0	0	0	0	0.7	0.02	0.07	0.07	0	0	0	0	0	0	0	0	0	0	0	0	0	0	0	0	0	0	0	0	0	0	0	0	0	0	0	0	0	0	0	0	0	0	0	0	0	0	0	0	0	0	0.26	38.86
HG00263	0	0	0	0	0	0	0.01	0	0	0	0	0	0	0.86	0	0	0	0	0	0	0	0	0	0	0	0	0	0	0	0	0	0	0	0	0	0	0	0	0	0	0	0	0	0	0	0	0	0	0	0	0	0	0	0	0	0	0.86	0	0	0	0	0	0	0	0	0	0	0	0	0	0	0	0	0	0	0	0	0	0	0	0	0	0	0.27	40.56
HG00127	0	0	0.01	0	0	0	0.12	0	0.01	0	0.01	0	0.11	0	0	0	0	0	0	0.33	0	0	0.01	0	0	0	0	0.18	0	0.03	0	0	0	0	0	0	0.02	0	0	0.01	0	0	0	0	0	0	0	0	0	0.08	0	0	0	0	0	0	0.85	0	0	0	0	0	0	0	0	0	0	0	0	0	0	0	0	0	0	0	0	0	0	0	0	0	0	0.23	41.515
HG00326	0	0	0	0	0	0	0.86	0	0	0	0	0	0.01	0	0	0	0	0	0	0	0	0	0	0	0	0	0.2	0	0	0	0	0	0	0	0	0	0.01	0	0	0	0	0	0	0	0	0	0	0.62	0	0	0	0	0	0	0	0	0.04	0	0	0	0	0	0	0	0	0.01	0	0	0	0	0	0	0	0	0	0	0	0	0	0	0	0	0	0.25	38.56
NA20531	0	0	0	0	0	0.02	0.05	0	0.11	0	0.01	0	1.07	0	0	0.09	0	0	0	0.04	0	0	0	0.01	0	0	0	0.05	0	0.02	0	0	0	0	0	0	0	0	0	0.02	0	0	0	0	0	0	0	0	0.08	0	0	0	0	0	0	0	0	0.04	0	0.02	0	0	0	0	0	0	0.07	0	0	0	0	0	0	0	0	0	0.01	0	0	0	0.02	0	0	0.27	37.7675
HG00310	0	0	0	0	0	0	1.35	0	0	0	0.01	0	0.32	0	0	0	0	0	0	0.05	0	0	0	0	0	0	0	0	0	0	0	0	0	0	0	0	0	0	0	0	0	0	0	0	0	0	0	0	0	0	0	0	0	0	0	0	0	0	0	0	0	0	0	0	0	0	0	0	0	0	0	0	0	0	0	0	0	0	0	0	0	0	0	0.27	34.97
HG00378	0.86	0	0.86	0	0	0	0	0	0	0	0	0	0	0	0	0	0	0	0	0	0	0	0	0	0	0	0	0	0	0	0	0	0	0	0	0	0	0	0	0	0	0	0	0	0	0	0	0	0	0	0	0	0	0	0	0	0	0	0	0	0	0	0	0	0	0	0	0	0	0	0	0	0	0	0	0	0	0	0	0	0	0	0	0.28	31.98
NA12342	0	0	0	0	0	0	0	0	0	0	0	0	0	0	0	0	0	0	0	0	0	0	0	0	0.08	0	0.06	0	0	0	0	0	0	0	0	0	0.3	0	0.32	0	0.06	0	0	0	0	0	0	0.25	0	0.3	0	0	0	0	0	0	0.26	0	0.01	0	0	0	0	0	0	0	0	0.11	0	0	0	0	0	0	0	0	0	0	0	0	0	0	0	0.25	42.78
NA19206	0	0	0	0	0	0	0	0	0	0	0.86	0	0	0.47	0	0	0	0	0	0	0.4	0	0	0	0	0	0	0	0	0	0	0	0	0	0	0	0	0	0	0	0	0	0	0	0	0	0	0	0	0	0	0	0	0	0	0	0	0	0	0	0	0	0	0	0	0	0	0	0	0	0	0	0	0	0	0	0	0	0	0	0	0	0	0.27	36.67
NA20752	0	0	0	0	0	0	0	0	0.01	0	0	0	0	0	0	0.65	0	0	0	0	0	0	0	0.16	0.83	0	0	0.05	0	0	0	0	0	0	0	0	0.01	0	0	0	0	0	0	0	0	0	0	0.02	0	0	0	0	0	0	0	0	0	0	0	0	0	0	0	0	0	0	0	0	0	0	0	0	0	0	0	0	0	0	0	0	0	0	0	0.27	38.905
HG00157	0	0	0.04	0	0	0	0.1	0	0.01	0	0.01	0	1.1	0	0	0	0	0	0	0.4	0	0	0	0	0	0	0	0	0	0.09	0	0	0	0	0	0	0	0	0	0	0	0	0	0	0	0	0	0	0	0	0	0	0	0	0	0	0	0	0	0	0	0	0	0	0	0	0	0	0	0	0	0	0	0	0	0	0	0	0	0	0	0	0	0.25	36.6475
HG00258	0	0	0	0	0	0.03	0.3	0	0.35	0	0.02	0	0.09	0	0	0.12	0	0	0	0.48	0	0	0	0.02	0	0	0	0.06	0	0.15	0	0	0.01	0.01	0	0	0	0	0	0.07	0	0.01	0	0	0	0	0	0	0	0	0.01	0	0	0	0	0	0	0	0	0	0	0	0	0	0	0	0	0	0	0	0	0	0	0	0	0.01	0	0	0	0	0	0	0	0.26	37.2725
HG00177	0	0	0	0	0	0	0.09	0	0	0	0	0	0.74	0	0	0.03	0	0	0	0	0	0	0	0	0	0	0	0	0	0	0	0.17	0	0	0.01	0	0	0	0	0	0	0	0	0	0	0.7	0	0	0	0	0	0	0	0	0	0	0	0	0	0	0	0	0	0	0	0	0	0	0	0	0	0	0	0	0	0	0	0	0	0	0	0	0	0.26	39.3625
HG00353	0	0	0	0	0	0	0	0	0	0	0	0	0	0	0	0	0	0	0	0.02	0	0	0	0	0	0	0	0.75	0	0	0	0	0	0	0	0	0	0.02	0	0.06	0	0	0	0	0	0	0	0	0.4	0	0	0	0	0	0	0	0	0.31	0	0	0	0	0	0	0	0	0.16	0	0	0	0	0	0	0	0	0	0	0	0	0	0	0	0	0.28	42.15
NA19114	0	0	0	0	0	0	0	0	0.01	0	0	0	0.01	0.24	0	0	0	0	0	0.01	0.59	0	0	0	0.01	0	0.01	0	0	0.01	0	0	0	0	0	0	0.15	0	0.03	0	0.08	0	0	0	0	0	0	0.29	0	0.01	0	0	0	0	0	0	0.28	0	0	0	0	0	0	0.05	0	0.01	0	0	0	0	0	0	0	0	0.01	0	0	0	0	0	0	0	0	0.2	40.6675
HG00131	0.56	0	0.3	0	0	0	0	0	0	0	0	0	0	0	0	0	0	0	0	0	0	0	0	0	0	0	0.06	0	0	0	0	0	0	0	0	0	0	0	0.39	0	0.01	0	0	0	0	0	0	0	0	0.3	0	0	0	0	0	0	0	0	0.01	0	0	0	0	0	0	0	0	0.11	0	0	0	0	0	0	0	0	0	0	0	0	0	0	0	0.26	37.21
HG00372	0	0	0	0	0	0	0.07	0	0	0	0.1	0	0.88	0	0	0	0	0	0	0.6	0	0	0	0	0	0	0	0	0	0.07	0	0	0	0	0	0	0	0	0	0	0	0	0	0	0	0	0	0	0	0	0	0	0	0	0	0	0	0	0	0	0	0	0	0	0	0	0	0	0	0	0	0	0	0	0	0	0	0	0	0	0	0	0	0.28	36.95
NA19092	0	0	0	0.86	0	0	0	0	0	0	0	0	0.65	0	0	0	0	0	0	0	0	0	0	0	0	0	0	0	0	0.22	0	0	0	0	0	0	0	0	0	0	0	0	0	0	0	0	0	0	0	0	0	0	0	0	0	0	0	0	0	0	0	0	0	0	0	0	0	0	0	0	0	0	0	0	0	0	0	0	0	0	0	0	0	0.27	34.99
NA10847	0	0	0	0	0	0	0.01	0	0	0	0	0	1.65	0	0	0	0	0	0	0.01	0	0	0	0	0	0	0	0.01	0	0	0	0	0	0	0	0	0	0	0	0.06	0	0	0	0	0	0	0	0	0	0	0	0	0	0	0	0	0	0	0	0	0	0	0	0	0	0	0	0	0	0	0	0	0	0	0	0	0	0	0	0	0	0	0	0.26	36.46
HG00277	0	0	0	0	0	0	0.86	0	0	0	0	0	0	0	0	0	0	0	0	0.05	0	0	0	0	0	0	0	0.6	0	0	0	0	0	0	0	0	0	0	0	0.16	0	0	0	0	0	0	0	0	0	0	0.03	0	0	0	0	0	0	0	0	0	0	0	0	0	0	0	0	0	0	0	0	0	0	0	0	0	0	0	0	0	0	0	0	0.3	37.29
NA18510	0	0	0	0.01	0	0	0.41	0	0	0	0	0	0.18	0.91	0	0	0	0.02	0	0.08	0.02	0	0	0	0	0	0	0.03	0	0.04	0	0	0	0	0	0	0	0.02	0	0	0	0	0	0	0	0	0	0	0.01	0	0	0	0	0	0	0	0	0	0	0	0	0	0	0	0	0	0	0	0	0	0	0	0	0	0	0	0	0	0	0	0	0	0	0.27	36.2
NA12399	0	0	0	0	0	0	0.86	0	0	0	0	0	0	0	0	0	0	0	0	0	0	0	0	0	0	0	0	0	0	0	0	0	0	0	0	0	0	0	0	0.86	0	0	0	0	0	0	0	0	0	0	0	0	0	0	0	0	0	0	0	0	0	0	0	0	0	0	0	0	0	0	0	0	0	0	0	0	0	0	0	0	0	0	0	0.28	38.0
HG00327	0	0	0	0	0	0	0.02	0	0	0	0	0	0.03	0	0	0	0	0	0	0.78	0	0	0	0	0	0	0	0.02	0	0.02	0	0	0	0	0	0	0	0	0	0.01	0	0	0	0	0	0	0	0	0	0	0	0	0	0	0	0	0	0	0	0	0	0	0	0	0	0	0	0	0	0	0	0	0	0	0	0	0	0.86	0	0	0	0	0	0.26	43.15
NA19247	0.01	0	0	0	0	0	0.06	0.61	0.02	0	0.25	0	0.09	0	0	0	0	0	0	0.07	0	0	0	0	0	0.1	0	0.01	0	0.04	0	0	0	0	0	0	0	0	0	0	0	0.01	0	0	0	0	0	0	0.01	0	0	0	0	0	0	0	0	0	0	0	0	0	0	0	0	0	0	0	0	0	0	0	0	0	0	0	0	0	0	0	0	0	0	0.72	36.455
HG00332	0.44	0	0.43	0	0	0	0	0	0	0	0	0	0	0	0	0	0	0	0	0	0	0	0	0	0	0	0.01	0	0	0	0	0	0	0	0	0	0	0	0.62	0	0.03	0	0	0	0	0	0	0.01	0	0.19	0	0	0	0	0	0	0	0	0.01	0	0	0	0	0	0	0	0	0.01	0	0	0	0	0	0	0	0	0	0	0	0	0	0	0	0.25	36.95
NA18504	0	0	0	0	0	0	0.02	0.86	0	0	0	0	0.64	0	0	0	0	0	0	0.15	0	0	0	0	0	0	0	0	0	0.06	0	0	0	0	0	0	0	0	0	0	0	0	0	0	0	0	0	0	0	0	0	0	0	0	0	0	0	0	0	0	0	0	0	0	0	0	0	0	0	0	0	0	0	0	0	0	0	0	0	0	0	0	0	0.27	35.66
HG00252	0	0	0	0	0	0	0	0	0	0	0	0	0	0	0	0	0	0	0	0	0	0	0	0	0.01	0	0.18	0	0	0	0	0	0	0	0	0	0.22	0	0.01	0	0	0	0	0.01	0	0.06	0	0.72	0	0.27	0	0	0.02	0	0.01	0	0.09	0	0	0	0	0	0.01	0.01	0	0.07	0	0	0	0	0	0	0	0	0	0.08	0	0	0	0	0	0	0	0.23	43.24
HG00238	0	0	0.06	0	0	0	0.02	0	0	0	0	0	0.69	0	0	0	0	0	0	0.08	0	0	0	0	0	0	0	0	0	0.02	0	0	0	0	0	0	0	0	0	0	0	0	0	0	0	0	0	0	0.02	0	0	0	0	0	0	0	0	0.01	0	0	0	0	0	0	0	0	0.16	0	0	0.26	0	0	0	0	0	0	0.42	0	0	0	0	0	0	0.26	41.83
HG00342	0	0	0	0	0	0.19	0.02	0	0.41	0	0.01	0	0.01	0	0	0.1	0	0	0	0.01	0	0	0	0.02	0	0	0.86	0.04	0	0.01	0	0	0	0	0	0	0	0	0	0.03	0	0	0	0	0	0	0	0	0	0	0.01	0	0	0	0	0	0	0	0	0	0	0	0	0	0	0	0	0	0	0	0	0	0	0	0	0	0	0	0	0	0	0	0	0.28	38.0375
NA20581	0	0	0	0	0	0	0	0	0	0	0	0	0	0	0	0	0	0	0	0	0	0	0	0	0	0.01	0	0.08	0	0.03	0	0	0	0	0	0	0	0.15	0	0.05	0	0	0	0	0.01	0	0	0.86	0.44	0	0.01	0	0	0	0	0	0	0.06	0	0.02	0	0	0	0	0	0	0.02	0	0	0	0	0	0	0	0	0	0	0	0	0	0	0	0	0.26	42.9
HG00268	0	0	1.15	0	0	0	0.44	0	0	0	0	0	0.14	0	0	0	0	0	0	0.01	0	0	0	0	0	0	0	0	0	0	0	0	0	0	0	0	0	0	0	0	0	0	0	0	0	0	0	0	0	0	0	0	0	0	0	0	0	0	0	0	0	0	0	0	0	0	0	0	0	0	0	0	0	0	0	0	0	0	0	0	0	0	0	0.26	33.53
HG00154	0	0	0.03	0	0	0	1.1	0	0	0	0	0	0.35	0.02	0.03	0	0	0	0	0.2	0	0	0	0	0	0	0	0	0	0.01	0	0	0	0	0	0	0	0	0	0	0	0	0	0	0	0	0	0	0	0	0	0	0	0	0	0	0	0	0	0	0	0	0	0	0	0	0	0	0	0	0	0	0	0	0	0	0	0	0	0	0	0	0	0.26	35.32
HG00371	0	0	0.01	0	0	0.01	0.38	0	0.86	0	0.01	0	0.34	0.02	0.01	0	0	0	0	0.09	0	0	0	0	0	0	0	0	0	0.01	0	0	0	0	0	0	0	0	0	0	0	0	0	0	0	0	0	0	0	0	0	0	0	0	0	0	0	0	0	0	0	0	0	0	0	0	0	0	0	0	0	0	0	0	0	0	0	0	0	0	0	0	0	0.26	35.745
NA18870	0.67	0	0	0	0	0	0.01	0	0	0	0	0	0.14	0	0	0	0	0	0	0.01	0	0	0	0	0.01	0	0	0.01	0	0.06	0	0	0	0	0	0	0.02	0.8	0.01	0.01	0.01	0	0	0	0	0	0	0.01	0	0	0	0	0	0	0	0	0	0	0	0	0	0	0	0	0	0	0	0	0	0	0	0	0	0	0	0	0	0	0	0	0	0	0	0.23	36.97
NA20505	0	0	0	0	0	0	0.58	0	0	0	0.02	0	0.3	0	0	0	0	0	0	0.41	0	0	0	0	0	0.01	0	0	0	0.04	0	0	0	0	0	0	0	0	0	0	0	0	0	0	0	0	0	0	0	0	0.01	0	0	0	0	0	0	0	0	0	0	0	0	0	0	0	0	0	0	0	0	0	0	0	0	0	0	0	0	0	0	0	0	0.63	36.6
NA20538	0	0	0	0	0	0	0.03	0	0.03	0	0	0	0.22	0	0	0.01	0	0	0	0.02	0	0	0	0	0	0	0	0.69	0	0.01	0	0	0	0	0	0	0	0	0	0.02	0	0	0	0	0	0	0	0	0	0	0	0	0	0	0	0	0	0	0	0	0	0	0	0	0	0	0	0	0	0	0	0	0	0	0	0	0	0	0	0	0	0	0	0.97	38.42
HG00182	0	0	0	0	0	0	0	0	0	0	0	0	0	0	0	0	0	0	0	0	0	0	0	0	0.86	0	0	0	0	0	0	0	0	0	0	0	0	0	0	0	0	0	0	0	0	0	0	0.01	0	0	0	0	0	0	0	0	0.84	0	0	0	0	0	0	0	0	0.01	0	0	0	0	0	0	0	0	0	0.01	0	0	0	0	0	0	0	0.27	42.36
NA19207	0	0	0	0	0	0	0	0	0	0	0	0	0.86	0	0	0	0	0	0	0	0	0	0	0	0.01	0	0	0	0	0	0	0	0	0	0	0	0.02	0	0	0	0.84	0	0	0	0	0	0	0	0	0	0	0	0	0	0	0	0.01	0	0	0	0	0	0	0	0	0	0	0	0	0	0	0	0	0	0	0	0	0	0	0	0	0	0	0.26	38.91
HG00373	0	0	0	0	0	0	0.02	0	0	0	0	0	0.16	0	0	0	0	0	0	1.13	0	0	0	0	0	0	0	0.06	0	0.24	0	0	0	0	0	0	0	0	0	0.01	0	0	0	0.03	0	0.04	0	0	0	0	0	0	0.03	0	0	0	0	0	0	0	0	0	0.03	0	0	0	0	0	0	0	0	0	0	0	0	0	0	0	0	0	0	0	0	0.25	38.6
NA20800	0	0	0	0	0	0	0.01	0	0	0	0.01	0	0.56	0	0	0.86	0	0	0	0.12	0	0	0	0	0	0	0	0	0	0.11	0	0	0.01	0	0	0	0	0	0	0	0	0.05	0	0	0	0	0	0	0	0	0	0	0	0	0	0	0	0	0	0	0	0	0	0	0	0	0	0	0	0	0	0	0	0	0	0	0	0	0	0	0	0	0	0.27	37.4225
HG00151	0	0	0	0	0	0	0	0	0	0	0	0	0	0	0	0	0	0	0	0.01	0	0	0	0	0	0	0	0	0	0.86	0	0	0	0	0	0	0	0	0	0	0	0	0	0	0	0	0	0	0.31	0	0	0	0	0	0	0	0	0.21	0	0	0	0	0	0	0	0	0.34	0	0	0	0	0	0	0	0	0	0.01	0.01	0	0	0	0	0	0.25	42.45
NA11829	0	0	0	0	0	0	0	0	0	0	0	0	0	0	0	0	0	0	0	0.29	0	0	0	0	0	0	0	0	0	0.58	0	0	0	0	0	0	0	0	0	0	0	0	0	0	0	0	0	0	0	0	0	0	0	0	0	0.39	0	0.16	0	0	0	0	0	0	0.31	0	0	0	0	0	0	0	0	0	0	0	0	0	0	0	0	0	0	0.27	42.33
HG00324	0	0	0.01	0	0	0	0.09	0	0.01	0	0	0	0.09	0	0	0	0	0	0	0.92	0	0	0	0	0.02	0	0	0.04	0	0.06	0	0	0	0	0	0	0.07	0	0.04	0	0	0	0	0	0	0	0	0.1	0	0.03	0	0	0	0	0.03	0	0.16	0.01	0	0	0	0	0	0	0	0.08	0.01	0	0	0	0	0	0	0	0	0	0	0	0	0	0	0	0	0.23	39.6675
HG00120	0	0	0	0	0	0	0.02	0	0	0	0	0	1.29	0	0	0	0	0	0	0.01	0	0.41	0	0	0	0	0	0	0	0	0	0	0	0	0	0	0	0	0	0	0	0	0	0	0	0	0	0	0	0	0	0	0	0	0	0	0	0	0	0	0	0	0	0	0	0	0	0	0	0	0	0	0	0	0	0	0	0	0	0	0	0	0	0.27	36.875
NA12828	0	0	0	0	0	0	0	0	0	0	0	0	0	0	0	0	0	0	0	0.86	0	0	0	0	0	0	0	0	0	0.85	0	0	0	0	0	0	0	0	0	0	0	0	0	0	0	0	0	0	0	0	0	0	0	0	0	0	0	0	0	0	0	0	0	0	0	0	0	0	0	0	0	0	0	0	0	0	0	0	0	0	0	0	0	0.29	38.85
NA12777	0	0	0.01	0	0	0	0.03	0	0	0	0.01	0	0.25	0	0	0	0	0	0	0.31	0	0	0.04	0	0	0.01	0	0.03	0	0.17	0	0	0	0	0	0	0	0	0	0.01	0	0.01	0	0	0	0	0	0	0.86	0	0	0.01	0	0	0	0	0	0	0	0	0	0	0	0	0	0	0	0	0	0	0	0	0	0	0	0	0	0	0	0	0	0	0	0.25	40.54
NA20539	0	0	0	0	0	0	0	0	0	0	0	0	0	0	0	0.13	0	0	0	0	0	0	0	0.73	0	0	0	0.01	0	0	0	0	0	0	0	0	0	0	0.32	0	0	0	0	0	0	0	0	0.08	0	0.03	0	0	0	0	0	0	0.4	0	0	0	0	0	0	0	0	0.05	0	0	0	0	0	0	0	0	0	0	0	0	0	0	0	0	0	0.25	41.345
NA19213	0.86	0	0	0	0	0	0	0	0	0	0	0	0	0.41	0	0	0	0	0	0	0.45	0	0	0	0	0	0	0	0	0	0	0	0	0	0	0	0	0	0	0	0	0	0	0	0	0	0	0	0	0	0	0	0	0	0	0	0	0	0	0	0	0	0	0	0	0	0	0	0	0	0	0	0	0	0	0	0	0	0	0	0	0	0	0.28	34.15
NA19147	0	0	0	0	0	0	0	0	0	0	0.86	0	0	0	0	0	0	0	0	0	0	0	0	0	0	0	0.71	0	0	0	0	0	0	0	0	0	0	0	0.03	0	0.13	0	0	0	0	0	0	0	0	0.01	0	0	0	0	0	0	0.01	0	0	0	0	0	0	0	0	0	0	0	0	0	0	0	0	0	0	0	0	0	0	0	0	0	0	0.25	38.24
HG00379	0	0	0	0	0	0	0.75	0	0	0	0	0	0.11	0	0	0	0	0	0	0.01	0	0	0	0	0	0	0	0	0	0	0	0	0	0	0	0	0	0	0	0	0	0	0	0	0	0	0	0	0	0	0	0	0	0	0	0	0	0.86	0	0	0	0	0	0	0	0	0	0	0	0	0	0	0	0	0	0	0	0	0	0	0	0	0	0.27	39.83
HG00158	0	0	0	0	0	0	0	0	0	0	0	0	0	0	0	0	0	0	0	0	0	0	0	0	0	0	0	0	0	0	0	0	0	0	0	0	0	0	0	0	0	0	0	0	0	0.01	0	0.13	0.05	0	0	0	0	0	0.03	0	0	0.4	0	0	0	0	0	0.5	0.02	0	0.16	0	0	0.03	0	0.33	0.01	0.01	0	0	0.06	0.04	0	0	0	0	0	0.22	46.54
HG00329	0	0	0.06	0	0	0	0.11	0	0	0	0	0	0.09	0	0	0	0	0	0	0.51	0	0	0	0	0	0	0	0.01	0	0.02	0	0	0	0	0	0	0	0	0	0.01	0	0	0	0	0	0	0	0.84	0	0	0	0	0	0	0	0	0.02	0	0	0	0	0	0	0.01	0	0	0	0	0	0	0	0	0	0	0	0	0	0	0	0	0	0	0	0.32	40.21
HG00344	0	0	0	0	0	0	0	0	0	0	0	0	0	0	0	0	0	0	0	0.02	0	0	0	0	0.86	0	0	0.01	0	0.01	0	0	0	0	0	0	0.21	0	0	0	0	0	0	0	0	0	0	0.38	0	0.04	0	0	0	0.01	0	0.01	0	0.02	0	0	0	0	0	0	0.01	0.17	0	0	0	0	0	0	0	0	0.01	0	0	0	0	0	0	0	0	0.24	41.68
NA11931	0	0	0	0	0	0	0	0	0	0	0	0	0.86	0	0	0	0	0	0	0	0	0	0	0	0	0	0	0	0	0	0	0	0	0	0	0	0.19	0	0	0	0	0	0	0.03	0	0	0	0.29	0	0	0	0	0.19	0	0	0	0	0	0	0	0	0	0.18	0	0	0	0	0	0	0	0	0	0	0	0	0	0	0	0	0	0	0	0	0.26	40.14
HG00142	0	0	0	0	0	0	0	0	0	0	0	0	0	0	0	0.84	0	0	0	0	0	0	0	0.02	0	0	0	0.01	0	0	0	0	0	0	0	0	0	0	0	0.86	0	0	0	0	0	0	0	0	0	0	0	0	0	0	0	0	0	0	0	0	0	0	0	0	0	0	0	0	0	0	0	0	0	0	0	0	0	0	0	0	0	0	0	0.27	39.535
HG00100	0	0	0	0	0	0.01	1.51	0	0	0	0	0	0.18	0.03	0	0	0	0	0	0.01	0	0	0	0	0	0	0	0	0	0	0	0	0	0	0	0	0	0	0	0	0	0	0	0	0	0	0	0	0	0	0	0	0	0	0	0	0	0	0	0	0	0	0	0	0	0	0	0	0	0	0	0	0	0	0	0	0	0	0	0	0	0	0	0.26	34.75
NA12843	0	0	0	0	0	0	0	0	0	0	0	0	0	0	0	0	0	0	0	0	0	0	0	0	0	0	0.01	0	0	0	0	0	0	0	0	0	0	0	0.26	0	0.08	0	0	0	0	0	0	0	0	0.32	0	0	0	0	0	0	0	0.86	0.16	0	0.01	0	0	0	0	0.04	0	0	0	0	0	0	0	0	0	0	0	0	0	0	0	0	0	0.26	43.97
NA18909	0	0	0	0	0	0	0	0	0	0	0	0	1.37	0	0	0	0	0	0	0	0	0	0	0	0	0	0	0	0	0.36	0	0	0	0	0	0	0	0	0	0	0	0	0	0	0	0	0	0	0	0	0	0	0	0	0	0	0	0	0	0	0	0	0	0	0	0	0	0	0	0	0	0	0	0	0	0	0	0	0	0	0	0	0	0.27	36.99
HG00243	0	0	0	0	0	0	0	0	0.01	0	0	0	0	0	0	0.61	0	0	0	0	0	0	0	0.2	0	0	0	0.04	0	0	0	0	0	0	0	0	0	0	0	0.01	0	0	0	0	0	0	0	0.86	0	0	0	0	0	0	0	0	0	0	0	0	0	0	0	0	0	0	0	0	0	0	0	0	0	0	0	0	0	0	0	0	0	0	0	0.27	40.625
NA20806	0	0	0	0	0	0.01	0.06	0	0	0	0.01	0	0.94	0.02	0	0	0	0	0	0.27	0	0	0	0	0	0	0	0	0	0.43	0	0	0	0	0	0	0	0	0	0	0	0	0	0	0	0	0	0	0	0	0	0	0	0	0	0	0	0	0	0	0	0	0	0	0	0	0	0	0	0	0	0	0	0	0	0	0	0	0	0	0	0	0	0.26	37.32
NA20768	0	0	0	0	0	0	0.86	0	0	0	0	0	0	0	0	0	0	0	0	0	0	0	0	0	0.4	0	0	0	0	0	0	0	0	0	0	0	0	0	0	0	0	0	0	0	0	0	0	0.47	0	0	0	0	0	0	0	0	0	0	0	0	0	0	0	0	0	0	0	0	0	0	0	0	0	0	0	0	0	0	0	0	0	0	0	0.27	38.09
HG00123	0	0	0	0	0	0	0	0	0.86	0	0	0	0	0	0	0	0	0	0	0	0	0	0	0	0	0	0	0	0	0	0	0	0	0	0	0	0	0	0	0	0	0	0	0	0	0	0	0.52	0	0	0	0	0	0	0	0	0.35	0	0	0	0	0	0	0	0	0	0	0	0	0	0	0	0	0	0	0	0	0	0	0	0	0	0	0.27	39.885
NA20529	0	0	0.04	0	0	0	0.66	0	0	0	0	0	0.43	0	0	0	0	0	0	0.6	0	0	0	0	0	0	0	0	0	0	0	0	0	0	0	0	0	0	0	0	0	0	0	0	0	0	0	0	0	0	0	0	0	0	0	0	0	0	0	0	0	0	0	0	0	0	0	0	0	0	0	0	0	0	0	0	0	0	0	0	0	0	0	0.27	36.13
HG00122	0	0	0	0	0	0	0	0	0.01	0	0	0	0	0	0	0.01	0	0	0	0.85	0	0	0	0	0.01	0	0	0	0	0	0	0	0	0	0	0	0	0	0	0	0	0	0	0	0	0	0	0.62	0	0	0	0	0	0	0	0	0	0	0	0	0	0	0	0	0	0.25	0	0	0	0	0	0	0	0	0	0	0	0	0	0	0	0	0	0.25	41.105
NA18853	0	0	0	0	0	0	0	0	0	0	0	0	0	0	0	0	0	0	0	0	0	0	0	0	0	0	0.86	0	0.86	0	0	0	0	0	0	0	0	0	0	0	0	0	0	0	0	0	0	0	0	0	0	0	0	0	0	0	0	0	0	0	0	0	0	0	0	0	0	0	0	0	0	0	0	0	0	0	0	0	0	0	0	0	0	0.28	39.72
NA19189	0.01	0	0	0	0	0	0.04	0.61	0	0	0	0	0.33	0	0	0	0	0	0	0.03	0	0	0	0	0	0.1	0	0.01	0	0.61	0	0	0	0	0	0	0	0	0	0	0	0	0	0	0	0	0	0	0.01	0	0	0	0	0	0	0	0	0	0	0	0	0	0	0	0	0	0	0	0	0	0	0	0	0	0	0	0	0	0	0	0	0	0	0.25	37.08
HG00148	0	0	0	0	0	0	0	0	0	0	0	0	0.86	0	0	0	0	0	0	0.31	0	0	0	0	0	0	0	0	0	0.16	0	0	0	0	0	0	0	0	0	0	0	0.39	0	0	0	0	0	0	0	0	0	0.01	0	0	0	0	0	0	0	0	0	0	0	0	0	0	0	0	0	0	0	0	0	0	0	0	0	0	0	0	0	0	0	0.27	38.11
HG00171	0	0	0.01	0	0	0.11	0.29	0	0.16	0	0.02	0	0.34	0.11	0	0.24	0	0	0	0.19	0	0	0.01	0.01	0	0	0	0.1	0	0.05	0	0	0	0	0	0	0	0	0	0.04	0	0.01	0	0	0	0	0	0	0	0	0.01	0	0	0	0	0	0	0	0	0	0	0	0	0	0	0.01	0	0	0	0	0	0	0	0	0	0	0	0	0	0	0	0	0	0.29	36.785
HG00331	0	0	0	0	0	0	0	0	0	0	0	0	0	0	0	0	0	0	0	0.86	0	0	0	0	0	0	0	0	0	0	0	0	0	0	0	0	0	0	0	0	0	0	0	0	0	0	0	0	0	0	0	0	0	0.86	0	0	0	0	0	0	0	0	0	0	0	0	0	0	0	0	0	0	0	0	0	0	0	0	0	0	0	0	0	0.28	41.44
HG00381	0	0	0	0	0	0	0.01	0	0	0	0.02	0	0.02	0	0	0	0	0	0	0.84	0	0	0	0	0	0	0	0	0	0	0	0	0	0	0	0	0	0	0	0	0	0	0	0	0	0	0	0	0	0	0	0	0	0	0	0	0	0	0	0	0	0	0	0	0	0	0	0	0	0	0	0	0	0	0	0	0	0	0	0	0	0	0	1.11	37.94
NA18856	0	0	0	0	0	0	0	0	0	0	0	0	0.86	0	0	0	0	0	0	0.86	0	0	0	0	0	0	0	0	0	0	0	0	0	0	0	0	0	0	0	0	0	0	0	0	0	0	0	0	0	0	0	0	0	0	0	0	0	0	0	0	0	0	0	0	0	0	0	0	0	0	0	0	0	0	0	0	0	0	0	0	0	0	0	0.28	37.14
HG00345	0.78	0	0.09	0	0	0	0.01	0	0	0	0	0	0.86	0	0.01	0	0	0	0	0	0	0	0	0	0	0	0	0	0	0	0	0	0	0	0	0	0	0	0	0	0	0	0	0	0	0	0	0	0	0	0	0	0	0	0	0	0	0	0	0	0	0	0	0	0	0	0	0	0	0	0	0	0	0	0	0	0	0	0	0	0	0	0	0.25	33.72
NA18861	0.01	0	0.02	0	0	0	0.2	0	0	0	0.05	0	1.03	0	0	0	0	0	0	0.25	0	0	0	0	0	0	0	0.01	0	0.14	0	0	0	0	0	0	0	0	0	0	0	0.02	0	0	0	0	0	0	0	0	0	0	0	0	0	0	0	0	0	0	0	0	0	0	0	0	0	0	0	0	0	0	0	0	0	0	0	0	0	0	0	0	0	0.27	36.61
HG00185	0.86	0	0	0	0	0	0	0	0	0	0	0	0.86	0	0	0	0	0	0	0	0	0	0	0	0	0	0	0	0	0	0	0	0	0	0	0	0	0	0	0	0	0	0	0	0	0	0	0	0	0	0	0	0	0	0	0	0	0	0	0	0	0	0	0	0	0	0	0	0	0	0	0	0	0	0	0	0	0	0	0	0	0	0	0.28	33.7
NA07051	0	0	0.03	0	0	0	0.1	0	0	0	0	0	0.12	0	0	0	0	0	0	0.23	0	0	0.01	0	0	0	0	0.01	0	0.05	0	0	0	0	0	0	0	0	0	0.01	0	0	0	0	0	0	0.86	0	0	0	0	0	0	0	0	0	0	0	0	0	0	0	0	0	0	0	0	0	0	0	0	0	0	0	0	0	0	0	0	0	0	0	0	0.58	40.2575
NA20527	0	0	0.63	0	0	0	0.03	0	0	0	0.01	0	0.79	0	0	0	0	0	0	0.04	0	0	0	0	0	0	0	0.01	0	0.01	0	0	0	0	0	0	0	0	0	0.23	0	0	0	0	0	0	0	0	0	0	0	0	0	0	0	0	0	0	0	0	0	0	0	0	0	0	0	0	0	0	0	0	0	0	0	0	0	0	0	0	0	0	0	0.25	35.73
NA20783	0	0	0	0	0	0.01	0.43	0	0.02	0	0	0	0.99	0	0	0.09	0	0	0	0.11	0	0	0	0	0	0	0	0.02	0	0.01	0	0	0	0	0	0	0	0	0	0.01	0	0.01	0	0	0	0	0	0	0	0	0	0	0	0	0	0	0	0	0	0	0	0	0	0	0	0	0	0	0	0	0	0	0	0	0	0	0	0	0	0	0	0	0	0.3	36.1525
NA19137	0	0	0.56	0	0	0	0.01	0	0	0	0	0	0.88	0	0	0.01	0	0	0	0.01	0	0	0	0	0	0	0	0.01	0	0.01	0	0	0	0	0	0	0	0.01	0	0	0	0	0	0	0	0	0	0	0.02	0	0	0	0	0	0	0	0	0.08	0	0	0	0	0	0	0.01	0	0.01	0	0	0	0	0	0.01	0	0	0	0.01	0.01	0	0	0	0	0	0.35	36.1175
NA19201	0.19	0	0.1	0	0	0	0.01	0	0	0	0	0	0.6	0	0	0	0	0	0	0.27	0	0	0	0	0	0	0	0	0	0	0.3	0	0	0	0	0	0	0	0	0	0	0	0.01	0	0	0	0	0	0.01	0	0	0	0	0	0	0	0	0	0	0	0	0	0	0	0	0	0	0	0	0	0	0	0	0	0	0	0	0	0	0	0	0	0	0.51	36.67
NA18488	0	0	0	0	0	0	0.01	0	0	0	0	0	0.01	0	0	0	0	0	0	0.01	0	0	0	0	0	0	0.01	0	0	0	0	0	0	0	0	0	0.08	0.53	0	0	0.86	0	0.01	0	0	0.01	0	0.08	0	0	0	0	0	0	0.03	0	0.05	0	0	0	0	0	0	0.03	0	0.03	0	0	0	0	0	0.01	0	0.01	0	0.01	0	0	0	0	0	0	0	0.22	42.01
HG00311	0	0	0	0	0	0.01	0.04	0	0	0	0.01	0	0.76	0.02	0.01	0	0	0	0	0.04	0	0	0	0	0	0	0	0.84	0	0.01	0	0	0	0	0	0	0	0	0	0.02	0	0	0	0	0	0	0	0	0	0	0	0	0	0	0	0	0	0	0	0	0	0	0	0	0	0	0.01	0	0	0	0	0	0	0	0	0	0	0	0	0	0	0	0	0.23	38.04
HG00337	0	0	0.01	0	0	0.01	0.38	0	0	0	0.01	0	0.34	0.02	0.01	0	0	0	0	0.81	0	0	0	0	0	0	0	0	0	0.15	0	0	0	0	0	0	0	0	0	0	0	0	0	0	0	0	0	0	0	0	0	0	0	0	0	0	0	0	0	0	0	0	0	0	0	0	0	0	0	0	0	0	0	0	0	0	0	0	0	0	0	0	0	0.26	36.96
HG00257	0	0	0	0	0	0	0	0	0	0	0	0	0	0	0	0.86	0	0	0	0	0	0	0	0	0	0	0	0	0	0	0	0	0	0	0	0	0	0	0	0	0	0	0	0	0	0	0	0	0	0	0	0	0.42	0	0	0	0	0	0	0	0	0	0.44	0	0	0	0	0	0	0	0	0	0	0	0	0	0	0	0	0	0	0	0	0.28	41.665
HG00136	0	0	0	0	0	0	0	0	0	0	0	0	0.86	0	0	0	0	0	0	0	0	0	0	0	0	0	0	0	0	0	0	0	0	0	0	0	0.05	0	0	0	0	0	0	0	0	0	0	0.73	0	0	0	0	0	0	0	0	0.09	0	0	0	0	0	0	0	0	0	0	0	0	0	0	0	0	0	0	0	0	0	0	0	0	0	0	0.27	39.79
NA20826	0	0	0.01	0	0	0	0.05	0	0.08	0	0	0	1.28	0	0	0.01	0	0	0	0.06	0	0	0	0	0	0	0	0.01	0	0.02	0	0	0	0	0	0	0	0	0	0.03	0	0	0	0	0.2	0	0	0	0	0	0	0	0	0	0	0	0	0	0	0	0	0	0	0	0	0	0	0	0	0	0	0	0	0	0	0	0	0	0	0	0	0	0	0.25	37.1775
NA20518	0	0	0	0	0	0	0.54	0	0	0	0	0	0.06	0	0	0	0	0	0	0.07	0	0	0	0	0	0.03	0	0	0	0.12	0	0	0	0	0	0	0	0	0	0.01	0	0	0	0	0	0	0	0	0.82	0	0	0	0	0	0	0	0	0.01	0	0	0	0	0	0	0	0	0.04	0	0	0	0	0	0	0	0	0	0	0	0	0	0	0	0	0.3	39.73
NA20786	0.86	0	0	0	0	0	0	0	0	0	0	0	0	0	0	0	0	0	0	0	0	0	0	0	0	0	0	0	0	0.86	0	0	0	0	0	0	0	0	0	0	0	0	0	0	0	0	0	0	0	0	0	0	0	0	0	0	0	0	0	0	0	0	0	0	0	0	0	0	0	0	0	0	0	0	0	0	0	0	0	0	0	0	0	0.28	35.42
NA20760	0	0	0	0	0	0	0	0	0	0	0	0	0.02	0	0	0	0	0	0	0.15	0	0	0	0	0	0	0.01	0	0	0.07	0	0	0	0	0	0	0	0	0.75	0	0.03	0.48	0	0	0	0	0	0.01	0	0.05	0	0	0	0	0	0	0	0	0.01	0	0.01	0	0	0	0	0	0	0.02	0	0	0	0	0	0	0	0	0	0	0	0	0	0	0	0.39	40.94
HG00114	0	0	0	0	0	0	0.01	0	0	0	0	0	0.49	0	0	0	0	0	0	0.15	0	0	0	0	0	0	0.04	0	0	0.14	0	0	0.01	0	0	0	0	0	0.27	0	0.05	0.06	0	0	0	0	0	0.01	0	0.32	0	0	0	0	0	0	0	0	0.13	0	0.04	0	0	0	0	0.03	0	0	0	0	0	0	0	0	0	0	0	0	0	0	0	0	0	0.25	40.2675
HG00117	0	0	0.02	0	0	0	0.2	0	0	0	0	0	0.14	0	0	0	0	0	0	0.1	0	0	0	0	0	0	0	0.01	0	0.04	0	0	0	0	0	0	0	0	0	0.01	0	0	0	0	0	0.03	0	0	0	0	0	0	0	0	0.21	0	0	0	0	0	0	0	0	0.41	0	0	0	0	0	0	0	0.21	0	0.02	0	0	0	0	0	0	0	0	0	0.6	41.83
NA20534	0	0	0	0	0	0	0.01	0	0.02	0	0	0	0.02	0	0	0.01	0	0	0	0.05	0	0	0	0	0	0	0	0.01	0	0.86	0	0	0.01	0	0	0	0	0	0	0.59	0	0	0	0	0	0	0	0	0	0	0.01	0	0	0	0	0	0	0	0	0	0	0	0	0	0	0	0	0	0	0	0	0	0	0	0	0	0	0	0	0	0	0	0	0.41	40.03
NA20809	1.65	0	0.07	0	0	0	0	0	0	0	0	0	0	0	0	0	0	0	0	0	0	0	0	0	0	0	0	0	0	0	0	0	0	0	0	0	0	0	0	0	0	0	0	0	0	0	0	0	0	0	0	0	0	0	0	0	0	0	0	0	0	0	0	0	0	0	0	0	0	0	0	0	0	0	0	0	0	0	0	0	0	0	0	0.28	31.19
NA12273	0	0	0	0	0	0	0.85	0	0	0	0	0	0.01	0	0	0.02	0	0	0	0	0	0	0	0	0	0	0	0	0	0	0	0	0	0	0	0	0.86	0	0	0	0	0	0	0	0	0	0	0	0	0	0	0	0	0	0	0	0	0	0	0	0	0	0	0	0	0	0	0	0	0	0	0	0	0	0	0	0	0	0	0	0	0	0	0.26	38.005
NA20808	0	0	0.03	0	0	0	0.03	0	0	0	0	0	0.15	0	0	0	0	0	0	0.63	0	0	0	0	0.39	0	0	0	0	0.03	0	0	0	0	0	0	0	0	0	0	0	0	0	0	0	0	0	0.47	0	0	0	0	0	0	0	0	0	0	0	0	0	0	0	0	0	0	0	0	0	0	0	0	0	0	0	0	0	0	0	0	0	0	0	0.27	39.53
NA19197	0.01	0	0	0	0	0	0.04	0.61	0	0	0	0	0.06	0	0	0	0	0	0	0.03	0	0	0	0	0	0.1	0	0.11	0	0.02	0	0	0	0	0	0.02	0	0.01	0	0.01	0	0	0	0	0	0	0	0	0.01	0.01	0	0	0	0	0	0	0	0.03	0	0	0	0	0	0	0.63	0	0.07	0	0.01	0	0	0	0	0	0	0	0.01	0	0	0	0.01	0	0	0.2	40.77
NA11918	0.01	0	0.85	0	0	0	0	0	0	0	0	0	0	0	0	0	0	0	0	0	0	0	0	0	0	0	0.01	0	0	0	0	0	0	0	0	0	0	0	0.83	0	0	0	0	0	0	0	0	0.01	0	0.02	0	0	0	0	0	0	0	0	0.01	0	0	0	0	0	0	0	0	0	0	0	0	0	0	0	0	0	0	0	0	0	0	0	0	0.26	37.21
NA20509	0	0	0	0	0	0	1.65	0	0	0	0	0	0.02	0	0	0	0	0	0	0.02	0	0	0	0	0	0	0	0.01	0	0.01	0	0	0	0	0	0	0	0	0	0.01	0	0	0	0	0	0	0	0	0	0	0	0	0	0	0	0	0	0	0	0	0	0	0	0	0	0	0	0	0	0	0	0	0	0	0	0	0	0	0	0	0	0	0	0.28	34.72
NA20757	0	0	0	0	0	0	0	0	0	0	0	0	0	0	0	0	0	0	0	0	0	0	0	0	0	0	0.01	0	0	0	0	0	0	0	0	0	0.19	0	0.3	0	0.01	0	0	0	0	0.48	0	0	0	0.03	0	0	0	0	0	0	0.2	0	0.53	0	0	0	0	0	0	0	0	0	0	0	0	0	0	0	0	0	0	0	0	0	0	0	0	0.25	43.46
HG00125	0	0	0.2	0	0	0	0.14	0	0	0	0	0	1.29	0	0	0	0	0	0	0.09	0	0	0	0	0	0	0	0	0	0.01	0	0	0	0	0	0	0	0	0	0	0	0	0	0	0	0	0	0	0	0	0	0	0	0	0	0	0	0	0	0	0	0	0	0	0	0	0	0	0	0	0	0	0	0	0	0	0	0	0	0	0	0	0	0.27	35.84
NA11894	0	0	0	0	0	0	0	0	0.86	0	0	0	0	0	0	0	0	0	0	0	0	0	0	0	0	0	0	0	0	0	0	0	0	0	0	0	0	0.01	0	0	0	0	0	0	0	0	0.86	0	0	0	0	0	0	0	0	0	0	0	0	0	0	0	0	0	0	0	0	0	0	0	0	0	0	0	0	0	0	0	0	0	0	0	0	0.27	39.525
NA18517	0.43	0	0.22	0	0	0	0.02	0	0	0	0	0	0.01	0	0	0	0	0	0	0.01	0.15	0	0	0	0	0	0	0	0	0	0.64	0	0	0	0	0	0	0	0	0	0	0	0.01	0	0	0	0	0	0.01	0	0	0	0	0	0	0	0	0	0	0	0	0	0	0	0	0	0	0	0	0	0	0	0	0	0	0	0	0	0	0	0	0	0	0.5	36.26
NA20798	0	0	0	0	0	0	0	0	0	0	0	0	0	0	0	0	0	0	0	0	0	0	0	0	0.03	0	0.01	0	0	0	0	0	0	0	0	0	0.36	0	0.03	0	0	0	0	0	0	0	0	0.8	0	0.09	0	0	0	0	0	0	0.16	0	0	0	0	0	0	0.01	0	0.26	0	0	0	0	0	0	0	0	0	0	0	0	0	0	0	0	0	0.25	43.48
NA20588	0	0	0	0	0	0.02	0.13	0	0	0	0.03	0	0.52	0.07	0.02	0	0	0	0	0.94	0	0	0	0	0	0	0	0	0	0.01	0	0	0	0	0	0	0	0	0	0	0	0	0	0	0	0	0	0	0	0	0	0	0	0	0	0	0	0	0	0	0	0	0	0	0	0	0	0	0	0	0	0	0	0	0	0	0	0	0	0	0	0	0	0.26	37.07
HG00285	0	0	0	0	0	0	0	0	0	0	0	0	0	0	0	0	0	0	0	0	0	0	0	0	0	0	0	0.01	0	0	0	0	0	0	0	0	0	0	0	0.84	0	0	0	0	0	0	0	0	0	0	0	0	0	0	0	0	0	0.86	0	0	0	0	0	0	0	0	0	0	0	0	0	0	0	0	0	0	0	0	0	0	0	0	0	0.29	43.13
NA19153	0.75	0	0.03	0	0	0	0.03	0	0.01	0	0	0	0.02	0	0	0.01	0	0	0	0.01	0	0	0	0	0.01	0	0.02	0.01	0	0.01	0	0	0	0	0	0	0.07	0	0.04	0	0.61	0	0	0	0	0.01	0	0.05	0	0.03	0	0	0	0	0	0	0.03	0	0.01	0	0	0.01	0	0	0	0.01	0	0	0	0	0	0	0	0	0	0.02	0	0	0	0	0	0	0	0.2	36.955
NA20804	0	0	0.77	0	0	0	0.05	0	0	0	0	0	0.05	0	0	0	0	0	0	0.01	0	0	0	0	0	0	0	0.06	0	0	0	0	0	0	0	0.06	0	0.02	0	0.02	0	0	0	0	0	0	0	0	0.07	0	0.01	0	0	0	0	0	0	0.11	0	0.03	0	0	0	0	0.01	0	0.36	0	0	0	0	0	0	0	0.01	0	0.02	0	0	0	0.1	0.01	0	0.23	39.4
HG00306	0	0	0	0	0	0	0.01	0	0	0	0	0	1.72	0	0	0	0	0	0	0	0	0	0	0	0	0	0	0	0	0	0	0	0	0	0	0	0	0	0	0	0	0	0	0	0	0	0	0	0	0	0	0	0	0	0	0	0	0	0	0	0	0	0	0	0	0	0	0	0	0	0	0	0	0	0	0	0	0	0	0	0	0	0	0.27	36.26
NA19210	0	0	0.04	0	0	0	0.4	0	0.01	0	0.02	0	0.45	0	0	0.01	0	0	0	0.5	0	0	0.03	0	0	0	0	0.11	0	0.1	0	0	0	0	0	0	0	0.01	0	0.04	0	0.01	0	0	0	0	0	0	0	0	0	0	0	0	0	0	0	0	0	0	0	0	0	0	0	0	0	0	0	0	0	0	0	0	0	0	0	0	0	0	0	0	0	0.27	36.9475
NA18908	0.25	0	0.01	0	0	0.01	0.13	0	0	0	0.02	0	0.3	0.01	0.01	0.01	0	0	0	0.29	0	0	0	0	0	0	0	0.01	0	0.69	0	0	0.01	0	0	0	0	0	0	0	0	0.01	0	0	0	0	0	0.01	0	0	0	0.01	0	0	0	0	0	0.01	0	0	0	0	0	0	0	0	0	0	0	0	0	0	0	0	0	0	0	0	0	0	0	0	0	0.21	37.185
NA20585	0	0	0	0	0	0	0.05	0.01	0.01	0	0	0	0.11	0.01	0	0.01	0	0	0	0.31	0	0	0	0	0	0.03	0	0.23	0	0.18	0	0	0	0	0	0.01	0	0	0	0.01	0	0.02	0	0	0	0	0	0	0.6	0	0	0	0	0	0	0	0	0.01	0	0	0	0	0	0	0	0	0.08	0	0	0	0	0	0	0	0	0	0	0	0	0	0	0	0	0.32	40.505
NA20543	0.86	0	0	0	0	0	0.03	0	0	0	0	0	0.55	0	0	0	0	0	0	0.05	0	0	0	0	0	0	0	0	0	0.24	0	0	0	0	0	0	0	0	0	0	0	0	0	0	0	0	0	0	0	0	0	0	0	0	0	0	0	0	0	0	0	0	0	0	0	0	0	0	0	0	0	0	0	0	0	0	0	0	0	0	0	0	0	0.27	34.19
NA20508	0	0	0	0	0	0	0	0	0	0	0.47	0	0.4	0	0	0	0	0	0	0.86	0	0	0	0	0	0	0	0	0	0	0	0	0	0	0	0	0	0	0	0	0	0	0	0	0	0	0	0	0	0	0	0	0	0	0	0	0	0	0	0	0	0	0	0	0	0	0	0	0	0	0	0	0	0	0	0	0	0	0	0	0	0	0	0.27	37.13
NA18916	0.86	0	0	0.01	0	0	0.41	0	0	0	0	0	0.18	0.05	0	0	0	0.01	0	0.1	0.02	0	0	0	0	0	0	0.03	0	0.04	0	0	0	0	0	0	0	0.02	0	0	0	0	0	0	0	0	0	0	0	0	0	0	0	0	0	0	0	0	0	0	0	0	0	0	0	0	0	0	0	0	0	0	0	0	0	0	0	0	0	0	0	0	0	0.27	33.59
NA20799	0	0	0	0	0	0	0	0	0	0	0	0	0	0	0	0	0	0	0	0	0	0	0	0	0	0	0	0.86	0	0	0	0	0	0	0	0	0.77	0	0	0	0	0	0	0	0	0	0	0.07	0.01	0	0	0	0	0	0	0	0.03	0.01	0	0	0	0	0	0.01	0	0	0	0	0	0	0	0	0	0	0	0	0	0	0	0	0	0	0	0.24	40.85
NA19235	0	0	0	0.86	0	0	0	0	0	0	0	0	0	0	0	0	0	0	0	0	0	0	0	0	0	0	0	0	0	0	0	0	0	0	0	0	0	0	0	0	0	0	0	0	0	0	0	0	0.86	0	0	0	0	0	0	0	0	0	0	0	0	0	0	0	0	0	0	0	0	0	0	0	0	0	0	0	0	0	0	0	0	0	0	0.28	38.0
HG00240	0	0	0	0	0	0	0	0	0	0	0	0	0.01	0	0	0	0	0	0	0.86	0	0	0	0	0	0	0	0	0	0	0	0	0	0	0	0	0	0	0	0	0	0	0	0	0	0	0	0	0.02	0	0	0	0	0	0	0	0	0.01	0	0	0	0	0	0	0	0	0.16	0	0	0.26	0	0	0	0	0	0	0.42	0	0	0	0	0	0	0.26	42.71
NA20765	0	0	0	0	0	0	0.05	0	0.03	0	0	0	0	0	0	0.67	0	0	0	0	0	0	0	0.09	0	0	0	0.12	0	0	0	0	0	0	0	0	0	0.01	0	0.01	0	0	0	0	0	0	0	0	0.7	0	0	0	0	0	0	0	0	0.02	0	0.01	0	0	0	0	0	0	0.03	0	0	0	0	0	0	0	0	0	0	0	0	0	0	0	0	0.26	40.2925
NA18516	0	0	0	0	0	0	0	0	0	0	0	0	0	0.86	0	0	0	0	0	0	0.01	0	0	0	0	0	0	0	0	0	0	0	0	0	0	0	0	0	0	0	0	0	0	0	0	0	0	0	0.86	0	0	0	0	0	0	0	0	0	0	0	0	0	0	0	0	0	0	0	0	0	0	0	0	0	0	0	0	0	0	0	0	0	0	0.27	39.72
NA20801	0	0	0	0	0	0	0	0	0	0	0	0	0	0	0	0	0	0	0	0	0	0	0	0	0.01	0	0.01	0	0	0	0	0	0	0	0	0	1.38	0	0	0	0	0	0	0	0	0	0	0.17	0	0	0	0	0	0	0.03	0	0.08	0	0	0	0	0	0	0.01	0	0.04	0	0	0	0	0	0.01	0	0	0	0.02	0	0	0	0	0	0	0	0.24	42.16
NA18867	0	0	0	0	0	0	0	0	0	0	0	0	0.38	0	0	0	0	0	0	0	0	0	0	0	0	0	0	0	0	0.49	0	0	0	0	0	0	0	0	0.8	0	0.07	0	0	0	0	0	0	0	0	0	0	0	0	0	0	0	0	0	0	0	0	0	0	0	0	0	0	0	0	0	0	0	0	0	0	0	0	0	0	0	0	0	0	0.26	39.85
NA20524	0.84	0	0.01	0	0	0.01	0.07	0	0	0	0	0	0.5	0	0	0	0	0	0	0.12	0	0	0	0	0	0	0	0	0	0.2	0	0	0	0	0	0	0	0	0	0	0	0	0	0	0	0	0	0	0	0	0	0	0	0	0	0	0	0	0	0	0	0	0	0	0	0	0	0	0	0	0	0	0	0	0	0	0	0	0	0	0	0	0	0.25	34.15
HG00323	0	0	0	0	0	0	0	0	0	0	0	0	0.86	0	0	0	0	0	0	0	0	0	0	0	0	0	0	0	0	0	0	0	0	0	0	0	0	0	0	0	0	0	0	0	0	0	0	0	0	0	0	0	0	0.86	0	0	0	0	0	0	0	0	0	0	0	0	0	0	0	0	0	0	0	0	0	0	0	0	0	0	0	0	0	0.28	40.58
NA20589	0	0	0	0	0	0	0	0	0	0	0	0	0.84	0	0	0	0	0	0	0.01	0	0	0	0	0.03	0	0	0	0	0.02	0	0	0	0	0	0	0.12	0	0	0	0	0	0	0	0	0.03	0	0.21	0	0	0	0	0	0	0	0	0.21	0	0	0	0	0.28	0	0	0	0	0	0	0	0	0	0	0	0	0	0	0	0	0	0	0	0	0	0.25	40.41
NA11893	0	0	0.01	0	0	0.04	0.13	0	0.05	0	0.03	0	0.17	0	0	0.01	0	0	0	0.2	0	0	0.01	0	0	0	0	0.02	0	0.11	0	0	0	0	0	0	0	0	0	0.08	0	0.02	0	0	0	0	0	0.22	0	0	0	0	0	0	0.18	0	0.16	0	0	0	0	0	0	0	0	0.11	0	0	0	0	0	0	0	0.13	0	0	0	0	0.09	0	0	0	0	0.23	41.6825
NA20502	0	0	0	0	0	0	0	0	0	0	0	0	0	0	0	0	0	0	0	0	0	0	0	0	0	0	0	0.18	0	0	0	0	0	0	0	0	0	0	0	0.56	0	0	0	0	0	0	0	0	0	0	0.09	0	0	0	0	0	0	0	0	0	0	0	0	0	0.86	0	0	0	0	0	0	0	0	0	0	0	0	0	0	0	0	0	0	0.31	43.87
HG00282	0	0	0	0	0	0	0.06	0	0	0	0	0	0.74	0.02	0	0	0	0	0	0.04	0	0	0	0	0	0	0	0	0	0	0	0	0	0	0	0	0	0	0	0	0	0	0	0	0	0	0	0	0	0	0	0	0	0.86	0	0	0	0	0	0	0	0	0	0	0	0	0	0	0	0	0	0	0	0	0	0	0	0	0	0	0	0	0	0.28	40.56
NA19171	0	0	0	0	0	1.71	0.01	0	0	0	0	0	0.01	0	0	0	0	0	0	0.01	0	0	0	0	0	0	0	0	0	0	0	0	0	0	0	0	0	0	0	0	0	0	0	0	0	0	0	0	0	0	0	0	0	0	0	0	0	0	0	0	0	0	0	0	0	0	0	0	0	0	0	0	0	0	0	0	0	0	0	0	0	0	0	0.26	34.55
NA12761	0	0	0	0	0	0	0.53	0	0	0	0.01	0	0.34	0	0	0	0	0	0	0	0	0	0	0	0	0	0	0	0	0	0	0	0	0	0	0	0.12	0	0.01	0	0	0	0	0	0	0	0	0.46	0	0	0	0	0	0	0	0	0.29	0	0	0	0	0	0	0	0	0	0	0	0	0	0	0	0	0	0	0	0	0	0	0	0	0	0	0.24	39.39
NA20795	0	0	0	0	0	0	0	0	0	0	0	0	0	0	0	0	0	0	0	0	0	0	0	0	0	0	0	0	0	0	0	0	0	0	0	0	0	0	0	0	0	0	0	0	0	0	0	0	0.86	0	0	0	0	0	0	0	0	0.07	0	0.23	0	0	0	0	0	0	0.35	0	0	0	0	0	0	0	0	0	0	0	0	0	0.23	0	0	0.26	45.14
NA19238	0	0	0	0	0	0	0	0.86	0	0	0	0	0.66	0	0	0	0	0	0	0	0	0	0	0	0	0	0.21	0	0	0	0	0	0	0	0	0	0	0	0	0	0	0	0	0	0	0	0	0	0	0	0	0	0	0	0	0	0	0	0	0	0	0	0	0	0	0	0	0	0	0	0	0	0	0	0	0	0	0	0	0	0	0	0	0.27	35.83
NA19159	0	0	0	0.01	0	0	0.49	0	0.01	0	0.01	0	0.28	0.04	0	0	0	0	0	0.01	0.01	0	0	0	0	0	0	0.02	0	0.01	0	0	0	0	0	0	0.01	0.01	0	0	0.86	0	0	0	0	0	0	0.01	0	0	0	0	0	0	0	0	0	0	0	0	0	0	0	0	0	0	0	0	0	0	0	0	0	0	0	0	0	0	0	0	0	0	0	0.22	38.4675
HG00366	0	0	0.01	0	0	0	0.29	0	0	0	0.01	0	0.27	0.2	0	0	0	0	0	0.23	0	0	0.01	0	0	0	0	0.04	0	0.63	0	0	0	0	0	0	0	0.01	0	0.02	0	0.01	0	0	0	0	0	0	0	0	0.01	0.01	0	0	0	0	0	0	0	0	0	0	0	0	0	0.01	0	0	0	0	0	0	0	0	0	0	0	0	0	0	0	0	0	0.24	37.7775
NA11992	0	0	0	0	0	0	0	0	0	0	0	0	0	0	0	0	0	0	0	0.19	0	0	0	0	0	0	0	0.58	0	0.09	0	0	0	0	0	0	0.3	0	0.08	0	0	0.02	0	0	0	0	0	0.29	0	0.18	0	0	0	0	0	0	0.01	0	0	0	0	0	0	0	0	0.02	0	0	0	0	0	0	0	0	0	0	0	0	0	0	0	0	0	0.24	41.02
HG00141	0	0	0	0	0	0	0.02	0	0	0	0.06	0	0.06	0	0	0	0	0	0	0.23	0	0	0	0	0	0	0.03	0.44	0	0.03	0	0	0	0	0	0	0.07	0	0.13	0.19	0.01	0	0	0	0	0	0	0.02	0	0.17	0	0	0	0	0	0	0.02	0	0.01	0	0	0	0	0	0	0.27	0	0	0	0	0	0	0	0	0	0.01	0	0	0	0	0	0	0	0.23	41.24
NA18873	0.01	0	0.01	0	0	0	0.1	0	0	0	0.1	0	0.4	0	0	0	0	0	0	0.17	0	0	0.01	0	0	0	0	0.02	0	0.9	0	0	0	0	0	0	0	0	0	0.02	0	0.01	0	0	0	0	0	0	0	0	0	0	0	0	0	0	0	0	0	0	0	0	0	0	0	0	0	0	0	0	0	0	0	0	0	0	0	0	0	0	0	0	0	0.25	38.2175
HG00336	0	0	0	0	0	0	0	0	0	0	0	0	0	0	0	0	0	0	0	0	0	0	0	0	0	0	0	0	0	0	0	0	0	0	0	0	0	0	0	0	0	0	0	0	0	0	0	0	0.01	0	0	0	0	0.86	0	0	0	0.04	0	0	0	0	0	0	0	0	0.82	0	0	0	0	0	0	0	0	0	0	0	0	0	0	0	0	0.27	45.73
NA06994	0	0	0	0	0	0	0	0	0.86	0	0	0	0	0	0	0	0	0	0	0	0	0	0	0	0	0	0.04	0	0	0	0	0	0	0	0	0	0	0	0.17	0	0	0	0	0	0	0	0	0	0	0.58	0	0	0	0	0	0	0	0	0.05	0	0.03	0	0	0	0	0.01	0	0	0	0	0	0	0	0	0	0	0	0	0	0	0	0	0	0.26	39.415
NA19190	0	0	0	0	0	0	0	0	0	0	0	0	0.46	0	0	0	0	0	0	0.01	0	0	0	0	0	0	0	0.09	0	0.4	0	0	0	0	0	0	0	0.78	0	0	0	0	0	0	0	0	0	0	0	0	0	0	0	0	0	0	0	0	0	0	0	0	0	0	0	0	0	0	0	0	0	0	0	0	0	0	0	0	0	0	0	0	0	0.26	39.59
HG00186	0	0	0	0	0	0	0.64	0	0	0	0	0	0.23	0	0	0	0	0	0	0	0	0	0	0	0	0	0	0	0	0	0	0	0	0	0	0	0	0	0	0	0	0	0	0	0	0	0	0	0	0	0	0	0	0	0	0	0	0	0	0	0	0	0	0	0	0	0	0	0	0	0	0	0	0	0	0	0	0	0	0	0	0	0	1.13	36.49
NA20805	0	0	0	0	0	0.01	0.08	0	0	0	0.02	0	0.66	0.02	0.01	0.52	0	0	0	0.05	0	0	0	0.28	0	0	0	0.07	0	0.01	0	0	0	0	0	0	0	0	0	0	0	0	0	0	0	0	0	0	0	0	0	0	0	0	0	0	0	0	0	0	0	0	0	0	0	0	0	0	0	0	0	0	0	0	0	0	0	0	0	0	0	0	0	0.27	37.27
HG00325	0	0	0	0	0	0	0.01	0	0	0	0	0	0.88	0	0	0	0	0	0	0.82	0	0	0	0	0	0	0	0	0	0.02	0	0	0	0	0	0	0	0	0	0	0	0	0	0	0	0	0	0	0	0	0	0	0	0	0	0	0	0	0	0	0	0	0	0	0	0	0	0	0	0	0	0	0	0	0	0	0	0	0	0	0	0	0	0.27	37.12
NA20766	0.86	0	0	0	0	0	0	0	0.01	0	0.15	0	0	0	0	0.04	0	0	0	0.01	0	0	0	0.01	0	0	0	0.15	0	0.01	0	0	0	0	0	0	0	0	0	0.02	0	0	0	0	0	0	0	0	0	0	0.01	0	0	0	0	0	0	0	0	0	0	0	0	0	0	0	0	0	0	0	0	0	0	0	0	0	0	0	0	0	0	0	0	0.73	34.625
HG00183	0	0	0	0	0	0	0.05	0	0	0	0	0	0.11	0	0	0	0	0	0	0.04	0	0	0	0	0.04	0	0.86	0.13	0	0.02	0	0	0	0	0	0.01	0.01	0.03	0	0.01	0	0	0	0	0.01	0	0	0.23	0.03	0.01	0	0	0	0	0	0	0	0.05	0	0	0	0	0	0	0	0	0.07	0	0.01	0	0	0	0	0	0.01	0	0.02	0	0	0	0.01	0	0	0.24	40.65
NA12827	0	0	0	0	0	0	0	0	0	0	0	0	0	0	0	0	0	0	0	0	0	0	0	0	0	0	0	0.56	0	0	0	0	0	0	0	0	0	0	0	0	0	0	0	0	0	0	0	0.1	0	0	0	0	0	0	0	0	0.77	0	0	0	0	0	0	0	0	0	0	0	0	0	0	0	0	0	0	0	0	0	0	0	0	0	0	0.57	41.94
NA12400	0	0	0	0	0	0	0	0	0	0	0	0	0	0	0	0	0	0	0	0	0	0	0	0	0.86	0	0	0	0	0	0	0	0	0	0	0	0	0	0	0.86	0	0	0	0	0	0	0	0	0	0	0	0	0	0	0	0	0	0	0	0	0	0	0	0	0	0	0	0	0	0	0	0	0	0	0	0	0	0	0	0	0	0	0	0.28	40.58
NA12760	0	0	0	0	0	0	0	0	0	0	0	0	0	0	0	0	0	0	0	0	0	0	0	0	0.54	0	0	0	0	0	0	0	0	0	0	0	0.31	0	0	0	0	0	0	0	0	0	0	0.01	0	0	0	0	0	0	0	0	0.86	0	0	0	0	0	0	0	0	0	0	0	0	0	0	0	0	0	0	0	0	0	0	0.01	0	0	0	0.27	42.7
NA20540	0	0	0	0	0	0	0.3	0	0	0	0	0	0.56	0	0	0	0	0	0	0	0	0	0	0	0	0	0	0.42	0	0	0	0	0	0	0	0	0	0	0	0	0	0	0	0	0	0	0	0	0	0	0	0.21	0	0.01	0	0.01	0	0.02	0	0	0	0	0	0	0.01	0	0	0	0.21	0	0	0	0	0	0.01	0	0	0	0	0	0	0	0	0.24	39.21
NA20772	0	0	0.02	0	0	0	0.06	0	0.03	0	0.02	0	0.5	0	0	0	0	0	0	0.18	0	0.48	0.04	0	0	0	0	0.09	0	0.24	0	0	0	0	0	0	0	0.01	0	0.02	0	0.04	0	0	0	0	0	0	0	0	0	0.02	0	0	0	0	0	0	0	0	0	0	0	0	0	0	0	0	0	0	0	0	0	0	0	0	0	0	0	0	0	0	0	0.25	38.0625
NA07056	0	0	0	0	0	0	0.85	0	0	0	0	0	0.01	0	0	0	0	0	0	0.01	0	0	0	0	0	0	0	0	0	0.86	0	0	0	0	0	0	0	0	0	0	0	0	0	0	0	0	0	0	0	0	0	0	0	0	0	0	0	0	0	0	0	0	0	0	0	0	0	0	0	0	0	0	0	0	0	0	0	0	0	0	0	0	0	0.27	37.15
NA12154	0	0	0	0	0	0	0	0	0	0	0	0	0.86	0	0	0	0	0	0	0	0	0	0	0	0	0	0	0	0	0	0	0	0	0	0	0	0.02	0	0	0	0	0	0	0	0	0.01	0	0.84	0	0	0	0	0	0	0	0	0	0	0	0	0	0	0	0	0	0	0	0	0	0	0	0	0	0	0	0	0	0	0	0	0	0	0	0.27	39.73
HG00149	0	0	0.01	0	0	0	0	0	0	0	0	0.01	0.01	0	0	0	0	0	0	0	0	0	0	0	0.05	0	0.01	0	0.01	0	0	0	0	0	0	0	0.23	0	0.05	0	0	0	0	0.08	0	0.05	0	0.12	0	0.03	0	0	0.18	0	0.01	0	0.73	0	0	0	0	0	0.05	0	0	0.08	0	0	0	0	0	0.01	0	0	0	0.05	0	0	0	0	0	0	0	0.23	44.11
NA18912	0	0	0	0	0	0	0.02	0	0	0	0.26	0	0.06	0	0	0	0	0	0	0.12	0	0.05	0	0	0	0	0	0.08	0	0.43	0	0	0	0	0	0	0	0	0	0	0	0.11	0	0	0	0	0	0	0	0	0	0.08	0	0	0	0	0	0	0	0	0	0	0	0	0	0	0	0	0	0	0	0	0	0	0	0	0.04	0	0	0	0	0	0	0.75	38.875
HG00343	0	0	0	0	0	0	0.53	0	0	0	0	0	1.19	0	0	0	0	0	0	0	0	0	0	0	0	0	0	0	0	0	0	0	0	0	0	0	0	0	0	0	0	0	0	0	0	0	0	0	0	0	0	0	0	0	0	0	0	0	0	0	0	0	0	0	0	0	0	0	0	0	0	0	0	0	0	0	0	0	0	0	0	0	0	0.28	35.75
NA19130	0	0	0	0	0	0.86	0	0	0	0	0	0	0	0	0	0	0	0	0	0	0	0	0	0	0	0	0	0.09	0	0	0	0	0	0	0	0	0	0.78	0	0	0	0	0	0	0	0	0	0	0	0	0	0	0	0	0	0	0	0	0	0	0	0	0	0	0	0	0	0	0	0	0	0	0	0	0	0	0	0	0	0	0	0	0	0.27	37.93
NA12286	0	0	0	0	0	0	0.51	0	0	0	0	0	0.3	0	0	0	0	0	0	0.06	0	0	0	0	0	0	0	0	0	0	0	0.43	0	0	0	0	0	0	0	0	0	0	0	0	0	0.44	0	0	0	0	0	0	0	0	0	0	0	0	0	0	0	0	0	0	0	0	0	0	0	0	0	0	0	0	0	0	0	0	0	0	0	0	0	0.26	38.43
NA12340	0	0	0	0	0	0	0.25	0	0	0	0	0	1.04	0	0	0	0	0	0	0.02	0	0	0	0	0	0	0	0	0	0.42	0	0	0	0	0	0	0	0	0	0	0	0	0	0	0	0	0	0	0	0	0	0	0	0	0	0	0	0	0	0	0	0	0	0	0	0	0	0	0	0	0	0	0	0	0	0	0	0	0	0	0	0	0	0.27	36.88
HG00118	0	0	0	0	0	0	0	0	0	0	0	0	0.86	0	0	0	0	0	0	0	0	0	0	0	0	0	0	0	0	0	0	0	0	0	0	0	0	0	0	0	0	0	0	0	0	0	0	0	0	0	0.69	0	0	0	0	0	0	0.18	0	0	0	0	0	0	0	0	0	0	0	0	0	0	0	0	0	0	0	0	0	0	0	0	0	0.27	39.93
HG00275	0	0	0	0	0	0	0.59	0	0	0	0	0	0.28	0	0	0	0	0	0	0	0	0	0	0	0	0	0.86	0	0	0	0	0	0	0	0	0	0	0	0	0	0	0	0	0	0	0	0	0	0	0	0	0	0	0	0	0	0	0	0	0	0	0	0	0	0	0	0	0	0	0	0	0	0	0	0	0	0	0	0	0	0	0	0	0.27	37.4
NA19143	0	0	0.01	0	0	0.05	0.13	0	0.19	0	0.01	0	0.14	0	0	0.01	0	0	0	0.22	0	0	0	0	0	0	0.02	0.02	0	0.08	0	0	0	0	0	0	0.05	0	0.11	0.01	0.19	0.02	0	0	0	0.01	0	0.25	0	0.03	0	0	0	0	0.02	0	0.05	0	0.01	0	0	0	0	0.02	0	0.02	0	0	0	0	0	0.01	0	0	0	0.01	0	0	0	0	0	0	0	0.31	39.61
HG00280	0	0	0.01	0	0	0	0.14	0	0	0	0	0	0.04	0	0	0	0	0	0	0.68	0	0	0	0.08	0.03	0	0.01	0.02	0	0.01	0	0	0	0	0.01	0	0.1	0	0	0	0	0	0	0	0	0.02	0	0.5	0	0.05	0	0	0	0.01	0	0.01	0.02	0.02	0	0	0	0	0	0	0.01	0.01	0	0	0	0	0	0	0	0	0.01	0	0	0	0	0	0	0	0	0.21	40.11
NA12383	0	0	0.17	0	0	0	0.83	0	0.01	0	0.01	0	0.67	0	0	0.03	0	0	0	0.01	0	0	0	0	0	0	0	0.01	0	0.01	0	0	0	0	0	0	0	0	0	0.01	0	0	0	0	0	0	0	0	0	0	0	0	0	0	0	0	0	0	0	0	0	0	0	0	0	0	0	0	0	0	0	0	0	0	0	0	0	0	0	0	0	0	0	0.24	35.17
NA12717	0	0	0	0	0	0	0.09	0	0	0	0	0	0.39	0	0	0	0	0	0	0.27	0	0	0	0	0	0	0.03	0.01	0	0.1	0	0	0	0	0	0	0	0	0.41	0	0.02	0	0	0	0	0	0	0	0	0.18	0	0	0	0	0	0	0	0	0.2	0	0.03	0	0	0	0	0.01	0	0	0	0	0	0	0	0	0	0	0	0	0	0	0	0	0	0.26	39.94
NA20814	0	0	0	0	0	0	0	0	0	0	0	0	0	0	0	0	0	0	0	0	0	0	0	0	0.07	0	0.01	0	0	0	0	0	0	0	0	0	1.33	0	0.01	0	0	0	0	0	0	0.01	0	0.21	0	0.01	0	0	0	0	0	0	0.08	0	0	0	0	0	0	0.01	0	0.01	0	0	0	0	0	0	0	0.01	0	0	0	0	0	0	0	0	0	0.24	41.93
NA18501	0.25	0	0	0	0	0.86	0.23	0	0	0	0.01	0	0.34	0	0	0	0	0	0	0.02	0	0	0	0	0	0	0	0	0	0.01	0	0	0	0	0	0	0	0	0	0	0	0	0	0	0	0	0	0	0	0	0	0	0	0	0	0	0	0.01	0	0	0	0	0	0	0	0	0	0	0	0	0	0	0	0	0	0	0	0	0	0	0	0	0	0.27	34.52
HG00231	0	0	0	0	0	0	0	0	0	0	0	0	0	0	0	0	0	0	0.09	0	0	0	0	0	0.05	0	0.01	0	0	0	0	0	0	0	0	0	0.45	0	0.01	0	0	0	0	0	0	0.01	0	0.37	0	0.02	0	0	0	0	0	0	0.17	0	0	0	0	0	0	0.02	0	0.53	0	0	0	0	0	0	0	0.01	0	0	0	0	0	0	0	0	0	0.26	43.67
HG00242	0	0	0.81	0	0	0	0	0	0	0	0	0	0	0	0	0	0	0	0	0	0	0	0	0	0	0	0	0.05	0	0	0	0	0	0	0	0	0	0	0	0	0	0	0	0	0	0.14	0	0	0	0	0	0	0	0	0.21	0	0	0	0	0	0	0	0	0.32	0	0	0	0	0	0	0	0.14	0	0.07	0	0	0	0	0	0	0	0	0	0.26	39.74
NA18486	0	0	0	0	0	0	0	0	0	0	0	0	0.59	0.86	0	0	0	0	0	0.27	0	0	0	0	0	0	0	0	0	0	0	0	0	0	0	0	0	0	0	0	0	0	0	0	0	0	0	0	0	0	0	0	0	0	0	0	0	0	0	0	0	0	0	0	0	0	0	0	0	0	0	0	0	0	0	0	0	0	0	0	0	0	0	0.28	36.55
HG00274	0	0	0.01	0	0	0	0.19	0	0	0	0.01	0	0.27	0.07	0	0	0	0	0	1.05	0	0	0.01	0	0	0	0	0.04	0	0.05	0	0	0	0	0	0	0	0.01	0	0.02	0	0.01	0	0	0	0	0	0	0	0	0.01	0	0	0	0.01	0	0	0	0	0	0	0	0	0.01	0	0	0	0	0	0	0	0	0	0	0	0	0	0	0	0	0	0	0	0.23	37.5375
HG00335	0	0	0.86	0	0	0	0.14	0	0	0	0.01	0	0.58	0.02	0.1	0	0	0	0	0.04	0	0	0	0	0	0	0	0	0	0	0	0	0	0	0	0	0	0	0	0	0	0	0	0	0	0	0	0	0	0	0	0	0	0	0	0	0	0	0	0	0	0	0	0	0	0	0	0	0	0	0	0	0	0	0	0	0	0	0	0	0	0	0	0.25	34.43
HG00259	0	0	0	0	0	0	0.05	0.09	0	0	0	0	0.3	0	0	0	0	0	0	0.59	0	0	0	0	0	0	0	0	0	0.7	0	0	0	0	0	0	0	0	0	0	0	0	0	0	0	0	0	0	0	0	0	0	0	0	0	0	0	0	0	0	0	0	0	0	0	0	0	0	0	0	0	0	0	0	0	0	0	0	0	0	0	0	0	0.27	38.12
NA20530	0	0	0	0	0	0	0	0	0	0	0	0	0	0	0	0.19	0	0	0	0	0	0	0	0.66	0	0	0	0.01	0	0.01	0	0	0	0.02	0	0	0	0	0	0.84	0	0	0	0	0	0	0	0	0	0	0	0	0	0	0	0	0	0	0	0	0	0	0	0	0	0	0	0	0	0	0	0	0	0	0	0	0	0	0	0	0	0	0	0.27	40.1825
HG00096	0	0	0.02	0	0	0	0.13	0	0	0	0	0	1.57	0	0	0	0	0	0	0.02	0	0	0	0	0	0	0	0	0	0	0	0	0	0	0	0	0	0	0	0	0	0	0	0	0	0	0	0	0	0	0	0	0	0	0	0	0	0	0	0	0	0	0	0	0	0	0	0	0	0	0	0	0	0	0	0	0	0	0	0	0	0	0	0.26	36.11
NA18871	0	0	0.01	0	0	0.6	0.06	0	0.01	0	0	0	0.04	0	0	0.01	0	0	0	0.11	0	0	0	0	0	0	0	0.01	0	0.02	0	0	0	0	0	0	0	0	0	0.01	0.86	0.01	0	0	0	0	0	0	0	0	0	0	0	0	0	0	0	0	0	0	0	0	0	0	0	0	0	0	0	0	0	0	0	0	0	0	0	0	0	0	0	0	0	0.25	38.385
NA20802	0	0	0.01	0	0	0	0.06	0	0	0	0	0	0.24	0	0	0	0	0	0	0.26	0	0	0	0	0.01	0	0	0	0	0.3	0	0	0	0	0	0	0.26	0	0	0	0	0.01	0	0	0	0	0	0.46	0	0	0	0	0	0	0	0	0.08	0	0	0	0	0	0	0.01	0	0.06	0	0	0	0	0	0	0	0	0	0	0	0	0	0	0	0	0	0.24	40.51
HG00236	0.57	0	0.29	0	0	0	0.81	0	0	0	0	0	0.01	0	0	0.01	0	0	0	0.01	0	0	0	0	0	0	0	0.01	0	0.01	0	0	0	0	0	0	0	0	0	0.03	0	0	0	0	0	0	0	0	0	0	0.01	0	0	0	0	0	0	0	0	0	0	0	0	0	0	0	0	0	0	0	0	0	0	0	0	0	0	0	0	0	0	0	0	0.24	33.3275
NA11920	0	0	0	0	0	0	0	0	0.86	0	0	0	0	0	0	0	0	0	0	0	0	0	0	0	0	0	0	0	0	0	0	0	0	0	0	0	0	0	0	0	0	0	0	0	0	0	0	0	0	0	0	0	0	0	0	0	0	0.86	0	0	0	0	0	0	0	0	0	0	0	0	0	0	0	0	0	0	0	0	0	0	0	0	0	0.28	40.365
HG00239	0	0	0	0	0	0	0	0	0	0	0	0	0	0	0	0	0	0	0	0	0	0	0	0	0	0	0	0	0	0	0	0	0	0	0	0	0.05	0	0	0	0	0	0	0	0	0	0	1.68	0	0	0	0	0	0	0	0	0	0	0	0	0	0	0	0	0	0	0	0	0	0	0	0	0	0	0	0	0	0	0	0	0	0	0	0.27	43.14
HG00265	0	0	0	0	0	0	0.86	0	0	0	0	0	0.01	0	0	0	0	0	0	0	0	0	0	0	0	0	0.77	0	0	0	0	0	0	0	0	0	0	0	0.04	0	0.01	0	0	0	0	0	0	0.01	0	0.04	0	0	0	0	0	0	0	0	0.01	0	0	0	0	0	0	0	0	0	0	0	0	0	0	0	0	0	0	0	0	0	0	0	0	0.25	37.33
HG00115	0	0	0	0	0	0	0.35	0	0	0	0.01	0	0.41	0.03	0	0	0	0	0	0.09	0	0	0	0	0	0	0	0	0	0	0	0	0	0	0	0	0.01	0	0	0	0	0	0	0.71	0	0	0	0.01	0	0	0	0	0.08	0	0	0	0	0	0	0	0	0	0.05	0	0	0	0	0	0	0	0	0.01	0	0	0	0	0	0	0	0	0	0	0	0.24	39.66
HG00244	0	0	0	0	0	0	0	0	0	0	0	0	0	0	0	0	0	0	0	0.86	0	0	0	0	0	0	0	0	0	0	0	0	0	0	0	0	0	0	0	0	0	0	0	0	0	0	0	0.86	0	0	0	0	0	0	0	0	0	0	0	0	0	0	0	0	0	0	0	0	0	0	0	0	0	0	0	0	0	0	0	0	0	0	0	0.28	40.58
NA18868	0	0	0	0	0	0.79	0	0	0	0	0	0	0.07	0	0	0	0	0	0	0	0	0	0	0	0	0	0	0.01	0	0.86	0	0	0	0	0	0	0	0	0	0	0	0	0	0	0	0	0	0	0	0	0	0	0	0	0	0	0	0	0	0	0	0	0	0	0	0	0	0	0	0	0	0	0	0	0	0	0	0	0	0	0	0	0	0.27	37.22
HG00110	0	0	0	0	0	0	0.84	0	0	0	0.01	0	0.41	0	0	0	0	0	0	0.48	0	0	0	0	0	0	0	0	0	0	0	0	0	0	0	0	0	0	0	0	0	0	0	0	0	0	0	0	0	0	0	0	0	0	0	0	0	0	0	0	0	0	0	0	0	0	0	0	0	0	0	0	0	0	0	0	0	0	0	0	0	0	0	0.26	35.9
HG00181	0	0	0	0	0	0	0	0	0	0	0	0	0.86	0	0	0	0	0	0	0	0	0	0	0	0	0	0	0	0	0	0	0	0	0	0	0	0	0	0	0	0	0	0	0	0	0	0	0	0	0	0	0	0	0.86	0	0	0	0	0	0	0	0	0	0	0	0	0	0	0	0	0	0	0	0	0	0	0	0	0	0	0	0	0	0.28	40.58
HG00187	0	0	0	0	0	0	0	0	0	0	0	0	0	0	0	0	0	0	0	0	0	0	0	0	0	0	0	0	0	0	0	0	0	0	0	0	0.23	0	0	0	0	0	0	0	0	0	0	0.01	0	0	0	0	0	0	0	0	0.62	0	0	0	0	0	0	0	0.85	0	0	0	0	0	0	0	0	0	0.01	0	0	0	0	0	0	0	0	0.28	45.28
HG00188	0	0	0	0	0	0	0	0	0	0	0	0	0	0	0	0	0	0	0	0	0	0	0	0	0	0	0	0.58	0	0	0	0	0	0	0	0	0	0	0	0	0	0	0	0	0	0	0	0	0	0.29	0	0	0	0	0	0	0	0	0	0	0	0	0	0	0	0	0	0	0	0	0	0	0	0	0	0	0	0.86	0	0	0	0	0	0.27	44.61
NA20542	0	0	0	0	0	0	0.17	0	0	0	0	0	0.28	0.02	0	0	0	0	0	0.4	0	0	0	0	0	0	0.03	0	0	0	0	0	0	0	0	0	0	0	0.41	0	0.06	0	0	0	0	0	0	0	0	0.28	0	0	0	0	0	0	0	0	0.01	0	0	0	0	0	0	0	0	0.09	0	0	0	0	0	0	0	0	0	0	0	0	0	0	0	0.25	39.66
HG00264	0	0	0	0	0	0	0.25	0	0	0	0	0	0.24	0	0	0	0	0	0	0	0	0	0	0	0	0	0	0	0	0.37	0	0	0	0	0.01	0	0.85	0	0	0	0	0	0	0	0	0	0	0.01	0	0	0	0	0	0	0	0	0	0	0	0	0	0	0	0	0	0	0	0	0	0	0	0	0	0	0	0	0	0	0	0	0	0	0	0.27	39.38
HG00315	0	0	0	0	0	0	0	0	0	0	0	0	0	0	0	0	0	0	0	0.86	0	0	0	0	0	0	0	0	0	0	0	0	0	0	0	0	0	0	0	0	0	0	0	0	0	0	0	0	0	0	0	0	0	0	0	0	0.86	0	0	0	0	0	0	0	0	0	0	0	0	0	0	0	0	0	0	0	0	0	0	0	0	0	0	0.28	41.44
HG00376	0	0	0.86	0	0	0	0	0	0	0	0	0	0.86	0	0	0	0	0	0	0	0	0	0	0	0	0	0	0	0	0	0	0	0	0	0	0	0	0	0	0	0	0	0	0	0	0	0	0	0	0	0	0	0	0	0	0	0	0	0	0	0	0	0	0	0	0	0	0	0	0	0	0	0	0	0	0	0	0	0	0	0	0	0	0.28	34.56
NA20811	0	0	0	0	0	0	0	0	0	0	0	0	0.8	0	0	0	0	0	0	0	0	0	0	0	0	0	0	0.87	0	0	0	0	0	0	0	0	0	0	0	0.06	0	0	0	0	0	0	0	0	0	0	0	0	0	0	0	0	0	0	0	0	0	0	0	0	0	0	0	0	0	0	0	0	0	0	0	0	0	0	0	0	0	0	0	0.27	38.19
NA20785	0	0	0	0	0	0	0	0	0	0	0	0	0	0	0	0	0	0	0	0	0	0	0	0	0	0	0	0	0	0	0	0	0	0	0	0	0	0.01	0	0	0	0	0	0	0	0	0	0.01	0.16	0	0.01	0	0	0	0	0	0	0.54	0	0	0	0	0	0	0.86	0	0.07	0	0	0.01	0	0	0	0	0	0	0.02	0.02	0	0	0.04	0	0	0.25	45.94
HG00176	0	0	0	0	0	0	0	0	0	0	0	0	0	0	0	0	0	0	0	0	0	0	0	0	0	0	0	0	0	0	0	0	0	0	0	0	0	0	0	0	0	0	0	0	0	0	0	0	0	0	0	0	0	0.86	0	0	0	0	0	0	0	0	0	0	0	0	0	0	0	0	0	0	0	0	0	0	0	0.86	0	0	0	0	0	0.28	46.6
NA18507	0.25	0	0.01	0	0	0.01	0.14	0	0	0	0.27	0	0.32	0.01	0.01	0.01	0	0	0	0.11	0	0	0	0	0	0	0	0.01	0	0.07	0	0	0.01	0	0	0	0	0	0	0	0	0.02	0	0	0	0	0	0.01	0	0	0	0.01	0	0	0	0	0	0.01	0	0	0	0	0	0	0	0	0	0	0	0	0	0	0	0	0	0	0	0	0	0	0	0	0	0.72	36.295
HG00261	0	0	0	0	0	0	0.86	0	0	0	0	0	0	0	0	0	0	0	0	0	0	0	0	0	0	0	0	0	0	0	0	0	0	0	0	0	0	0	0	0	0	0	0	0	0	0	0	0	0.35	0	0	0	0	0	0	0	0	0.52	0	0	0	0	0	0	0	0	0	0	0	0	0	0	0	0	0	0	0	0	0	0	0	0	0	0.27	39.41
HG00179	0	0	0	0	0	0	0.52	0	0	0	0	0	0.14	0	0	0	0	0	0	1.05	0	0	0	0	0	0	0	0.01	0	0.01	0	0	0	0	0	0	0	0	0	0.01	0	0	0	0	0	0	0	0	0	0	0	0	0	0	0	0	0	0	0	0	0	0	0	0	0	0	0	0	0	0	0	0	0	0	0	0	0	0	0	0	0	0	0	0.26	36.86
NA12776	0	0	0	0	0.02	0	0	0	0.85	0	0	0	0	0	0	0	0	0	0	0.86	0	0	0	0	0	0	0	0	0	0	0	0	0	0	0	0	0	0	0	0	0	0	0	0	0	0	0	0	0	0	0	0	0	0	0	0	0	0	0	0	0	0	0	0	0	0	0	0	0	0	0	0	0	0	0	0	0	0	0	0	0	0	0	0.27	36.8925
NA20758	0	0	0	0	0	0	0	0	0	0	0	0	0	0	0	0	0.73	0	0	0	0	0	0	0	0.14	0	0	0	0	0	0	0	0	0	0	0	0	0	0.48	0	0	0	0	0	0	0	0	0.04	0	0.17	0	0	0	0	0	0	0.03	0	0	0	0	0	0	0	0	0.15	0	0	0	0	0	0	0	0	0	0	0	0	0	0	0	0	0	0.26	40.6
NA18498	0	0	0	0.01	0	0.01	0.04	0	0.03	0	0.01	0	1.35	0	0	0.09	0	0	0	0.04	0	0	0	0.01	0	0	0	0.02	0	0.03	0	0	0	0	0	0	0	0	0	0.01	0	0.01	0	0	0	0	0	0	0	0	0	0.08	0	0	0	0	0	0	0	0	0	0	0	0	0	0	0	0	0	0	0	0	0	0	0	0	0	0	0	0	0	0	0	0.26	36.7875
HG00321	0	0	0.86	0	0	0.15	0.02	0	0.38	0	0.02	0	0.01	0	0	0.12	0	0	0	0.02	0	0	0	0.03	0	0	0	0.04	0	0.01	0	0	0	0	0	0	0	0	0	0.04	0	0	0	0	0	0	0	0	0	0	0.01	0	0	0	0	0	0	0	0	0	0	0	0	0	0	0	0	0	0	0	0	0	0	0	0	0	0	0	0	0	0	0	0	0.29	34.7275
HG00313	0	0	0	0	0	0	0.77	0	0	0	0	0	0.08	0	0	0	0	0	0	0.01	0	0	0	0	0	0	0	0	0	0.01	0	0	0	0	0	0	0	0	0	0	0	0	0	0	0	0	0	0	0	0	0	0	0	0	0	0	0	0	0	0	0	0	0	0	0	0	0	0	0	0	0	0	0	0	0	0	0	0	0	0	0	0	0	1.13	36.39
HG00174	0	0	0	0	0	0	0	0	0	0	0	0	0.89	0	0	0	0	0	0	0.84	0	0	0	0	0	0	0	0	0	0	0	0	0	0	0	0	0	0	0	0	0	0	0	0	0	0	0	0	0	0	0	0	0	0	0	0	0	0	0	0	0	0	0	0	0	0	0	0	0	0	0	0	0	0	0	0	0	0	0	0	0	0	0	0.27	37.11
NA12287	0	0	0.02	0	0	0	0.72	0	0	0	0	0	0.34	0	0	0	0	0	0	0.03	0	0	0	0	0	0	0	0.01	0	0.58	0	0	0	0	0	0	0	0	0	0.01	0	0	0	0	0	0	0	0	0	0	0	0	0	0	0	0	0	0	0	0	0	0	0	0	0	0	0	0	0	0	0	0	0	0	0	0	0	0	0	0	0	0	0	0.29	36.77
NA20756	0	0	0	0.01	0	0.04	0.35	0	0.01	0	0	0	1.02	0.22	0	0.01	0	0	0	0.03	0	0	0	0.01	0	0	0	0.02	0	0.01	0	0	0	0	0	0	0	0	0	0	0	0.01	0	0	0	0	0	0	0	0	0	0	0	0	0	0	0	0	0	0	0	0	0	0	0	0	0	0	0	0	0	0	0	0	0	0	0	0	0	0	0	0	0	0.26	35.9925
HG00180	0	0	0.01	0	0	0	0.63	0	0	0	0	0	0.05	0	0	0	0	0	0	0.9	0	0	0	0	0	0	0	0.01	0	0.14	0	0	0	0	0	0	0	0	0	0.01	0	0	0	0	0	0	0	0	0	0	0	0	0	0	0	0	0	0	0	0	0	0	0	0	0	0	0	0	0	0	0	0	0	0	0	0	0	0	0	0	0	0	0	0.25	36.83
NA19257	0.01	0	0.85	0	0	0	0	0	0	0	0	0	0.86	0	0	0	0	0	0	0	0	0	0	0	0	0	0	0	0	0	0	0	0	0	0	0	0	0	0	0	0	0	0	0	0	0	0	0	0	0	0	0	0	0	0	0	0	0	0	0	0	0	0	0	0	0	0	0	0	0	0	0	0	0	0	0	0	0	0	0	0	0	0	0.28	34.55
HG00112	0	0	0	0	0	0	0	0	0	0	0	0	0	0	0	0.86	0	0	0	0	0	0	0	0	0	0	0	0.01	0	0	0	0	0	0	0	0	0.42	0	0	0	0	0	0	0	0	0	0	0.02	0	0	0	0	0	0	0	0	0	0	0	0	0	0	0	0	0	0.43	0	0	0	0	0	0	0	0	0	0	0	0	0	0	0	0	0	0.26	40.845
NA20586	0	0	0	0	0	0	0	0	0	0	0	0	0.76	0	0	0	0	0	0	0	0	0	0	0	0.08	0	0	0	0	0	0	0	0	0	0	0	0.32	0	0	0	0	0	0	0	0	0	0	0.27	0	0	0	0	0	0	0	0	0.2	0	0	0	0	0	0	0	0	0	0	0	0	0	0	0	0	0	0	0	0	0	0	0	0	0	0	0.37	39.57
NA12347	0	0	0	0	0	0	0.83	0	0	0	0	0	0.04	0	0	0	0	0	0	0	0	0	0	0	0	0	0	0	0	0	0	0	0	0	0	0	0	0	0	0	0	0	0	0	0	0	0	0	0	0	0	0	0	0	0	0	0.86	0	0	0	0	0	0	0	0	0	0	0	0	0	0	0	0	0	0	0	0	0	0	0	0	0	0	0.27	39.74
NA20517	0	0	0	0	0	0	0	0	0	0	0	0	0.59	0	0	0	0	0	0	0.27	0	0	0	0	0	0	0	0	0	0	0	0	0	0	0	0	0	0	0	0	0	0	0	0	0	0	0	0.09	0	0	0	0	0	0	0.01	0	0.01	0	0	0	0	0	0	0	0	0.01	0	0	0	0	0	0	0	0.01	0	0	0	0	0	0	0	0	0.73	0.28	43.71
HG00384	0	0	0	0	0	0	0	0	0	0	0	0	0.86	0	0	0	0	0	0	0	0	0	0	0	0	0	0	0	0	0	0	0	0	0	0	0	0	0	0	0	0	0	0	0	0	0	0	0.86	0	0	0	0	0	0	0	0	0	0	0	0	0	0	0	0	0	0	0	0	0	0	0	0	0	0	0	0	0	0	0	0	0	0	0	0.28	39.72
NA12283	0	0	0	0	0	0	0.1	0	0.04	0	0.02	0	0.15	0	0	0.66	0	0	0	0.26	0.01	0	0.06	0.08	0	0	0	0.08	0	0.29	0	0	0	0	0	0	0	0.01	0	0	0	0	0	0	0	0	0	0	0	0	0	0	0	0	0	0	0	0	0	0	0	0	0	0	0	0	0	0	0	0	0	0	0	0	0	0	0	0	0	0	0	0	0	0.24	37.91
NA11843	0	0	0	0	0	0	0	0	0	0	0	0	0.86	0	0	0	0	0	0	0.31	0	0	0	0	0	0	0	0	0	0.39	0	0	0	0	0	0	0	0	0	0	0	0.18	0	0	0	0	0	0	0	0	0	0	0	0	0	0	0	0	0	0	0	0	0	0	0	0	0	0	0	0	0	0	0	0	0	0	0	0	0	0	0	0	0	0.26	37.89
NA20778	0	0	0	0	0	0	0.12	0	0	0	0	0	0	0	0	0	0	0	0	0	0	0	0	0	0	0	0	0.01	0	0	0	0	0	0	0	0	0	0	0	0	0	0	0	0	0	0	0	0	0	0.01	0	0	0	0	0	0	0.85	0	0	0	0	0	0	0	0	0.01	0	0	0	0	0	0	0	0	0	0	0	0	0	0	0	0	0	1.0	41.25
NA20541	0	0	0.53	0	0	0	0.32	0	0	0	0	0	0.02	0	0	0	0	0	0	0	0	0	0	0	0	0	0	0	0	0	0	0	0	0	0	0	0.86	0	0	0	0	0	0	0	0	0	0	0	0	0	0	0	0	0	0	0	0	0	0	0	0	0	0	0	0	0	0	0	0	0	0	0	0	0	0	0	0	0	0	0	0	0	0	0.27	37.47
HG00267	0	0	0	0	0	0	0.86	0	0	0	0	0	0.86	0	0	0	0	0	0	0	0	0	0	0	0	0	0	0	0	0	0	0	0	0	0	0	0	0	0	0	0	0	0	0	0	0	0	0	0	0	0	0	0	0	0	0	0	0	0	0	0	0	0	0	0	0	0	0	0	0	0	0	0	0	0	0	0	0	0	0	0	0	0	0.28	35.42
NA19102	0	0	0	0	0	0.86	0	0	0	0	0	0	0	0	0	0	0	0	0	0.01	0	0	0	0	0	0	0	0	0	0.86	0	0	0	0	0	0	0	0	0	0	0	0	0	0	0	0	0	0	0	0	0	0	0	0	0	0	0	0	0	0	0	0	0	0	0	0	0	0	0	0	0	0	0	0	0	0	0	0	0	0	0	0	0	0.27	37.14
NA12272	0	0	0.02	0	0	0	0.05	0	0	0	0.01	0	1.13	0	0	0	0	0	0	0.19	0.01	0	0.06	0	0	0	0	0.06	0	0.19	0	0	0	0	0	0	0	0.01	0	0.01	0	0.01	0	0	0	0	0	0	0	0	0	0.01	0	0	0	0	0	0	0	0	0	0	0	0	0	0	0	0	0	0	0	0	0	0	0	0	0	0	0	0	0	0	0	0.24	37.085
NA19141	0	0	0	0	0	0	0	0	0	0	0	0	1.46	0	0	0	0	0	0	0.27	0	0	0	0	0	0	0	0	0	0	0	0	0	0	0	0	0	0	0	0	0	0	0	0	0	0	0	0	0	0	0	0	0	0	0	0	0	0	0	0	0	0	0	0	0	0	0	0	0	0	0	0	0	0	0	0	0	0	0	0	0	0	0	0.27	36.54
NA07048	0	0	0	0	0	0	0	0	0	0	0	0	0	0	0	0	0	0	0	0	0	0	0	0	0	0	0	0	0	0	0	0	0	0	0	0	0	0	0	0	0	0	0	0	0	0	0	0	0.76	0	0	0	0	0	0	0	0	0.65	0	0	0	0	0	0	0	0	0	0	0	0	0	0	0	0	0	0	0	0	0	0	0.32	0	0	0.27	45.12
NA20769	0	0	0.86	0	0	0	0	0	0	0	0	0	0	0	0	0	0	0	0	0	0	0	0	0	0	0	0	0	0	0	0	0	0	0	0	0	0.86	0	0	0	0	0	0	0	0	0	0	0	0	0	0	0	0	0	0	0	0	0	0	0	0	0	0	0	0	0	0	0	0	0	0	0	0	0	0	0	0	0	0	0	0	0	0	0.28	37.14
NA20773	0	0	0	0	0	0	0	0	0	0	0	0	0	0	0	0	0	0	0	0	0	0	0	0	0	0	0	0.73	0	0	0	0	0	0	0	0.01	0.45	0	0	0	0	0	0	0	0	0.02	0.09	0.43	0	0	0	0	0	0	0	0	0	0	0	0	0	0	0	0	0	0	0.02	0	0	0	0	0	0	0	0	0	0	0	0	0	0	0	0	0.25	41.37
HG00328	0	0	0	0	0	0	0.01	0	0	0	0.01	0	0.01	0	0	0	0	0	0	0.01	0	0	0	0	0	0	0	0.01	0	0.01	0	0	0	0	0	0	0.05	0	0	0.01	0	0	0	0	0	0	0	0.01	0	0	0.81	0	0	0	0	0	0.81	0	0	0	0	0	0	0	0	0	0	0	0	0	0	0	0	0	0	0	0	0	0	0	0	0	0	0.25	43.8
HG00106	0	0	0	0	0	0	0	0	0	0	0	0	0.13	0	0	0	0	0	0	0.03	0	0	0	0	0	0	0	0.08	0	0.27	0	0	0	0	0	0	0	0.03	0	0.3	0	0	0	0	0	0	0	0	0	0	0.01	0	0	0	0	0	0	0	0	0	0	0	0	0	0	0	0	0	0	0	0	0	0	0	0	0	0	0	0	0	0	0	0	1.15	38.91
HG00361	0	0	0	0	0	0	0	0	0	0	0	0	0	0	0	0	0	0	0	0	0	0	0	0	0	0	0	0	0	0	0	0	0	0	0	0	0	0	0	0	0	0	0	0	0	0.65	0	0	0	0	0	0	0	0	0.14	0	0	0	0	0	0	0	0	0.06	0	0	0	0	0	0	0	0.03	0	0	0	0	0	0	0	0	0	0	0	1.12	40.99
HG00253	0	0	0	0	0	0	0	0	0	0	0	0	0	0	0	0	0	0	0	0.86	0	0	0	0	0	0	0	0	0	0.01	0	0	0	0	0	0	0.34	0	0	0	0	0	0	0	0	0	0	0.04	0	0	0	0	0	0	0.01	0	0.27	0	0	0	0	0	0	0	0	0.22	0	0	0	0	0	0	0	0	0	0	0	0	0	0	0	0	0	0.25	41.03
HG00155	0	0	0	0	0	0	0	0	0	0	0	0	0.28	0	0	0	0	0	0	0.13	0	0	0	0	0	0.01	0	0	0	0.45	0	0	0	0	0	0	0	0	0	0	0	0	0	0	0	0	0	0.86	0	0	0	0	0	0	0	0	0	0	0	0	0	0	0	0	0	0	0	0	0	0	0	0	0	0	0	0	0	0	0	0	0	0	0	0.27	40.76
NA20792	0.01	0	0.01	0	0	0	0.09	0	0	0	0.02	0	0.62	0	0	0.05	0	0	0	0.06	0	0.01	0.01	0	0.01	0	0	0	0	0.01	0	0	0	0	0	0	0.45	0	0	0	0	0	0	0	0	0.01	0	0.02	0	0	0	0	0	0	0	0	0.01	0	0	0	0	0	0	0	0	0.39	0	0	0	0	0	0	0	0	0	0	0	0	0	0	0	0	0	0.22	40.11
NA20759	0	0	0	0	0	0	0	0	0	0	0	0	0	0	0	0.09	0	0	0	0.01	0.86	0	0	0	0	0	0	0.09	0	0	0	0	0	0	0	0	0	0	0	0.6	0	0	0	0	0	0	0	0	0	0	0.07	0	0	0	0	0	0	0	0	0	0	0	0	0	0	0	0	0	0	0	0	0	0	0	0	0	0	0	0	0	0	0	0	0.28	39.4775
NA18934	0	0	0	0	0	0	0	0	0	0	0	0	0	0	0	0	0	0	0	0	0	0	0	0	0	0	0.86	0	0	0.86	0	0	0	0	0	0	0	0	0	0	0	0	0	0	0	0	0	0	0	0	0	0	0	0	0	0	0	0	0	0	0	0	0	0	0	0	0	0	0	0	0	0	0	0	0	0	0	0	0	0	0	0	0	0.28	39.72
NA11840	0	0	0	0	0	0	0	0	0	0	0	0	0	0	0	0	0	0	0	0	0	0	0	0	0	0	0	0	0	0	0	0	0	0	0	0	1.08	0	0	0	0	0	0	0	0	0.42	0	0	0	0	0	0	0	0	0	0	0.23	0	0	0	0	0	0	0	0	0	0	0	0	0	0	0	0	0	0	0	0	0	0	0	0	0	0	0.27	42.34
HG00109	0	0	0.31	0	0	0	0.19	0	0.02	0	0	0	0.38	0	0	0.01	0	0	0	0.82	0	0	0	0	0	0	0	0.01	0	0.01	0	0	0	0	0	0	0	0	0	0	0	0	0	0	0	0	0	0	0	0	0	0	0	0	0	0	0	0	0	0	0	0	0	0	0	0	0	0	0	0	0	0	0	0	0	0	0	0	0	0	0	0	0	0.25	36.3025
NA18511	0	0	0	0	0	0	0	0	0	0	0	0	1.51	0	0	0	0	0	0	0	0	0	0	0	0	0	0	0	0	0.21	0	0	0	0	0	0	0	0	0	0	0	0	0	0	0	0	0	0	0	0	0	0	0	0	0	0	0	0	0	0	0	0	0	0	0	0	0	0	0	0	0	0	0	0	0	0	0	0	0	0	0	0	0	0.28	36.7
HG01334	0	0	0	0	0	0	0	0	0	0	0	0	0	0	0	0.86	0	0	0	0	0	0	0	0	0	0	0	0	0	0	0	0	0	0	0	0	0	0	0	0	0	0	0	0.2	0	0.02	0	0	0	0	0	0	0.32	0	0	0	0	0	0	0	0	0	0.32	0	0	0	0	0	0	0	0	0	0	0	0	0	0	0	0	0	0	0	0	0.28	41.325
NA12842	0.86	0	0	0	0	0	0	0	0	0	0	0	0	0	0	0	0	0	0	0	0	0	0	0	0	0	0	0	0	0	0	0	0	0	0	0	0	0	0	0	0	0	0	0	0	0	0	0	0	0	0	0	0	0	0	0	0	0	0	0	0	0	0	0	0	0	0	0	0	0	0	0	0	0	0	0	0	0	0	0	0	0	0	1.14	34.56
HG00338	0	0	0.01	0	0	0	0.77	0	0	0	0.01	0	0.03	0	0	0	0	0	0	0.03	0	0	0	0	0	0	0	0.02	0	0.02	0	0	0	0	0	0	0	0	0	0.01	0	0	0	0	0	0	0	0	0	0	0	0	0	0.86	0	0	0	0	0	0	0	0	0	0	0	0	0	0	0	0	0	0	0	0	0	0	0	0	0	0	0	0	0	0.24	39.89
HG00269	0	0	0	0	0	0	0.87	0	0	0	0	0	0.84	0	0	0	0	0	0	0.01	0	0	0	0	0	0	0	0	0	0.01	0	0	0	0	0	0	0	0	0	0	0	0	0	0	0	0	0	0	0	0	0	0	0	0	0	0	0	0	0	0	0	0	0	0	0	0	0	0	0	0	0	0	0	0	0	0	0	0	0	0	0	0	0	0.27	35.43
HG00173	0	0	0	0	0	0	0.01	0	0	0	0	0	0.85	0	0	0	0	0	0	0.09	0	0	0	0	0	0	0	0	0	0.78	0	0	0	0	0	0	0	0	0	0	0	0	0	0	0	0	0	0	0	0	0	0	0	0	0	0	0	0	0	0	0	0	0	0	0	0	0	0	0	0	0	0	0	0	0	0	0	0	0	0	0	0	0	0.27	37.91
NA06986	0	0	0.32	0	0	0	0.31	0	0	0	0	0	0.16	0	0	0	0	0	0	0.06	0	0	0	0	0	0	0.14	0	0	0.02	0	0	0	0	0	0	0	0	0.29	0	0.04	0	0	0	0	0	0	0.04	0	0.25	0	0	0	0	0	0	0	0	0.05	0	0.04	0	0	0	0	0.01	0	0.04	0	0	0	0	0	0	0	0	0	0	0	0	0	0	0	0.23	38.56
NA12003	0	0	0	0	0	0	0.03	0	0	0	0.05	0	0.74	0.01	0.01	0	0	0	0	0.04	0	0	0	0	0	0	0.01	0	0	0	0	0	0	0	0	0	0.01	0	0	0	0	0	0	0	0	0	0	0.35	0	0	0	0	0	0	0.01	0	0.35	0	0	0	0	0	0	0	0	0.15	0	0	0	0	0	0	0	0	0	0	0	0	0	0	0	0	0	0.24	40.4
NA20774	0	0	0	0	0	0	0	0	0	0	0.04	0	1.68	0	0	0	0	0	0	0.01	0	0	0	0	0	0	0	0	0	0	0	0	0	0	0	0	0	0	0	0	0	0	0	0	0	0	0	0	0	0	0	0	0	0	0	0	0	0	0	0	0	0	0	0	0	0	0	0	0	0	0	0	0	0	0	0	0	0	0	0	0	0	0	0.27	36.28
NA20828	0	0	0	0	0	0	0.17	0	0	0	0.01	0	0.38	0	0	0.02	0	0	0	0.04	0	0.16	0	0	0	0.02	0	0.01	0	0.27	0	0	0	0	0	0	0	0	0	0.58	0	0	0	0	0	0	0	0	0	0	0	0	0	0	0	0	0	0	0	0	0	0	0	0	0	0	0	0	0	0	0	0	0	0	0	0	0	0	0	0	0	0	0	0.34	38.805
HG00284	0	0	0	0	0	0	0.02	0	0.03	0.01	0.01	0	0.43	0	0	0.35	0	0	0	0.01	0	0	0	0	0	0	0	0.62	0	0.05	0	0	0	0	0	0	0	0	0	0.03	0	0	0	0	0	0	0	0.04	0	0	0	0	0	0	0	0	0	0	0	0.01	0	0	0	0	0	0	0	0	0	0	0	0	0	0	0	0	0	0	0	0	0	0	0	0.39	38.275
NA12750	0	0	0	0	0	0	0	0	0	0	0	0	0	0	0	0	0	0	0	0	0	0	0	0	0	0	0	0.02	0	0	0	0	0	0	0	0.01	0	0.01	0	0	0	0	0	0	0	0	0	0	0.02	0	0	0	0	0	0	0	0	0.86	0	0.2	0	0	0	0	0	0	0.39	0	0	0	0	0	0	0	0.01	0	0.01	0	0	0	0.21	0.01	0	0.25	45.97
NA18522	0.14	0	0.01	0	0	0	0.57	0	0	0	0	0	0.89	0	0	0	0	0	0	0.01	0	0	0	0	0	0	0.01	0.01	0	0.01	0	0	0	0	0.01	0	0.01	0.01	0.03	0	0	0	0	0	0	0	0	0.02	0	0.02	0	0	0	0	0	0	0.01	0.01	0.01	0	0	0	0	0	0	0	0	0	0	0	0	0	0	0	0	0	0	0	0	0	0	0	0	0.22	35.77
NA12275	0	0	0	0	0	0	0.02	0	0	0	0	0	0.25	0	0	0	0	0	0	0.01	0	0	0	0	0	0.01	0	0	0	0.58	0	0	0	0	0	0	0	0	0	0	0	0	0	0	0	0	0	0	0	0	0	0	0	0	0	0	0	0.86	0	0	0	0	0	0	0	0	0	0	0	0	0	0	0	0	0	0	0	0	0	0	0	0	0	0.27	41.74
NA20528	0	0	0	0	0	0	0.01	0	0	0	0	0	0.55	0	0	0	0	0	0	0.01	0	0	0	0	0	0	0	0	0	0.3	0	0	0	0	0	0	0.01	0	0	0	0	0	0	0	0	0	0	0.01	0	0	0	0	0	0	0	0	0.34	0	0	0	0	0.51	0	0	0	0	0	0	0	0	0	0	0	0	0	0	0	0	0	0	0	0	0	0.26	41.69
NA18910	0	0	0	0	0	0	0.26	0	0	0	0	0	0.75	0	0	0	0	0	0	0.12	0	0	0	0	0	0	0	0	0	0.61	0	0	0	0	0	0	0	0	0	0	0	0	0	0	0	0	0	0	0	0	0	0	0	0	0	0	0	0	0	0	0	0	0	0	0	0	0	0	0	0	0	0	0	0	0	0	0	0	0	0	0	0	0	0.26	37.34
HG00272	0	0	0	0	0	0	0.01	0	0	0	0.07	0	0.01	0	0	0	0	0	0	0.01	0	0	0	0	0	0	0	0	0	0.01	0	0	0	0	0	0	0	0	0	0	0	0	0	0	0	0	0	0	0	0	0.75	0	0	0	0	0	0	0	0	0	0	0	0	0	0	0	0	0	0	0	0	0	0	0	0	0	0	0	0	0	0	0	0	1.14	40.16
HG00138	0.68	0	0.19	0	0	0	0	0	0.86	0	0	0	0	0	0	0	0	0	0	0	0	0	0	0	0	0	0	0	0	0	0	0	0	0	0	0	0	0	0	0	0	0	0	0	0	0	0	0	0	0	0	0	0	0	0	0	0	0	0	0	0	0	0	0	0	0	0	0	0	0	0	0	0	0	0	0	0	0	0	0	0	0	0	0.27	33.635
HG00159	0	0	0	0	0	0	0	0	0	0	0	0	0	0	0	0	0	0	0	0	0	0	0	0	0	0	0.11	0	0	0	0	0	0	0	0	0	0	0	0.37	0	0.04	0	0	0	0	0	0	0.02	0	0.22	0.02	0	0	0	0	0	0	0.85	0.07	0	0.02	0	0	0	0	0.01	0	0.02	0	0	0	0	0	0	0	0	0	0	0	0	0	0	0	0.25	43.62
HG00108	0	0	0	0	0	0	0	0.86	0	0	0	0	0	0	0	0	0	0	0	0	0	0	0	0	0	0	0	0	0	0	0	0	0	0	0	0	0	0	0	0	0	0	0	0	0	0	0	0.86	0	0	0	0	0	0	0	0	0	0	0	0	0	0	0	0	0	0	0	0	0	0	0	0	0	0	0	0	0	0	0	0	0	0	0	0.28	38.86
NA19256	0	0	0	0	0	0	0	0	0	0	0	0	0	0	0	0	0	0	0	0	0	0	0	0	0	0	0.86	0	0	0	0	0	0	0	0	0	0	0	0.86	0	0.01	0	0	0	0	0	0	0	0	0	0	0	0	0	0	0	0	0	0	0	0	0	0	0	0	0	0	0	0	0	0	0	0	0	0	0	0	0	0	0	0	0	0	0.27	40.6
HG00111	0	0	0	0	0	0	0.01	0	0.01	0	0	0	0	0	0	0.73	0.01	0	0	0	0	0	0	0.12	0.86	0	0	0	0	0	0	0	0	0	0	0	0.01	0	0	0	0	0	0	0	0	0	0	0	0	0	0	0	0	0	0	0	0	0	0	0	0	0	0	0	0	0	0	0	0	0	0	0	0	0	0	0	0	0	0	0	0	0	0	0.25	38.755
HG00143	0	0	0	0	0	0	0.01	0	0.02	0	0	0	0.66	0	0	0.03	0	0	0	0.1	0	0	0	0.01	0	0	0	0.01	0	0.01	0	0	0	0	0	0	0.07	0	0	0.03	0	0	0	0	0	0	0	0.8	0	0	0.01	0	0	0	0	0	0	0	0	0	0	0	0	0	0	0	0	0	0	0	0	0	0	0	0	0	0	0	0	0	0	0	0	0.24	39.945
NA19119	0.86	0	0	0	0	0	0	0	0	0	0	0	0.26	0	0	0	0	0	0	0.01	0	0.53	0	0	0	0	0	0.01	0	0.04	0	0	0	0	0	0	0	0	0	0	0	0.01	0	0	0	0	0	0	0	0	0	0.01	0	0	0	0	0	0	0	0	0	0	0	0	0	0	0	0	0	0	0	0	0	0	0	0	0	0	0	0	0	0	0	0.27	34.665
NA12751	0	0	0	0	0	0	0	0	0	0	0	0	0	0	0	0	0	0	0	0.86	0	0	0	0	0	0	0	0	0	0	0	0	0	0	0	0	0.85	0	0	0	0	0	0	0	0	0	0	0	0	0	0	0	0	0	0	0	0.02	0	0	0	0	0	0	0	0	0	0	0	0	0	0	0	0	0	0	0	0	0	0	0	0	0	0	0.27	39.78
HG00121	0	0	0	0	0	0	0	0	0	0	0	0	0.18	0	0	0	0	0	0	0.04	0	0	0	0	0	0	0	0	0	0.35	0	0	0	0	0	0	0	0	0	0	0	0	0	0	0	0	0	0	0	0	0	0	0	0	0	0	0	0	0	0	0	0	0	0	0	0	0	0	0	0	0	0	0	0	0	0	0	0	0	0	0	0	0	1.43	38.17
NA20515	0	0	0	0	0	0	0	0	0	0	0	0	0	0	0	0	0	0	0	0	0	0	0	0	0	0	0	0	0	0	0	0	0	0	0	0	0.21	0	0	0	0	0	0	0	0	0.49	0	0.01	0	0	0	0	0	0	0	0	0.2	0	0	0	0	0	0	0	0	0.84	0	0	0	0	0	0	0	0	0	0	0	0	0	0	0	0	0	0.25	44.92
NA20512	0	0	0	0	0	0	0	0	0	0	0	0	0	0	0	0	0	0	0	0	0	0	0	0	0.34	0	0	0	0	0	0	0	0	0	0	0	0.84	0	0	0	0	0	0	0	0	0	0	0.53	0	0	0	0	0	0	0.01	0	0.01	0	0	0	0	0	0	0	0	0.01	0	0	0	0	0	0	0	0.01	0	0	0	0	0	0	0	0	0	0.25	41.8
NA06989	0	0	0	0	0	0	0.01	0	0	0	0	0	0	0	0	0.29	0	0	0	0	0	0	0	0.54	0	0	0	0.01	0	0	0	0	0	0.02	0	0	0	0	0	0	0	0	0	0	0	0	0	0	0	0.86	0	0	0	0	0	0	0	0	0	0	0	0	0	0	0	0	0.01	0	0	0.01	0	0	0	0	0	0	0	0	0	0	0	0	0	0.25	41.0375
HG00281	0	0	0	0	0	0	0.01	0	0	0	0	0	0.86	0	0	0	0	0	0	0	0	0	0	0	0	0	0	0.05	0	0	0	0	0	0	0	0	0	0	0	0	0	0	0	0	0	0	0.01	0	0.03	0	0	0.03	0	0.08	0	0.06	0	0.42	0	0	0	0	0	0	0.1	0	0	0	0.03	0	0	0	0.01	0	0.07	0	0.01	0	0	0	0	0	0	0.23	40.81
HG00383	0	0	0	0	0	0	0.07	0	0	0	0	0	0.1	0	0	0	0	0	0	0.16	0	0	0	0	0	0	0	0	0	0.33	0	0	0	0	0	0	0	0	0	0	0	0	0	0	0	0	0	0	0	0	0	0	0	0	0	0	0	0	0	0	0	0	0	0	0	0	0	0	0	0	0	0	0	0	0	0.04	0	0	0	0	0	0	0	1.3	38.33
NA12716	0	0	0	0	0	0	0	0	0	0	0	0	0.08	0	0	0	0	0	0	0.59	0	0	0	0	0	0	0.42	0	0	0.01	0	0	0	0	0	0	0	0	0.41	0	0.01	0	0	0	0	0	0	0	0	0.03	0	0	0	0	0	0	0	0	0.01	0	0	0	0	0	0	0	0	0	0	0	0	0	0	0	0	0	0	0	0	0	0	0	0	0.44	39.32
NA12718	0	0	0	0	0	0	0.56	0	0	0	0	0	0.03	0	0	0	0	0	0	0.27	0	0	0	0	0	0	0	0.01	0	0.01	0	0	0	0	0	0	0	0	0	0.77	0	0.03	0	0	0	0	0	0	0	0.03	0.01	0	0	0	0	0	0	0	0	0	0	0	0	0	0	0	0	0	0	0	0	0	0	0	0	0	0	0	0	0	0	0	0	0.28	38.59
HG00137	0	0	0	0	0	0	0	0	0	0	0	0	0.86	0	0	0	0	0	0	0	0	0	0	0	0	0	0	0.71	0	0	0	0	0	0	0	0	0	0	0	0	0	0	0	0	0	0	0	0	0	0	0	0	0	0	0	0	0	0	0	0	0	0	0	0	0	0	0	0	0	0	0	0	0	0	0	0	0	0	0	0	0	0	0	0.43	37.85
NA20790	0	0	0	0	0	0	0.86	0	0	0	0	0	0	0	0	0	0	0	0	0	0	0	0	0	0.11	0	0.02	0	0	0	0	0	0	0	0	0	0.37	0	0	0	0	0	0	0	0	0.03	0	0.19	0	0	0	0	0	0	0	0	0.14	0	0	0	0	0	0	0	0	0	0	0	0	0	0	0	0	0.02	0	0	0	0	0	0	0	0	0	0.26	38.49
NA18489	0	0	0.86	0.86	0	0	0	0	0	0	0	0	0	0	0	0	0	0	0	0	0	0	0	0	0	0	0	0	0	0	0	0	0	0	0	0	0	0	0	0	0	0	0	0	0	0	0	0	0	0	0	0	0	0	0	0	0	0	0	0	0	0	0	0	0	0	0	0	0	0	0	0	0	0	0	0	0	0	0	0	0	0	0	0.28	32.84
HG00334	0	0	0	0	0	0	0	0	0	0	0	0	0	0	0	0	0	0	0	0.01	0	0	0	0	0.86	0	0	0.13	0	0	0	0	0	0	0	0	0	0.02	0	0.47	0	0	0	0	0	0	0	0	0	0	0.03	0	0	0	0	0	0	0	0	0	0	0	0	0	0	0	0	0	0	0	0	0	0	0	0	0	0	0	0	0	0	0	0	0.48	40.06
NA20803	0	0	0.02	0	0	0	0.03	0	0	0	0	0	0.86	0	0	0	0	0	0	0.02	0	0	0	0	0	0	0	0.01	0	0	0	0	0	0	0	0	0	0.07	0	0.07	0	0	0	0	0	0	0	0.01	0.08	0	0	0	0	0	0	0	0	0.12	0	0	0	0	0	0	0.01	0	0.05	0	0	0.02	0	0	0.01	0	0	0	0.04	0.04	0	0	0.02	0	0	0.52	39.14
NA11892	0	0	0	0	0	0	0	0	0	0	0	0	0.8	0	0	0	0	0	0	0	0	0	0	0	0	0	0	0.01	0	0	0	0	0	0	0	0	0	0	0	0.06	0	0	0	0	0	0	0	0	0	0	0	0	0	0	0	0	0	0	0	0	0	0	0	0	0	0	0	0	0	0	0	0	0	0	0	0	0	0.86	0	0	0	0	0	0.27	42.49
HG00232	0	0	0	0	0	0	0	0	0	0	0	0	0	0	0	0.83	0	0	0	0	0	0	0	0.03	0	0	0	0	0	0.86	0	0	0	0	0	0	0	0	0	0	0	0	0	0	0	0	0	0	0	0	0	0	0	0	0	0	0	0	0	0	0	0	0	0	0	0	0	0	0	0	0	0	0	0	0	0	0	0	0	0	0	0	0	0.28	38.675
HG00369	0	0	0	0	0	0	0.03	0	0	0	0.03	0	0.2	0	0	0	0	0	0	0.24	0.01	0	0.05	0	0.16	0	0.04	0.05	0	0.24	0	0	0	0	0	0	0	0.01	0.23	0	0.04	0.03	0	0	0	0	0	0.08	0	0.26	0	0	0	0	0	0	0.01	0	0.01	0	0	0	0	0	0	0	0	0.07	0	0	0	0	0	0	0	0	0	0	0	0	0	0	0	0.21	40.3075
NA19152	0.86	0	0	0	0	0	0	0	0	0	0	0	0	0	0	0	0	0	0	0	0	0	0	0	0	0	0.86	0	0	0	0	0	0	0	0	0	0	0	0	0	0	0	0	0	0	0	0	0	0	0	0	0	0	0	0	0	0	0	0	0	0	0	0	0	0	0	0	0	0	0	0	0	0	0	0	0	0	0	0	0	0	0	0	0.28	35.42
NA07037	0	0	0	0	0	0	0	0	0	0	0	0	0	0	0	0	0	0	0	0	0	0	0	0	0	0	0.11	0	0	0	0	0	0	0	0	0	0	0	1.29	0	0.05	0	0	0	0	0	0	0.01	0	0.21	0	0	0	0	0	0	0	0	0.02	0	0	0	0	0	0	0	0	0.07	0	0	0	0	0	0	0	0	0	0	0	0	0	0	0	0.24	41.88
NA11831	0	0	0	0	0	0	0	0	0	0	0	0	0	0	0	0.83	0	0	0	0	0	0	0	0.03	0	0	0	0.01	0	0	0	0	0	0	0	0	0.01	0	0.85	0	0	0	0	0	0	0	0	0.01	0	0	0	0	0	0	0	0	0	0	0	0	0	0	0	0	0	0	0	0	0	0	0	0	0	0	0	0	0	0	0	0	0	0	0	0.26	39.575
HG00133	0.86	0	0.01	0	0	0	0	0	0	0	0	0	0	0	0	0	0	0	0	0	0	0	0	0	0	0	0	0.82	0	0	0	0	0	0	0	0	0	0	0	0	0	0	0	0	0	0	0	0	0.05	0	0	0	0	0	0	0	0	0	0	0	0	0	0	0	0	0	0	0	0	0	0	0	0	0	0	0	0	0	0	0	0	0	0	0.26	35.5
NA19248	0	0	0	0	0	0	0.01	0	0.01	0	0.01	0	0.66	0	0	0	0	0	0	0.01	0	0	0	0	0	0	0	0.83	0	0.22	0	0	0	0	0	0	0	0	0	0	0	0	0	0	0	0	0	0	0	0	0	0	0	0	0	0	0	0	0	0	0	0	0	0	0	0	0	0	0	0	0	0	0	0	0	0	0	0	0	0	0	0	0	0.25	38.3475
NA11830	0	0	0.85	0	0	0	0.3	0	0	0	0	0	0.57	0	0	0	0	0	0	0	0	0	0	0	0	0	0	0.02	0	0	0	0	0	0	0	0	0	0	0	0	0	0	0	0	0	0	0	0	0	0	0	0	0	0	0	0	0	0	0	0	0	0	0	0	0	0	0	0	0	0	0	0	0	0	0	0	0	0	0	0	0	0	0	0.26	34.3
HG00126	0	0	1.7	0	0	0	0	0	0	0	0	0	0	0	0	0	0	0	0	0	0	0	0	0	0	0	0	0.02	0	0	0	0	0	0	0	0	0	0	0	0	0	0	0	0	0	0	0	0	0	0	0	0	0	0	0	0	0	0	0	0	0	0	0	0	0	0	0	0	0	0	0	0	0	0	0	0	0	0	0	0	0	0	0	0.28	32.92
NA20813	0	0	0	0	0	0	0	0	0	0	0	0	0	0	0	0	0	0	0	0	0	0	0	0	0	0	0	0	0	0	0	0	0	0	0.01	0	0.85	0	0	0	0	0	0	0	0	0	0	0.01	0	0	0.6	0	0	0	0	0	0	0.27	0	0	0	0	0	0	0	0	0	0	0	0	0	0	0	0	0	0	0	0	0	0	0	0	0	0.26	42.63
NA11994	0	0	0.88	0	0	0	0.24	0	0	0	0.01	0	0.23	0	0	0	0	0	0	0.19	0	0	0.06	0	0	0	0	0.03	0	0.09	0	0	0	0	0	0	0	0	0	0.01	0	0	0	0	0	0	0	0	0	0	0	0	0	0	0	0	0	0	0	0	0	0	0	0	0	0	0	0	0	0	0	0	0	0	0	0	0	0	0	0	0	0	0	0.26	34.825
NA19209	0	0	0	0	0	0	0	0	0	0	0	0	0.85	0	0	0	0	0	0	0.01	0	0	0	0	0	0	0	0	0	0.01	0	0	0	0	0	0	0	0	0.65	0	0.22	0	0	0	0	0	0	0	0	0	0	0	0	0	0	0	0	0	0	0	0	0	0	0	0	0	0	0	0	0	0	0	0	0	0	0	0	0	0	0	0	0	0	0.26	38.9
HG00255	0	0	0	0	0	0	0.45	0	0	0	0	0	0.42	0	0	0	0	0	0	0	0	0	0	0	0	0	0	0	0	0	0	0	0	0	0	0	0	0	0	0	0	0	0	0	0	0	0	0.01	0	0	0	0	0	0	0	0	0.86	0	0	0	0	0	0	0	0	0	0	0	0	0	0	0	0	0	0	0	0	0	0	0	0	0	0	0.26	40.15
NA19225	0	0	0	0	0	0	0.01	0	0	0.01	0	0	0.84	0	0	0	0	0	0	0.53	0	0	0	0	0	0	0	0.03	0	0.31	0	0	0	0	0	0	0	0	0	0	0	0	0	0	0	0	0	0	0	0	0	0	0	0	0	0	0	0	0	0.01	0	0	0	0	0	0	0	0	0	0	0	0	0	0	0	0	0	0	0	0	0	0	0	0.26	37.51
NA20532	0.86	0	0.87	0	0	0	0	0	0	0	0	0	0	0	0	0	0	0	0	0	0	0	0	0	0	0	0	0	0	0	0	0	0	0	0	0	0	0	0	0	0	0	0	0	0	0	0	0	0	0	0	0	0	0	0	0	0	0	0	0	0	0	0	0	0	0	0	0	0	0	0	0	0	0	0	0	0	0	0	0	0	0	0	0.27	31.95
NA18923	0.01	0	0	0	0	0	0.04	0.61	0	0	0	0	0.09	0	0	0	0	0	0	0.12	0	0.05	0	0	0	0.1	0	0.09	0	0.42	0	0	0	0	0	0	0	0	0	0	0	0.11	0	0	0	0	0	0	0.01	0	0	0.09	0	0	0	0	0	0	0	0	0	0	0	0	0	0	0	0	0	0	0	0	0	0	0	0	0.04	0	0	0	0	0	0	0.22	37.965
NA20812	0	0	0.01	0	0	0	0.04	0	0	0	0.01	0	0.13	0	0	0	0	0	0	0.17	0.01	0	0.04	0	0	0	0	0.03	0	0.44	0	0	0	0	0	0	0	0.01	0	0.01	0	0	0	0	0	0	0	0	0	0	0	0	0	0	0	0	0	0.86	0	0	0	0	0	0	0	0	0	0	0	0	0	0	0	0	0	0	0	0	0	0	0	0	0	0.24	41.73
HG00250	0	0	0	0	0	0	0	0	0.86	0	0	0	0	0	0	0	0	0	0	0	0	0	0	0	0	0	0.03	0	0	0	0	0	0	0	0	0	0	0	0.26	0	0.03	0	0	0	0	0	0	0	0	0.26	0	0	0	0	0	0	0	0	0.23	0	0.05	0	0	0	0	0.01	0	0	0	0	0	0	0	0	0	0	0	0	0	0	0	0	0	0.27	39.485
HG00256	0	0	0	0	0	0.01	0.02	0	0.07	0	0	0	0.02	0	0	0.03	0	0	0	0.67	0	0	0	0.01	0	0	0.01	0.02	0	0.01	0	0	0	0	0	0	0	0	0.25	0.01	0.08	0	0	0	0	0	0	0	0	0.35	0	0	0	0	0	0	0	0	0.16	0	0.01	0	0	0	0	0.04	0	0	0	0	0	0	0	0	0	0	0	0	0	0	0	0	0	0.23	40.4825
HG00262	0.57	0	0.3	0	0	0	0	0	0	0	0	0	0	0	0	0	0	0	0	0	0	0	0	0	0	0	0	0	0	0	0	0	0	0	0	0	0	0	0	0	0	0	0	0	0	0	0	0	0	0	0	0	0	0	0	0.01	0	0	0	0	0	0	0	0	0.86	0	0	0	0	0	0	0	0	0	0	0	0	0	0	0	0	0	0	0.26	39.16
NA12348	0	0	0	0	0	0	0	0	0	0	0	0	0.01	0	0	0	0	0	0	0.01	0	0	0.01	0	0.23	0	0	0	0	0	0	0	0	0	0	0	0.04	0	0	0	0	0.01	0	0	0	0	0	0.13	0	0.05	0	0	0	0	0.07	0	0.09	0.86	0	0	0	0	0	0.01	0	0.14	0	0	0	0	0	0	0	0.05	0	0.02	0	0	0.03	0.01	0	0	0	0.23	44.3975
NA18858	0	0	0	0	0	0	0.01	0	0	0.01	0	0	0.02	0	0	0	0	0	0	0.53	0	0	0	0	0	0	0	0.03	0	0.28	0	0	0	0	0	0	0	0.65	0.05	0.15	0.01	0	0	0	0	0	0	0.01	0	0	0	0	0	0	0	0	0	0	0	0.01	0	0	0	0	0	0	0	0	0	0	0	0	0	0	0	0	0	0	0	0	0	0	0	0.24	40.05
NA20754	0	0	0.02	0	0	0	0.14	0	0.03	0	0.01	0	0.24	0	0	0	0	0	0	0.14	0	0	0.01	0	0	0	0.01	0.04	0	0.07	0	0	0	0	0	0	0.38	0.01	0.06	0.02	0.01	0.01	0	0	0	0	0	0.44	0	0.05	0.01	0.01	0	0	0	0	0.04	0	0.02	0	0.01	0	0	0	0	0	0	0	0	0	0	0	0	0	0	0	0	0	0.01	0	0	0	0	0.21	40.36
NA12775	0	0	0	0	0	0.01	0.15	0	0.09	0	0.01	0	0.1	0	0	0.05	0	0	0	0.05	0	0	0	0.01	0	0	0	0.03	0	0.04	0	0	0	0	0	0	0	0	0	0.01	0	0.01	0	0	0	0.86	0	0	0	0	0	0	0	0	0	0	0	0	0	0	0	0	0	0	0	0	0	0	0	0	0	0	0	0	0	0	0	0	0	0	0	0	0	0.58	40.1425
NA20510	0	0	0	0	0	0	0	0	0	0	0	0	0	0	0	0	0	0	0	0	0	0	0	0	0.09	0	0	0	0	0.86	0	0	0	0	0	0	0.53	0	0	0	0	0	0	0	0	0	0	0.09	0	0	0	0	0	0	0	0	0.16	0	0	0	0	0	0	0	0	0	0	0	0	0	0	0	0	0	0	0	0	0	0	0	0	0	0	0.27	40.92
NA11930	0.62	0	0.25	0	0	0	0.02	0	0	0	0	0	0.85	0.01	0	0	0	0	0	0	0	0	0	0	0	0	0	0	0	0	0	0	0	0	0	0	0	0	0	0	0	0	0	0	0	0	0	0	0	0	0	0	0	0	0	0	0	0	0	0	0	0	0	0	0	0	0	0	0	0	0	0	0	0	0	0	0	0	0	0	0	0	0	0.25	33.87
NA19138	0	0	0	0	0	0.02	0.12	0.86	0.06	0	0.02	0	0.33	0.01	0.01	0.04	0	0	0	0.12	0	0	0	0.01	0	0	0	0.03	0	0.07	0	0	0.01	0	0	0	0	0	0	0.02	0	0.02	0	0	0	0	0	0	0	0	0	0.01	0	0	0	0	0	0	0	0	0	0	0	0	0	0	0	0	0	0	0	0	0	0	0	0	0	0	0	0	0	0	0	0.24	35.78
NA18499	0	0	0	0	0	0.05	0.09	0	0.24	0	0.46	0	0.08	0	0	0.12	0	0	0	0.05	0	0	0	0.02	0	0	0	0.05	0	0.06	0	0	0	0.01	0	0	0	0	0	0.03	0	0	0	0	0	0	0	0	0	0	0.01	0	0	0	0	0	0	0	0	0	0	0	0	0	0	0	0	0	0	0	0	0	0	0	0	0	0	0	0	0	0	0	0	0.73	37.0825
NA19093	0.86	0	0	0	0	0	0	0.18	0	0	0	0	0	0	0	0	0	0	0	0	0.68	0	0	0	0	0	0	0	0	0	0	0	0	0	0	0	0	0	0	0	0	0	0	0	0	0	0	0	0	0	0	0	0	0	0	0	0	0	0	0	0	0	0	0	0	0	0	0	0	0	0	0	0	0	0	0	0	0	0	0	0	0	0	0.28	34.2
HG00367	0.83	0	0.04	0	0	0	0	0	0	0	0	0	0	0	0	0	0	0	0	0	0	0	0	0	0	0	0	0	0	0	0	0	0	0	0	0	0	0	0	0	0	0	0	0	0	0	0	0	0	0	0	0	0	0.85	0	0.01	0	0	0	0	0	0	0	0	0	0	0	0	0	0	0	0	0	0	0	0	0	0	0	0	0	0	0	0.27	38.0
NA19108	0	0	0	0	0	0	0	0	0	0	0	0	0	0.86	0	0	0	0	0	0	0	0	0	0	0	0	0	0	0	0	0	0	0	0	0	0	0	0	0	0	0.86	0	0	0	0	0	0	0	0	0	0	0	0	0	0	0	0	0	0	0	0	0	0	0	0	0	0	0	0	0	0	0	0	0	0	0	0	0	0	0	0	0	0	0.28	38.86
NA19200	0	0	0	0	0	0	0	1.72	0	0	0	0	0	0	0	0	0	0	0	0	0	0	0	0	0	0	0	0	0	0	0	0	0	0	0	0	0	0	0	0	0	0	0	0	0	0	0	0	0	0	0	0	0	0	0	0	0	0	0	0	0	0	0	0	0	0	0	0	0	0	0	0	0	0	0	0	0	0	0	0	0	0	0	0.28	34.56
HG00278	0	0	0	0	0	0	0.86	0	0	0	0	0	0	0	0	0	0	0	0	0	0	0	0	0	0	0	0	0	0	0	0	0	0	0	0	0	0	0	0	0	0	0	0	0	0	0	0	0	0	0	0	0	0	0	0	0	0	0	0	0	0	0	0	0	0	0	0	0	0	0	0	0	0	0	0	0	0	0.86	0	0	0	0	0	0.28	41.44
HG00309	0	0	0	0	0	0	0.55	0	0	0	0	0	0.26	0	0	0	0	0	0	0.01	0	0	0	0	0	0	0	0	0	0.05	0	0	0	0	0	0	0	0	0	0	0	0	0	0	0	0	0	0	0	0	0	0	0	0	0	0	0.86	0	0	0	0	0	0	0	0	0	0	0	0	0	0	0	0	0	0	0	0	0	0	0	0	0	0	0.27	40.13
HG00139	0	0	0	0	0	0	0	0	0	0	0	0	0	0	0	0	0	0	0	0	0	0	0	0	0	0	0	0	0	0	0	0	0	0	0	0	0.86	0	0	0	0	0	0	0	0	0	0	0	0	0	0	0	0	0	0	0.18	0	0	0	0	0	0	0	0	0.69	0	0	0	0	0	0	0	0	0	0	0	0	0	0	0	0	0	0	0.27	43.89
NA19098	0	0	0	0	0	0	0	0	0	0	0	0	0	0	0	0	0	0	0	0	0	0	0	0	0	0	0	0	0	0.86	0	0	0	0	0	0	0	0	0	0	0.86	0	0	0	0	0	0	0	0	0	0	0	0	0	0	0	0	0	0	0	0	0	0	0	0	0	0	0	0	0	0	0	0	0	0	0	0	0	0	0	0	0	0	0.28	40.58
HG00271	0	0	0.01	0	0	0.01	0.81	0	0	0	0.01	0	0.77	0.02	0.01	0	0	0	0	0.09	0	0	0	0	0	0	0	0	0	0.01	0	0	0	0	0	0	0	0	0	0	0	0	0	0	0	0	0	0	0	0	0	0	0	0	0	0	0	0	0	0	0	0	0	0	0	0	0	0	0	0	0	0	0	0	0	0	0	0	0	0	0	0	0	0.26	35.53
NA20520	0	0	0	0	0	0	0.88	0	0	0	0.18	0	0.25	0	0	0	0	0	0	0	0	0	0	0	0	0	0.02	0	0	0	0	0	0	0	0	0	0.02	0	0.06	0	0.01	0	0	0	0	0.01	0	0.08	0	0.05	0	0	0	0	0.02	0	0.09	0	0.01	0	0	0	0	0.04	0	0.01	0	0	0	0	0	0.02	0	0.01	0	0	0	0	0	0	0	0	0	0.24	37.34
HG00246	0	0	0	0	0	0	0.01	0	0.02	0	0	0	0.51	0	0	0.02	0	0	0	0.27	0	0	0	0.01	0.44	0	0	0.01	0	0.01	0	0	0	0	0	0	0	0	0	0.02	0	0	0	0	0	0	0	0.43	0	0	0.01	0	0	0	0	0	0	0	0	0	0	0	0	0	0	0	0	0	0	0	0	0	0	0	0	0	0	0	0	0	0	0	0	0.24	39.2675
NA12045	0	0	0	0	0	0	0	0	0	0	0	0	0	0	0	0	0	0	0	0	0	0	0	0	0	0	0	0	0	0	0	0	0	0	0	0	0	0	0	0	0	0	0	0	0	0	0	0	0	0	0	0	0	0	0.27	0	0	0.01	0	0	0	0	0	0.47	0	0	0.43	0	0	0	0	0.13	0	0	0	0	0	0	0	0	0.43	0	0	0.26	47.41
NA12889	0	0	0	0	0	0	0.47	0	0	0	0.01	0	0.39	0	0	0	0	0	0	0	0	0	0	0	0	0	0	0.48	0	0	0	0	0	0	0	0	0	0	0	0.34	0	0	0	0	0	0	0	0	0	0	0.05	0	0	0	0	0	0	0	0	0	0	0	0	0	0	0	0	0	0	0	0	0	0	0	0	0	0	0	0	0	0	0	0	0.26	37.97
HG00276	0	0	0.87	0	0	0	0.18	0	0	0	0.01	0	0.2	0	0	0	0	0	0	0.32	0	0	0	0	0	0	0	0.06	0	0.04	0	0	0	0	0	0	0	0.01	0	0.04	0	0.01	0	0	0	0	0	0	0	0	0.01	0	0	0	0	0	0	0	0	0	0	0	0	0	0	0	0	0	0	0	0	0	0	0	0	0	0	0	0	0	0	0	0	0.25	35.07
NA12830	0	0	0	0	0	0	0	0	0	0	0	0	0	0	0	0	0	0	0	0	0	0	0	0	0	0	0.02	0	0	0	0	0	0	0	0	0	0	0	0.39	0	0.04	0	0	0	0	0	0	0	0	0.25	0	0	0	0	0	0	0.86	0	0.01	0	0.01	0	0	0	0	0	0	0.17	0	0	0	0	0	0	0	0	0	0	0	0	0	0	0	0.25	44.0
NA18519	0	0	0	0	0	0	0	0.86	0	0	0.86	0	0	0	0	0	0	0	0	0	0	0	0	0	0	0	0	0	0	0	0	0	0	0	0	0	0	0	0	0	0	0	0	0	0	0	0	0	0	0	0	0	0	0	0	0	0	0	0	0	0	0	0	0	0	0	0	0	0	0	0	0	0	0	0	0	0	0	0	0	0	0	0	0.28	35.42
NA06984	0.65	0	0.22	0	0	0	0	0	0	0	0	0	0	0	0	0	0	0	0	0	0	0	0	0	0	0	0	0	0	0	0	0	0	0	0	0	0	0	0	0	0	0	0	0	0	0	0	0.86	0	0	0	0	0	0	0	0	0	0	0	0	0	0	0	0	0	0	0	0	0	0	0	0	0	0	0	0	0	0	0	0	0	0	0	0.27	37.32
HG00320	0	0	0	0	0	0	0	0	0	0	0	0	1.69	0	0	0	0	0	0	0.03	0	0	0	0	0	0	0	0	0	0.01	0	0	0	0	0	0	0	0	0	0	0	0	0	0	0	0	0	0	0	0	0	0	0	0	0	0	0	0	0	0	0	0	0	0	0	0	0	0	0	0	0	0	0	0	0	0	0	0	0	0	0	0	0	0.27	36.32
NA19223	0.63	0	0.14	0	0	0	0.06	0	0	0	0	0	0.84	0	0	0	0	0	0	0	0	0	0	0	0	0	0	0.02	0	0.02	0	0	0	0	0	0	0	0	0.02	0	0	0	0	0	0	0	0	0	0	0	0	0	0	0	0	0	0	0	0	0	0	0	0	0	0	0	0	0	0	0	0	0	0	0	0	0	0	0	0	0	0	0	0	0.27	34.18
NA19107	0.03	0	0	0	0	0.02	0.01	0	0	0.01	0.21	0	1.25	0.03	0	0	0	0	0	0	0.02	0	0	0	0	0	0	0.04	0	0.02	0	0	0	0	0	0	0	0.01	0	0.01	0	0	0	0	0	0	0	0	0.03	0	0	0	0	0	0	0.01	0	0.04	0	0.01	0	0	0	0	0.02	0	0.01	0	0	0	0	0	0	0	0.01	0	0.01	0	0	0	0	0	0	0.2	37.02
HG00382	0	0	0	0	0	0	1.23	0	0.26	0	0	0	0.22	0	0	0.02	0	0	0	0.01	0	0	0	0	0	0	0	0	0	0	0	0	0	0	0	0	0	0	0	0	0	0	0	0	0	0	0	0	0	0	0	0	0	0	0	0	0	0	0	0	0	0	0	0	0	0	0	0	0	0	0	0	0	0	0	0	0	0	0	0	0	0	0	0.26	34.99
HG00119	0	0	0	0	0	0	0	0	0	0	0	0	0	0	0	0	0	0	0	0	0	0	0	0	0	0	0	0	0	0	0	0	0	0	0	0	0	0	0	0	0	0	0	0	0	0	0	0	0.35	0	0	0	0	0	0	0	0	1.29	0	0	0	0	0	0	0.01	0	0.07	0	0	0	0	0	0	0	0	0	0.01	0	0	0	0.01	0	0	0.26	44.74
