	6.25	8.25	9.25	9.25	10.25	10.25	11.25	11.25	12.25	12.25	12.25	13.25	13.25	13.25	14.25	14.25	15.25	15.25	16.25	12.25	Beta
NA19131	0	0	0	0	0	0	0	0	0	0.98	0	0.74	0.23	0	0	0	0	0	0	0.05	25.47
NA19198	0	0	0.23	0	0.01	0	0.53	0	0	0.85	0	0	0.04	0	0	0.08	0	0	0	0.26	23.46
HG00273	0	0	0.97	0	0	0	0	0	0	0.96	0	0	0.01	0	0	0	0	0	0	0.06	21.6
HG00150	0	0	0	0	0	0	0	0	0	0	0	0.97	0	0	0	0	0	0	0	1.03	25.47
HG00145	0.41	0	0.01	0	0.35	0	0.62	0	0	0	0	0.42	0	0	0.02	0	0.14	0	0	0.03	21.57
HG00339	0	0	0	0	0	0	0	0	0	0	0	0.62	0.64	0	0.26	0.33	0.06	0	0	0.09	27.12
HG00102	0	0	0	0	0	0	0.57	0	0	0.5	0	0	0.47	0	0	0	0	0	0	0.46	24.4
NA18523	0	0	0	0	0	0	0	0	0	0.01	0	0.98	0	0	0	0	0.9	0	0	0.11	28.18
HG00346	0	0	0.97	0	0	0	0	0	0	0.97	0	0	0	0	0	0	0	0	0	0.06	21.59
NA12249	0	0	0.49	0	0	0	0.48	0	0	0	0	0.97	0	0	0	0	0	0	0	0.06	23.52
HG00266	0	0	0	0	0	0	0	0	0	0	0	0	0.89	0	0	1.04	0	0.01	0	0.06	27.5
NA12413	0	0	0	0	0	0	0	0	0	0	0	0.82	0	0	0.65	0	0	0	0	0.53	26.62
NA19236	0	0	0.03	0	0.02	0	0	0	0	0.92	0	0.01	0.7	0	0	0.26	0	0.02	0	0.04	25.66
NA20544	0	0	0	0	0	0	0	0	0	0	0	1.4	0	0	0.17	0	0.38	0	0	0.05	27.38
NA19204	0	0	0	0	0	0	0	0	0	0	0	0.74	0	0	0	0	0	0	0	1.26	25.24
HG00103	0	0	0.92	0	0.05	0	0	0	0	0.95	0	0	0.02	0	0	0	0	0	0	0.06	21.66
NA20582	0	0	0	0	0	0	0	0	0	0.91	0	0.75	0.06	0	0.22	0	0	0	0	0.06	25.75
NA19172	0	0	0.01	0	0	0	0	0	0	0	0	0.02	0	0	0	0	0	0	0	1.97	24.49
NA20815	0	0.03	0.09	0	1	0	0.02	0	0	0	0	0.16	0	0	0	0	0	0	0	0.7	22.25
HG00375	0	0	0	0	0	0	0	0	0	0	0	0	0	0	0	0	0	0	0	2.0	24.5
NA18933	0	0	0	0	0	0	0.03	0	0	0.03	0	0.45	0.97	0	0.17	0	0.25	0	0	0.1	26.98
HG00245	0	0	0	0	0.97	0	0	0	0	0.36	0	0	0.61	0	0	0	0	0	0	0.06	23.17
HG00319	0	0	0.65	0	0	0	0.33	0	0	0.97	0	0	0	0	0	0	0	0	0	0.05	22.22
NA12155	0	0	0	0	0	0	0	0.05	0	1.14	0	0	0.75	0	0	0	0	0	0	0.06	25.2
NA12749	0	0	0	0	0	0	0	0	0	1.88	0	0	0.06	0	0	0	0	0	0	0.06	24.56
HG00341	0	0	0.35	0	0.28	0	0.35	0	0	0.97	0	0	0	0	0	0	0	0	0	0.05	22.54
NA20771	0	0	0.82	0	0.16	0	0	0	0	0	0	0.01	0	0	0	0	0	0	0	1.01	21.73
NA20761	0	0	0	0	0.5	0	0	0	0	0.97	0	0.22	0	0	0.02	0	0	0	0	0.29	23.76
NA12341	0	0	0	0	0	0	0	0	0	0.09	0	0.64	0.72	0.16	0.26	0	0.06	0	0	0.07	26.72
HG00380	0	0	0	0	0	0	0	0	0	0.97	0	0.91	0	0	0.06	0	0	0	0	0.06	25.53
NA12763	0	0	0.03	0	0.91	0	0	0	0	0	0	0.96	0	0	0.01	0	0	0	0	0.09	23.57
NA18917	0	0	0	0	0	0	0.02	0	0	0	0	1.01	0	0	0	0	0.9	0	0	0.07	28.19
HG00116	0	0	0	0	0.97	0	0	0	0	0	0	0.12	0	0	0.85	0	0	0	0	0.06	24.38
HG00260	0	0	0.49	0	0.48	0	0	0	0	0.94	0	0	0.02	0	0	0	0	0.02	0	0.05	22.15
NA18907	0	0	0	0	0.04	0	0	0	0	0.97	0	0	0	0	0	0	0	0	0	0.99	24.42
NA20770	0	0	0.26	0	0.45	0	0	0	0	0	0	0	0	0	0	0	0	0	0	1.29	22.82
NA20807	0	0	0	0	0	0	0.29	0	0	0	0	0.77	0	0	0.36	0	0.28	0	0	0.3	26.54
NA20796	0	0	0.28	0	0.4	0	0	0	0	0	0	0	0	0	0	0	0	0	0	1.32	22.86
NA19160	0	0	0	0	0	0	0	0	0	0.04	0	1.36	0	0	0.25	0	0.01	0	0	0.34	26.39
NA20810	0	0	0	0	0	0	0	0	0	0.53	0	0.91	0.44	0	0	0	0.06	0	0	0.06	26.03
NA20787	0	0	0.97	0	0	0	0	0	0	0.68	0	0	0.28	0	0	0.02	0	0	0	0.05	21.91
NA07347	0	0	0	0	0	0	0	0	0	0.97	0	0.26	0	0	0.2	0	0.51	0	0	0.06	26.69
HG00101	0	0	0	0	0	0	0	0	0	0.05	0	0	0.88	0	0	1.01	0	0	0	0.06	27.4
HG00160	0	0	0	0	0	0	0	0	0	0.93	0	0.2	0.04	0	0.76	0	0.02	0	0	0.05	26.32
HG00251	0	0	0	0	0	0	0	0	0	0	0	0.7	0.94	0	0.02	0.03	0	0	0	0.31	26.24
HG00146	0	0	0	0	0.97	0	0	0.89	0	0.08	0	0	0	0	0	0	0	0	0	0.06	21.67
NA20819	0	0	0	0	0	0	0.09	0	0	0.92	0	0.64	0.04	0	0.01	0.02	0	0	0	0.28	25.15
NA12778	0	0	0.97	0	0	0	0	0	0	0	0	0.96	0	0	0.01	0	0	0	0	0.06	22.57
NA12890	0	0	0	0	0	0	0	0	0	0.97	0	0.95	0	0	0.03	0	0	0	0	0.05	25.51
NA20535	0	0	0.17	0	0.8	0	0	0	0	0	0	0	0	0	0.97	0	0	0	0	0.06	24.33
NA19116	0	0	0	0	0	0	0	0	0	0	0	0.99	0	0	0.94	0	0	0	0	0.07	27.37
NA20506	0	0	0.97	0	0	0	0.03	0	0	0	0	0.93	0	0	0.01	0	0	0	0	0.06	22.51
HG00330	0	0	0	0	0	0	0	0	0	0	0	0	0.76	0	0	0.21	0.97	0	0	0.06	28.59
HG00189	0	0	0	0	0	0	0	0	0	0	0	0	0.2	0	0	0.77	0	0	0	1.03	26.24
HG00233	0	0	0.66	0	0.04	0	0	0.97	0	0	0	0	0	0	0	0	0	0	0	0.33	21.47
NA12546	0	0.02	0.65	0	0.01	0	0.27	0.01	0	0.08	0	0	0.46	0	0	0.3	0	0.13	0	0.07	23.62
NA19129	0	0	0.06	0	0.02	0	0.89	0	0	0	0	0.94	0	0	0	0	0.03	0	0	0.06	24.42
NA20525	0	0	0.01	0	0.03	0	0.01	0	0	0	0	0.06	0	0	0	0	0	0	0	1.89	24.46
NA19144	0	0	0	0	0	0	0	0	0	0	0	0.97	0.02	0	0	0	0	0.96	0	0.05	28.37
NA12058	0	0	0	0	0.06	0	0	0	0	0	0	0.86	0	0	0.97	0	0	0	0	0.11	27.18
NA20516	0	0	0	0	0	0	0	0	0	0.97	0	0.93	0	0	0	0	0	0	0	0.1	25.43
NA20797	0	0	0.12	0	0	0	0.39	0	0	0	0	0.56	0	0	0.08	0	0.01	0	0	0.84	24.5
HG00178	0	0	0.23	0	0	0	0.13	0	0	0.1	0	1.09	0	0	0	0	0	0	0	0.45	24.77
NA11832	0	0	0.65	0	0.1	0	0.16	0	0	0	0	0.36	0	0	0.61	0	0	0	0	0.12	23.77
NA18520	0	0	0	0	0	0	0	0	0	0.01	0	0.03	0	0	0	0	0.82	0	0	1.14	26.99
HG00263	0	0	0	0	0.97	0	0	0	0	0	0	0	0	0	0	0	0	0	0	1.03	22.56
HG00127	0	0	0	0	0	0	0	0.45	0	1.49	0	0	0	0	0	0	0	0	0	0.06	24.05
HG00326	0	0	0	0	0	0	0.14	0	0	0.74	0	0.49	0.23	0	0.18	0	0.13	0	0	0.09	25.83
NA20531	0	0	0	0	0	0	0	0	0	0.63	0	0	1.24	0.05	0	0.03	0	0	0	0.05	25.85
HG00310	0	0	0.35	0	0.28	0	0.35	0	0	0	0	0	0	0	0	0	0	0	0	1.02	22.54
HG00378	0	0	0.97	0	0	0	0	0	0	0.97	0	0	0	0	0	0	0	0	0	0.06	21.59
NA12342	0	0	0	0	0	0	0	0	0	0	0	1.41	0	0	0.5	0	0.03	0	0	0.06	27.0
NA19206	0	0	0	0	0	0	0	0	0	1.93	0	0	0	0	0	0	0	0	0	0.07	24.5
NA20752	0	0	0.33	0	0.65	0	0	0	0	0.71	0	0	0.01	0	0	0.26	0	0	0	0.04	22.74
HG00157	0	0	0	0	0	0	0	0	0	0.88	0	0	1.03	0	0	0.03	0	0	0	0.06	25.59
HG00258	0	0	0	0	0	0	0	0	0	0.58	0	0.97	0.39	0	0	0	0	0	0	0.06	25.86
HG00177	0	0	0	0	0	0	0	0.02	0	1.24	0	0	0.09	0	0	0.6	0	0	0	0.05	25.77
HG00353	0	0	0	0	0	0	0	0	0	0	0	0	0.97	0	0	0.97	0	0	0	0.06	27.41
NA19114	0	0	0.29	0	0.18	0	0.07	0	0	0	0	0.78	0	0	0.04	0	0.01	0	0	0.63	24.09
HG00131	0	0	0.84	0	0.05	0	0.07	0	0	0	0	0.44	0	0	0	0	0	0	0	0.6	22.25
HG00372	0	0	0.5	0	0.09	0	0.49	0	0	0	0	0.1	0	0	0	0	0	0	0	0.82	22.43
NA19092	0	0	0	0	0	0	0	0	0	0.65	0	0.33	0	0	0.97	0	0	0	0	0.05	26.77
NA10847	0	0	0	0	0.86	0	0.11	0	0	0	0	0	0	0	0.14	0	0.83	0	0	0.06	25.44
HG00277	0	0	0	0	0	0	0	0	0	0.97	0	0.94	0	0	0.03	0	0	0	0	0.06	25.5
NA18510	0	0	0	0	0	0	0	0	0	0.87	0	0.04	0.02	0	0	0.08	0	0	0	0.99	24.72
NA12399	0	0	0.97	0	0.96	0	0.01	0	0	0	0	0	0	0	0	0	0	0	0	0.06	19.66
HG00327	0	0	0	0	0	0	0	0	0	0.97	0	0.93	0	0	0.03	0	0.01	0	0	0.06	25.52
NA19247	0	0	0	0	0.02	0	0	0	0	0	0	0.97	0	0	0	0	0	0	0	1.01	25.43
HG00332	0	0	0.65	0.06	0	0	0.33	0	0	0.91	0	0	0	0	0	0	0	0	0	0.05	22.04
NA18504	0	0	0	0	0	0	0	0	0	0	0	1.48	0	0	0.44	0	0.02	0	0	0.06	26.92
HG00252	0	0	1.9	0	0.04	0	0	0	0	0	0	0	0	0	0	0	0	0	0	0.06	18.72
HG00238	0	0	0	0	0	0	0	0	0	0	0	0.99	0	0	0.94	0	0	0	0	0.07	27.37
HG00342	0	0	0	0	0	0	0	0	0	0.97	0	0	0.03	0	0	0.94	0	0	0	0.06	26.41
NA20581	0	0	0	0	0	0	0	0	0	0	0	0.96	0	0	0.01	0	0	0	0	1.03	25.48
HG00268	0	0	0	0	0	0	0.97	0	0	0	0	0	0.97	0	0	0	0	0	0	0.06	24.5
HG00154	0	0.03	0.09	0	0.05	0	0	0	0	0	0	1.12	0	0	0.01	0	0	0	0	0.7	25.15
HG00371	0	0	0	0	0	0	0.97	0	0	0	0	0	0	0	0	0	0	0	0	1.03	23.53
NA18870	0	0	0	0	0	0	0	0	0	0	0	1.93	0	0	0	0	0	0	0	0.07	26.43
NA20505	0	0	0.97	0	0	0	0	0	0	0	0	0.95	0	0	0.01	0	0	0	0	0.07	22.56
NA20538	0	0	0	0	0	0	0	0	0	0.96	0	0.12	0.02	0	0.23	0	0.63	0	0	0.04	26.99
HG00182	0	0	0	0	0	0	0	0	0	0	0	0	0	0	0	0	0	0	0	2.0	24.5
NA19207	0	0	0	0	0	0	0	0	0	0	0	0.2	0.97	0	0	0	0	0	0	0.83	25.67
HG00373	0	0	0	0	0	0	0	0.03	0	0.22	0	0	1.35	0	0	0.23	0	0.12	0	0.05	26.64
NA20800	0	0	0.05	0	0.01	0	0.08	0	0	0	0	0.28	0	0	0.71	0	0	0	0	0.87	25.95
HG00151	0	0	0.19	0	0.74	0	0.02	0	0	0.94	0	0.01	0.03	0	0	0	0	0	0	0.07	22.47
NA11829	0	0	0.61	0	0.1	0	0	0	0	0	0	0.06	0	0	0	0	0	0	0	1.23	22.53
HG00324	0	0	0.97	0	0.06	0	0	0	0	0	0	0.13	0	0	0	0	0	0	0	0.84	21.6
HG00120	0	0	0.02	0	1.89	0	0.02	0	0	0	0	0	0	0	0	0	0	0	0	0.07	20.64
NA12828	0	0	0	0	0	0	0	0	0	1.44	0	0	0.5	0	0	0	0	0	0	0.06	25.0
NA12777	0	0	1.06	0	0	0	0	0	0	0	0	0	0	0	0	0	0	0	0	0.94	21.32
NA20539	0	0	0	0	0	0	0	0.14	0	0.66	0	0.89	0.13	0	0.08	0.05	0	0.02	0	0.03	25.7
NA19213	0	0	0.01	0	0	0	0	0	0	0.49	0	0.48	0	0	0	0	0	0	0	1.02	24.95
NA19147	0	0	0	0	0	0	0	0	0	0.65	0	1.29	0	0	0	0	0	0	0	0.06	25.79
HG00379	0	0	0.55	0	0.21	0	0.52	0	0	0	0	0.28	0	0	0.01	0	0	0	0	0.43	22.21
HG00158	0	0	0	0	0.68	0	0.42	0	0	0	0	0.18	0	0	0	0	0	0	0	0.72	22.9
HG00329	0	0	0.65	0.19	0	0	0.33	0	0	0.79	0	0	0	0	0	0	0	0	0	0.04	21.65
HG00344	0	0	0	0	0	0	0	0.01	0	0.98	0	0	0.72	0.18	0	0.06	0	0	0	0.05	25.51
NA11931	0	0	0	0	0	0	0.97	0	0	0	0	0	0.97	0	0	0	0	0	0	0.06	24.5
HG00142	0	0.01	1.03	0	0.05	0	0.02	0	0	0	0	0.15	0	0	0	0	0.02	0	0	0.72	21.46
HG00100	0	0	0	0	0	0	0	0.02	0	0.88	0	0.59	0.05	0.01	0.01	0.02	0	0.01	0	0.41	25.22
NA12843	0	0	0	0	0	0	1.03	0	0	0	0	0.73	0	0	0.01	0	0	0	0	0.23	24.22
NA18909	0	0	0	0	0	0	0	0	0	0.94	0	0.97	0.03	0	0	0.01	0	0	0	0.05	25.52
HG00243	0	0	0.6	0	0.37	0	0	0.02	0	0.95	0	0	0	0	0	0	0	0	0	0.06	21.94
NA20806	0	0	0	0	0	0	0	0	0	0.97	0	0	0	0	0	0	0.97	0	0	0.06	27.41
NA20768	0	0	0	0	0.26	0	1.32	0	0	0	0	0.04	0	0	0	0	0	0	0	0.38	22.7
HG00123	0	0	0.31	0	0.65	0	0.01	0	0	0.97	0	0	0	0	0	0	0	0	0	0.06	22.26
NA20529	0	0	0	0	0	0	0	0.07	0	0.32	0	0	1.08	0	0	0.34	0	0.13	0	0.06	26.58
HG00122	0	0	0	0	0	0	0	0	0	0.15	0	0	1.65	0	0	0.14	0	0	0	0.06	26.43
NA18853	0	0	0	0	0	0	0.03	0	0	0.03	0	1.42	0	0	0.17	0	0.25	0	0	0.1	26.98
NA19189	0	0	0	0	0	0	0	0	0	0	0	1.04	0	0	0.9	0	0	0	0	0.06	27.34
HG00148	0	0	0	0	0	0	0	0	0	0	0	0.97	0	0	0	0	0	0	0	1.03	25.47
HG00171	0.01	0	0	0	0	0	0.96	0	0	0	0	0.29	0	0	0.31	0	0.02	0	0	0.41	24.45
HG00331	0	0	0.48	0	0.01	0	0	0	0	0	0	0.97	0	0	0	0	0	0	0	0.54	24.01
HG00381	0	0	0.02	0	0.01	0	0	0	0	0.95	0	0.03	0.01	0	0	0.01	0	0	0	0.97	24.48
NA18856	0	0	0	0	0	0	0	0	0	0.25	0	0.97	0.71	0	0	0.02	0	0	0	0.05	26.22
HG00345	0	0	0.66	0	0	0	0.36	0	0	0	0	0.01	0	0	0	0	0	0	0	0.97	22.17
NA18861	0	0	0	0	0	0	0	0	0	0	0	0.97	0	0	0	0	0	0	0	1.03	25.47
HG00185	0	0	0.17	0	0.64	0	0.31	0	0	0	0	0.45	0	0	0.19	0	0.15	0	0	0.09	23.68
NA07051	0	0	0	0	0	0	0	0	0	0.48	0	0	0.61	0	0	0.85	0	0	0	0.06	26.81
NA20527	0	0	0.97	0	0	0	0	0	0	0.54	0	0	0.43	0	0	0	0	0	0	0.06	22.02
NA20783	0	0	0	0	0	0	0	0	0	0.97	0	0	0	0	0	0.97	0	0	0	0.06	26.44
NA19137	0	0	0	0	0	0	0	0	0	0	0	0	0.02	0	0	0	0	0.96	0	1.02	27.4
NA19201	0	0	0	0	0	0	0	0	0	0	0	0	0	0	0	0	0	0	0	2.0	24.5
NA18488	0	0	0	0	0	0	0	0	0	0.97	0	0	0.97	0	0	0	0	0	0	0.06	25.47
HG00311	0	0	0	0	0	0	0	0	0	1.93	0	0	0.01	0	0	0	0	0	0	0.06	24.51
HG00337	0	0	0.73	0	1.21	0	0	0	0	0	0	0	0	0	0	0	0	0	0	0.06	19.89
HG00257	0	0	0	0	0	0	0	0.01	0	0.13	0	0	1.13	0	0	0.06	0	0.62	0	0.05	27.6
HG00136	0	0	0.97	0	0	0	0	0	0	0	0	0	0	0	0	0	0	0.97	0	0.06	24.5
NA20826	0	0	0.47	0	0.04	0	0.03	0	0	0	0	0	0	0	0	0	0	0	0	1.46	22.98
NA20518	0	0	0	0	0	0	0	0	0	0.77	0	0	1.13	0	0	0.04	0	0	0	0.06	25.71
NA20786	0	0	0.82	0	0.08	0	0	0	0	0	0	0.89	0	0	0.13	0	0.01	0	0	0.07	23.06
NA20760	0	0	0.01	0	0	0	0	0.01	0	0.89	0	0	0.07	0	0	0	0	0	0	1.02	24.53
HG00114	0	0	0	0	1.18	0	0.76	0	0	0	0	0	0	0	0	0	0	0	0	0.06	21.38
HG00117	0	0	0	0	0	0	0	0	0	0.92	0	0.78	0.05	0	0	0	0	0	0	0.25	25.33
NA20534	0	0	0	0	0	0	0	0.02	0	0.37	0	0	0.38	0	0	0.13	0	0.09	0	1.01	25.39
NA20809	0	0	0	0	0	0	0	0	0	0	0	1.44	0	0	0.17	0	0.33	0	0	0.06	27.27
NA12273	0	0	0	0	0.87	0	0.01	0	0	0	0	0.39	0	0	0.54	0	0.02	0	0	0.17	24.28
NA20808	0	0	0.97	0	0	0	0	0	0	0	0	0.97	0	0	0	0	0	0	0	0.06	22.56
NA19197	0	0	0	0	0	0	0.01	0	0	0.87	0	0.05	0.03	0	0	0.07	0.9	0	0	0.07	27.41
NA11918	0	0	0.87	0	0	0	0.1	0	0	0	0	0.68	0	0	0	0	0	0	0	0.35	22.47
NA20509	0	0	0.84	0	0.49	0	0.44	0	0	0	0	0.01	0	0	0	0	0	0	0	0.22	20.57
NA20757	0	0	0.6	0	0	0	0.22	0	0	0	0	0.84	0	0	0.13	0	0	0	0	0.21	23.58
HG00125	0	0	0	0	0	0	0	0	0	0	0	0	0.95	0	0	0.02	0.07	0	0	0.96	25.7
NA11894	0	0	0.55	0	0.24	0	0.05	0	0	0	0	0.03	0.97	0	0	0	0	0	0	0.16	23.32
NA18517	0	0	0	0	0	0	0	0	0	0	0	1.4	0	0	0.27	0	0	0	0	0.33	26.44
NA20798	0	0	1.44	0	0.48	0	0.01	0	0	0	0	0	0	0	0	0	0	0	0	0.07	19.21
NA20588	0	0	0	0	0	0	0	0	0	0	0	0	0	0	0	0	0.97	0	0	1.03	27.41
HG00285	0	0	0	0	0	0	0	0.15	0	1.44	0	0	0.25	0	0	0.07	0	0.04	0	0.05	24.86
NA19153	0	0	0	0	0	0	0	0	0	0.81	0	0.97	0.07	0	0	0.1	0	0	0	0.05	25.74
NA20804	0	0	0.02	0	0.01	0	0	0.01	0	0.92	0	0.02	0.04	0	0	0.01	0	0	0	0.97	24.49
HG00306	0	0	0.01	0	0	0	0	0	0	0.85	0	0.93	0.12	0	0	0	0	0	0	0.09	25.52
NA19210	0	0	0	0	0	0	0.03	0	0	0.03	0	1.42	0	0	0.17	0	0.25	0	0	0.1	26.98
NA18908	0	0	0	0	0	0	0	0	0	0	0	0.97	0	0	0	0	0	0	0	1.03	25.47
NA20585	0	0	0.4	0	0.57	0	0	0	0	0	0	0.97	0	0	0	0	0	0	0	0.06	23.13
NA20543	0	0	0.65	0	0	0	0	0	0	0	0	0.01	0	0	0.01	0	0	0	0	1.33	22.58
NA20508	0	0	0.48	0	0	0	0	0	0	0.73	0	0	0.24	0	0	0	0	0	0	0.55	23.3
NA18916	0	0	0	0	0	0	0	0	0	0	0	1.34	0	0	0	0	0	0	0	0.66	25.84
NA20799	0	0	0	0	0	0	0	0	0	0	0	0.85	0.97	0	0.12	0	0	0	0	0.06	26.56
NA19235	0	0	0.21	0	0.11	0	0.03	0.02	0	0.19	0	0.2	0.12	0	0.05	0.03	0.92	0.02	0	0.1	26.9
HG00240	0	0	1.93	0	0	0	0	0	0	0	0	0	0	0	0	0	0	0	0	0.07	18.71
NA20765	0	0	0	0	0	0	0	0.01	0	0.03	0	0	1.82	0	0	0.05	0	0.03	0	0.06	26.5
NA18516	0	0	0	0	0	0	0	0	0	0	0	1.46	0	0	0.45	0	0	0	0	0.09	26.86
NA20801	0	0	0.02	0	0.13	0	0.02	0	0	0	0	0.08	0	0	0.02	0	0	0	0	1.73	24.28
NA18867	0	0	0	0	0.33	0	0	0	0	0	0	0	0.02	0	0	0	0	0.96	0	0.69	26.74
NA20524	0	0	0.03	0	0.02	0	0.01	0	0	0.97	0	0.04	0	0	0	0	0	0	0	0.93	24.4
HG00323	0	0	0	0	0	0	0	0	0	0.56	0	0	0.42	0	0	0	0	0	0	1.02	24.92
NA20589	0	0	0	0	0	0	0	0.13	0	0.59	0	0.34	0.19	0	0.18	0.06	0.45	0	0.01	0.05	26.77
NA11893	0	0	0	0	0	0	0	0.09	0	0.87	0	0	0.59	0	0	0.1	0	0.29	0	0.06	26.07
NA20502	0	0	0.13	0	1.03	0	0.05	0	0	0	0	0.1	0	0	0.03	0	0.01	0	0	0.65	22.19
HG00282	0	0	0.61	0	0.19	0	0.06	0	0	0	0	0.07	0	0	0.49	0	0.47	0	0	0.11	24.69
NA19171	0	0	0.23	0	0.01	0	0.52	0	0	0	0	0.97	0	0	0	0	0	0	0	0.27	24.24
NA12761	0	0	0	0	0	0	0.47	0	0	0	0	0.38	0	0	0.31	0	0.29	0	0	0.55	25.9
NA20795	0	0	0	0	0	0	0	0	0	0	0	1.84	0	0	0	0	0	0	0	0.16	26.34
NA19238	0	0	0	0	0	0	0	0	0	0	0	0.97	0	0	0	0	0	0	0	1.03	25.47
NA19159	0	0	0	0	0	0	0	0	0	0.65	0	0.33	0	0	0	0	0	0	0	1.02	24.83
HG00366	0	0	0	0	0	0	0	0	0	0.05	0	0	0.88	0	0	0.04	0	0	0	1.03	25.46
NA11992	0	0	0	0	0	0	0	0	0	0	0	0.76	0.97	0	0.03	0	0	0	0	0.24	26.29
HG00141	0	0	0.38	0	0.28	0	0	0	0	0.96	0	0	0.01	0	0	0	0	0	0	0.37	22.81
NA18873	0	0	0	0	0	0	0	0	0	0.97	0	0.97	0	0	0	0	0	0	0	0.06	25.47
HG00336	0	0	0.35	0	0.28	0	0.35	0	0	0.96	0	0	0.01	0	0	0	0	0	0	0.05	22.55
NA06994	0	0	0.97	0	0	0	0	0	0	0	0	0.08	0	0	0.21	0	0.68	0	0	0.06	24.13
NA19190	0	0	0	0	0	0	0.03	0	0	0.03	0	0.45	0	0	1.14	0	0.25	0	0	0.1	27.95
HG00186	0	0	0	0	0	0	0.83	0	0	0.9	0	0.04	0.07	0	0.01	0	0	0	0	0.15	23.8
NA20805	0	0	0	0	0	0	0	0	0	0	0	0.42	0	0	0.52	0	0.02	0.97	0	0.07	28.93
HG00325	0	0	0.97	0	0	0	0	0	0	0.91	0	0	0.06	0	0	0	0	0	0	0.06	21.65
NA20766	0	0	0.9	0	0	0	0	0.02	0	0.58	0	0.07	0.19	0	0	0	0	0.2	0	0.04	22.64
HG00183	0	0	0.97	0	0	0	0.94	0	0	0	0	0	0	0	0.02	0	0	0	0	0.07	20.69
NA12827	0.03	0	0	0	0	0	0.71	0	0	0	0	0.72	0	0	0.09	0	0.13	0	0	0.32	24.9
NA12400	0	0	0	0	0	0	0	0	0	0.95	0	0	0.22	0	0	0.08	0	0.7	0	0.05	26.98
NA12760	0	0	0.51	0	0.05	0	0	0	0	0.35	0	0	0.51	0.11	0	0	0	0	0	0.47	23.49
NA20540	0	0.01	0.02	0	0.01	0	0	0.06	0	0.82	0	0.02	0.09	0	0	0	0	0	0	0.97	24.43
NA20772	0.01	0	0	0	0	0	0	0	0	0	0	1.11	0	0	0.79	0	0.03	0	0	0.06	27.22
NA07056	0	0	0.61	0	0.27	0	0	0	0	0	0	0	0	0	0	0	0	0	0	1.12	22.13
NA12154	0	0	0.6	0	0.37	0	0	0	0	0.97	0	0	0	0	0	0	0	0	0	0.06	21.96
HG00149	0	0	0	0	0	0	0	0	0	0	0	0.18	0.96	0	0.12	0.02	0.62	0	0	0.1	27.78
NA18912	0	0	0	0	0	0	0	0	0	0.01	0	1.5	0	0	0.38	0	0.01	0	0	0.1	26.79
HG00343	0	0	0.35	0	0.28	0	0.35	0.02	0	0.9	0	0	0.06	0	0	0	0	0	0	0.04	22.58
NA19130	0	0	0	0	0	0	0	0	0	0	0	0.02	0	0	0.97	0	0	0	0	1.01	26.46
NA12286	0	0	0	0	0	0	0.6	0	0	0	0	1.02	0	0	0.03	0	0	0	0	0.35	24.98
NA12340	0	0.3	0.3	0	0	0	0.23	0	0	0	0	0.87	0	0	0.19	0	0	0	0	0.11	23.42
HG00118	0	0	0	0	0	0	0	0	0	0	0	0.92	0	0	0.29	0	0.02	0	0	0.77	26.06
HG00275	0	0	0	0	0	0	0	0	0	0	0	0.28	0	0	0.16	0	0.54	0	0	1.02	26.72
NA19143	0	0	0	0	0	0	0	0	0	0	0	0	1.93	0	0	0	0	0	0	0.07	26.43
HG00280	0	0	0.09	0	0	0	0	0	0	0.44	0	0.26	0.53	0	0	0	0	0	0	0.68	25.02
NA12383	0	0	0	0	0	0	0	0	0	1.1	0	0	0.7	0	0	0.14	0	0	0	0.06	25.48
NA12717	0	0	0	0	0.01	0	0.91	0	0	0	0	0.24	0	0	0	0	0	0	0	0.84	23.81
NA20814	0	0	0	0	0	0	0.8	0	0	0	0	0.93	0	0	0.01	0	0	0	0	0.26	24.65
NA18501	0	0	0	0	0	0	0	0	0	0	0	1.93	0	0	0	0	0	0	0	0.07	26.43
HG00231	0	0	0	0	0	0	0	0	0	0.14	0	0	1.34	0	0	0.42	0	0.05	0	0.05	26.83
HG00242	0	0	0.49	0	0	0	0	0	0	0.06	0	0	0.27	0	0	0.11	0	0.54	0	0.53	25.14
NA18486	0	0	0	0	0	0	0	0	0	0	0	0.97	0.02	0	0	0	0	0.96	0	0.05	28.37
HG00274	0	0	0.09	0	0	0	0	0	0	0.66	0	0.26	0.26	0	0	0.05	0	0	0	0.68	24.85
HG00335	0	0	0	0	0	0	0	0	0	0	0	0.97	0	0	0.97	0	0	0	0	0.06	27.41
HG00259	0	0	0	0	0	0	0	0	0	1.93	0	0	0	0	0	0	0	0	0	0.07	24.5
NA20530	0	0	0.97	0	0	0	0	0	0	0.95	0	0	0.01	0	0	0	0	0.02	0	0.05	21.66
HG00096	0	0	0	0	0	0	0	0.02	0	0.2	0	0	1.19	0	0	0.53	0	0.01	0	0.05	26.76
NA18871	0	0	0	0	0	0	0	0	0	0.04	0	0.4	0	0	0.25	0	0.01	0	0	1.3	25.43
NA20802	0	0	0.16	0	0.03	0	0.78	0	0	0	0	0.27	0	0	0	0	0	0	0	0.76	23.45
HG00236	0	0	0	0	0	0	0	0	0	0	0	1.57	0	0	0	0	0	0	0	0.43	26.07
NA11920	0	0	0	0	0	0	0.68	0	0	0.25	0	0	0.4	0.02	0	0.02	0	0.3	0	0.33	25.18
HG00239	0	0	0	0	0	0	0	0	0	0	0	0	1	0	0	0.93	0	0	0	0.07	27.36
HG00265	0	0	0	0	0	0	0	0	0	0.42	0	0.97	0.56	0	0	0	0	0	0	0.05	26.03
HG00115	0	0	0.99	0	0.93	0	0.02	0	0	0	0	0	0	0	0	0	0	0	0	0.06	19.65
HG00244	0	0	0	0	0	0	0	0.04	0	0.07	0	0.02	0.84	0	0.64	0.02	0	0.01	0	0.36	26.67
NA18868	0	0	0	0	0	0	0	0	0	0	0	1.92	0	0	0	0	0	0	0	0.08	26.42
HG00110	0	0	0	0	0	0	0	0	0	0	0	0.28	0.19	0	0.69	0.25	0	0.54	0	0.05	28.47
HG00181	0	0	0	0	0	0	0	0	0	1.56	0	0	0.38	0	0	0	0	0	0	0.06	24.88
HG00187	0	0	0	0	0	0	0.97	0	0	0.01	0	0	0.96	0	0	0	0	0	0	0.06	24.49
HG00188	0	0	0	0	0	0	0	0	0	1.93	0	0	0	0	0	0	0	0	0	0.07	24.5
NA20542	0	0	0.93	0	0	0	0.02	0	0	0	0	0.73	0	0	0.18	0	0.01	0	0	0.13	22.81
HG00264	0	0	0	0	0	0	0	0	0	0	0	1.2	0	0	0	0	0	0	0	0.8	25.7
HG00315	0	0	0.9	0	0.03	0	0.04	0	0	0.97	0	0	0	0	0	0	0	0	0	0.06	21.7
HG00376	0	0	0	0	0	0	0	0	0	0	0	0.33	0	0	0.06	0	0.59	0	0	1.02	26.72
NA20811	0	0	0	0	0	0	0	0	0	0.97	0	0	0.51	0	0	0.46	0	0	0	0.06	25.93
NA20785	0	0	0.97	0	0.95	0	0.03	0	0	0	0	0	0	0	0	0	0	0	0	0.05	19.66
HG00176	0	0.03	0.1	0	1.02	0	0	0	0	0	0	0.15	0	0	0	0	0.02	0	0	0.68	22.25
NA18507	0	0	0	0	0	0	0	0	0	0	0	0.97	0.97	0	0	0	0	0	0	0.06	26.44
HG00261	0	0	0	0	0	0	0	0	0	0.75	0	0.05	0.01	0	0.92	0.21	0	0	0	0.06	26.82
HG00179	0	0	0.35	0	0.28	0	0.35	0	0	0.96	0	0	0.01	0	0	0	0	0	0	0.05	22.55
NA12776	0	0	0	0	0	0	0	0	0	1.93	0	0	0	0	0	0	0	0	0	0.07	24.5
NA20758	0	0	0.02	0	0	0	0.95	0.01	0	0.85	0	0	0.1	0	0	0.02	0	0	0	0.05	23.62
NA18498	0	0	0	0	0	0	0	0	0	0	0	1.93	0	0	0	0	0	0	0	0.07	26.43
HG00321	0	0	0.09	0	0	0	0	0	0	0.97	0	0.26	0	0	0	0	0	0	0	0.68	24.49
HG00313	0	0	0.11	0	0.68	0	0	0.03	0	0.71	0	0.14	0.18	0	0	0.03	0	0.03	0	0.09	23.25
HG00174	0	0	0	0	0	0	0	0	0	0	0	1.25	0	0	0.59	0	0.07	0	0	0.09	27.14
NA12287	0	0	0	0	0	0	0	0	0	0	0	1.43	0	0	0.02	0	0	0	0	0.55	25.97
NA20756	0	0	0.67	0	0.97	0	0.3	0	0	0	0	0	0	0	0	0	0	0	0	0.06	20.25
HG00180	0	0	0.86	0	0.11	0	0.01	0.04	0	0.78	0	0	0.16	0	0	0	0	0	0	0.04	21.81
NA19257	0	0	0	0	0	0	0	0	0	0	0	0.97	0	0	0	0.97	0	0	0	0.06	27.41
HG00112	0	0	0	0	0.01	0	0	0	0	0.23	0	0	0.74	0	0	0	0	0	0	1.02	25.22
NA20586	0	0	0	0	0.19	0	0.02	0	0	0.53	0	0.07	0.44	0	0	0	0	0	0	0.75	24.61
NA12347	0	0	0	0	0	0	0	0	0	1.19	0	0	0.54	0.02	0	0.05	0	0.16	0	0.04	25.64
NA20517	0	0	0	0	0.97	0	0.17	0	0	0	0	0.38	0	0	0.32	0	0.02	0	0	0.14	23.47
HG00384	0	0	0.02	0	0	0	0.04	0	0	0	0	0.97	0	0	0.01	0	0	0	0	0.96	25.39
NA12283	0	0	0.1	0	0	0	0	0	0	0.9	0	0.09	0.08	0	0	0	0	0	0	0.83	24.37
NA11843	0	0	0	0	0	0	0	0	0	1.35	0	0	0.49	0	0	0.1	0	0	0	0.06	25.19
NA20778	0	0	0	0	0.96	0	0.02	0	0	0.69	0	0	0.28	0	0	0	0	0	0	0.05	22.84
NA20541	0	0	0.47	0	0.49	0	0.01	0	0	0.81	0	0	0.16	0	0	0	0	0	0	0.06	22.26
HG00267	0	0	0	0	0	0	0	0	0	0.97	0	0	0.97	0	0	0	0	0	0	0.06	25.47
NA19102	0	0	0	0	0	0	0	0	0	0.74	0	0	1.19	0	0	0	0	0	0	0.07	25.69
NA12272	0	0	0.61	0	0.05	0	0	0	0	0.19	0	0	0.11	0	0	0.01	0	0.67	0	0.36	24.71
NA19141	0	0	0	0	0	0	0	0.35	0	0.44	0	0.59	0.14	0	0	0.02	0	0.03	0	0.43	25.01
NA07048	0	0	0.64	0	0	0	0.34	0	0	0.21	0	0	0.46	0	0	0.31	0	0	0	0.04	23.32
NA20769	0	0	0.72	0	0.25	0	0	0	0	0	0	0.97	0	0	0	0	0	0	0	0.06	22.81
NA20773	0	0	0.38	0	0.19	0	0	0.01	0	0.72	0	0.21	0.23	0	0	0.02	0	0	0	0.24	23.45
HG00328	0	0	0	0	0	0	0	0	0	0.97	0	0.21	0	0	0.51	0	0	0	0	0.31	25.73
HG00106	0	0	0	0	0	0	0	0	0	0	0	0.97	0	0	0	0	0	0	0	1.03	25.47
HG00361	0	0	0	0	0	0	0	0	0	0.97	0	0	0	0	0	0	0	0	0	1.03	24.5
HG00253	0	0	0.01	0	0	0	0.01	0	0	0	0	0.01	0.2	0	0	0.27	0	0.51	0	0.99	26.74
HG00155	0	0	0	0	0.97	0	0	0	0	0	0	0	0	0	0	0	0	0	0	1.03	22.56
NA20792	0	0	0	0	0.19	0	0.02	0	0	0.85	0	0.06	0.02	0	0	0.05	0	0.06	0	0.75	24.46
NA20759	0	0	0	0	0.97	0	0	0.05	0	0.55	0	0	0.28	0.03	0	0.05	0	0.02	0	0.05	22.98
NA18934	0	0	0	0	0	0	0	0	0	0.65	0	1.29	0	0	0	0	0	0	0	0.06	25.79
NA11840	0	0	0	0	0	0	0	0.93	0	0.04	0	0	0.96	0	0	0	0	0	0	0.07	24.53
HG00109	0	0	0.02	0	0.94	0	0.02	0	0	0.01	0	0	0.62	0	0	0.34	0	0	0	0.05	23.84
NA18511	0	0	0	0	0	0	0	0	0	0	0	1.71	0	0	0.22	0	0	0	0	0.07	26.65
HG01334	0	0	0.03	0	0.25	0	0.69	0	0	0	0	0.97	0	0	0	0	0	0	0	0.06	24.19
NA12842	0	0.02	0.05	0	0.03	0	0.07	0	0	0	0	1.26	0	0	0	0	0	0	0	0.57	25.4
HG00338	0	0	0	0	0	0	0	0	0	0.1	0	0	0.87	0	0	0	0	0	0	1.03	25.37
HG00269	0	0	0	0	0	0	0	0	0	0.95	0	0	0.99	0	0	0	0	0	0	0.06	25.49
HG00173	0	0	0.35	0	0.28	0	0.35	0	0	0.96	0	0	0.02	0	0	0	0	0	0	0.04	22.56
NA06986	0	0	0	0	0	0	0	0	0	0.96	0	0.25	0.01	0	0.44	0	0.29	0	0	0.05	26.51
NA12003	0	0	0.76	0	0	0	0	0	0	0	0	0	0.67	0	0	0.31	0	0	0	0.26	23.51
NA20774	0	0	0.97	0	0	0	0	0	0	0.78	0	0	0.19	0	0	0	0	0	0	0.06	21.78
NA20828	0	0	0	0	0	0	0	0	0	1.08	0	0	0.46	0	0	0.36	0	0.05	0	0.05	25.83
HG00284	0	0	0.97	0	0.02	0	0.01	0	0	0	0	0.11	0	0	0	0	0	0	0	0.89	21.65
NA12750	0	0	0	0	0	0	0	0	0	0.49	0	0	0.48	0	0.97	0	0	0	0	0.06	26.92
NA18522	0	0	0	0	0	0	0	0	0	0	0	1.02	0	0	0	0	0	0	0	0.98	25.52
NA12275	0	0	0	0	0	0	0	0	0	0	0	0.32	0	0	0.19	0	0.47	0	0	1.02	26.61
NA20528	0	0	0	0	0	0	0	0	0	0.96	0	0	0.84	0	0	0.14	0	0	0	0.06	25.62
NA18910	0	0	0	0	0	0	0	0	0	0	0	0.97	0.97	0	0	0	0	0	0	0.06	26.44
HG00272	0	0	0	0	0	0	0.94	0.02	0	0.47	0	0.01	0.42	0	0	0.05	0	0.03	0	0.06	24.16
HG00138	0	0	0	0	0	0	0	0.25	0	0.41	0	0	1.24	0.01	0	0.04	0	0.01	0	0.04	25.61
HG00159	0	0	0	0	0	0	0	0.02	0	0.93	0	0.09	0.03	0	0.88	0.01	0	0	0	0.04	26.38
HG00108	0	0	0	0	0	0	0	0	0	1.66	0	0	0.28	0	0	0	0	0	0	0.06	24.78
NA19256	0	0	0	0	0	0	0	0	0	0	0	1.05	0	0	0	0	0	0	0	0.95	25.55
HG00111	0	0	0	0	0	0	0	0.01	0	0.54	0	0	1.37	0	0	0.02	0	0.01	0	0.05	25.93
HG00143	0	0	0	0	0	0	0	0	0	0.01	0	0.97	0.96	0	0	0	0	0	0	0.06	26.43
NA19119	0	0	0	0	0	0	0	0	0	0.07	0	0.97	0.9	0	0	0	0	0	0	0.06	26.37
NA12751	0	0	0	0	0	0	0.97	0	0	0	0	0	0	0	0	0	0	0	0	1.03	23.53
HG00121	0	0	0.81	0	0.12	0	0.05	0	0	0	0	0.39	0	0	0.57	0	0.01	0	0	0.05	23.34
NA20515	0	0	0	0	0	0	0	0.08	0	0.95	0	0	0.89	0	0	0.02	0	0	0	0.06	25.35
NA20512	0	0	0.97	0	0	0	0	0	0	0	0	0.01	0	0	0	0	0	0	0	1.02	21.6
NA06989	0	0	0	0	0	0	0	0	0	0.97	0	0.04	0	0	0.91	0	0.02	0	0	0.06	26.42
HG00281	0	0	0	0	0	0	0.19	0	0	0	0	0.55	0	0	0.97	0	0	0	0	0.29	26.8
HG00383	0	0	0	0	0	0	0	0	0	0	0	0.01	0	0	0	0	0	0	0	1.99	24.51
NA12716	0	0	0	0	0	0	0	0	0	0	0	1.91	0	0	0.02	0	0	0	0	0.07	26.45
NA12718	0	0	0.85	0	0.09	0	0.02	0	0	0	0	0.7	0	0	0	0	0	0	0	0.34	22.45
HG00137	0	0	0	0	0	0	0	0	0	0.81	0	0.97	0.16	0	0	0	0	0	0	0.06	25.63
NA20790	0	0	0	0	0	0	0.03	0	0	0	0	0.03	0	0	0.11	0	0	0	0	1.83	24.72
NA18489	0	0	0	0	0	0	0	0	0	0	0	0.65	0.97	0	0.32	0	0	0	0	0.06	26.76
HG00334	0	0	0	0	0	0	0	0	0	0.97	0	0	0.96	0	0	0	0	0	0	0.07	25.46
NA20803	0	0	0	0	0.97	0	0	0	0	0.38	0	0	0.58	0	0	0	0	0.01	0	0.06	23.17
NA11892	0	0	0	0	0	0	0.01	0	0	0	0	0	0	0	0.97	0	0	0	0	1.02	26.43
HG00232	0	0	0	0	0.97	0	0	0	0	0	0	0	0	0	0	0	0	0	0	1.03	22.56
HG00369	0	0	0	0	0.97	0	0	0.11	0	0.48	0	0	0.28	0	0	0.07	0	0.04	0	0.05	22.99
NA19152	0	0	0.01	0	0	0	0	0	0	0.49	0	0.48	0	0	0	0	0	0	0	1.02	24.95
NA07037	0	0	0.46	0	0.07	0	0.97	0	0	0	0	0	0	0	0	0	0	0	0	0.5	22.01
NA11831	0	0	0	0	0	0	0	0	0	0	0	0	0.85	0	0.97	0.12	0	0	0	0.06	27.53
HG00133	0	0	0.68	0	0.29	0	0	0	0	0	0	0.03	0	0	0	0	0	0	0	1.0	21.91
NA19248	0	0	0	0	0	0	0	0	0	0.9	0	0.97	0.02	0	0	0.05	0	0	0	0.06	25.59
NA11830	0	0	0.01	0	0.2	0	0.02	0	0	0	0	0.53	0	0	0.42	0	0.29	0	0	0.53	26.29
HG00126	0	0	0.01	0	0.93	0	0.29	0	0	0	0	0.59	0	0	0.02	0	0.09	0	0	0.07	23.22
NA20813	0	0	0	0	0	0	0	0	0	0	0	0	0.97	0	0	0	0	0	0	1.03	25.47
NA11994	0	0	0	0	0	0	0.6	0	0	0.97	0	0.01	0	0	0	0	0	0	0	0.42	23.91
NA19209	0	0	0	0	0	0	0	0	0	0	0	0.06	0	0	0.01	0	0	0	0	1.93	24.58
HG00255	0	0	0	0	0	0	0	0.01	0	1.91	0	0	0.02	0	0	0	0	0	0	0.06	24.51
NA19225	0	0	0	0	0	0	0	0	0	0.97	0	0.97	0	0	0	0	0	0	0	0.06	25.47
NA20532	0	0	0.97	0	0	0	0	0	0	0	0	0.79	0	0	0	0	0	0	0	0.24	22.38
NA18923	0	0	0	0	0	0	0	0	0	0	0	1.55	0	0	0	0	0	0	0	0.45	26.05
NA20812	0	0	0	0	0	0	0	0	0	0.98	0	0	0.58	0	0	0.23	0	0.14	0	0.07	25.96
HG00250	0	0	0	0	0.97	0	0	0	0	0.7	0	0	0.19	0	0	0.03	0	0.05	0	0.06	22.96
HG00256	0	0	0	0	0	0	0	0	0	0	0	0.03	0.58	0	0.94	0.39	0	0	0	0.06	27.77
HG00262	0	0	0.85	0	0.05	0	0.02	0.02	0	0.32	0	0.06	0.16	0	0	0.48	0	0	0	0.04	22.99
NA12348	0	0	0.1	0	0	0	0.82	0	0	0.96	0	0.06	0.01	0	0	0	0	0	0	0.05	23.45
NA18858	0	0	0	0	0	0	0.01	0	0	0.97	0	0.65	0	0	0.3	0	0	0	0	0.07	25.74
NA20754	0	0	0.32	0	0.25	0	0	0	0	0.05	0	0.02	0.93	0	0.01	0	0	0	0	0.42	24.01
NA12775	0	0	0.97	0	0	0	0	0	0	0.96	0	0	0.01	0	0	0	0	0	0	0.06	21.6
NA20510	0	0	0.22	0	0.52	0	0	0	0	0.68	0	0	0.29	0	0	0.01	0	0	0	0.28	23.11
NA11930	0	0	0	0	0.97	0	0	0	0	0	0	0	0.97	0	0	0	0	0	0	0.06	23.53
NA19138	0	0	0	0	0	0	0	0	0	0	0	0.97	0	0	0	0	0	0	0	1.03	25.47
NA18499	0	0	0	0	0	0	0	0	0	0	0	0	0.97	0	0	0	0	0	0	1.03	25.47
NA19093	0	0	0	0	0	0	0	0	0	0	0	1.93	0	0	0	0	0	0	0	0.07	26.43
HG00367	0	0	0.35	0	1.24	0	0.35	0	0	0	0	0	0	0	0	0	0	0	0	0.06	20.62
NA19108	0	0	0	0	0	0	0	0.27	0	0.48	0	0.97	0.13	0	0	0.05	0	0.06	0	0.04	25.61
NA19200	0	0	0	0	0	0	0	0	0	0.65	0	0.33	0.97	0	0	0	0	0	0	0.05	25.8
HG00278	0	0	0.69	0	0.55	0	0.69	0	0	0	0	0	0	0	0	0	0	0	0	0.07	20.64
HG00309	0	0	0	0	0	0	0	0	0	1.93	0	0	0	0	0	0	0	0	0	0.07	24.5
HG00139	0	0	0.01	0	0	0	0.96	0	0	0	0	0.86	0	0	0.11	0	0	0	0	0.06	24.59
NA19098	0	0	0	0	0	0	0	0	0	0.87	0	0.36	0.03	0	0.61	0.07	0	0	0	0.06	26.25
HG00271	0	0	0	0	0	0	0.68	0	0	0	0	0.65	0	0	0.14	0	0.02	0	0	0.51	24.81
NA20520	0	0	0	0	0	0	0	0	0	0.47	0	0.22	0.5	0	0.19	0	0.57	0	0	0.05	27.31
HG00246	0	0	0.97	0	0.11	0	0	0	0	0	0	0.11	0	0	0	0	0	0	0	0.81	21.48
NA12045	0	0	0	0	0.05	0	0.73	0	0	0.97	0	0	0	0	0	0	0	0	0	0.25	23.67
NA12889	0	0	0.71	0	0.24	0	0.03	0	0	0	0	0.4	0	0	0.52	0	0.03	0	0	0.07	23.39
HG00276	0	0	0	0	0.97	0	0	0	0	0	0	0.68	0	0	0.11	0	0	0	0	0.24	23.46
NA12830	0	0	0.6	0	0.01	0	0	0.01	0	0.22	0	0	0.57	0.06	0	0.11	0	0.01	0	0.41	23.55
NA18519	0	0	0	0	0	0	0	0	0	0.97	0	0.97	0	0	0	0	0	0	0	0.06	25.47
NA06984	0	0	0	0	0	0	0	0	0	0.97	0	0	0.97	0	0	0	0	0	0	0.06	25.47
HG00320	0	0	0.97	0	0	0	0	0	0	0.01	0	0	0.1	0	0	0.27	0	0.6	0	0.05	24.03
NA19223	0	0	0.83	0	0.02	0	0.13	0	0	0	0	0.97	0	0	0	0	0	0	0	0.05	22.81
NA19107	0	0	0	0	0	0	0	0	0	0	0	0.97	0.97	0	0	0	0	0	0	0.06	26.44
HG00382	0	0	0.01	0	0	0	0	0	0	0	0	0	0	0	0	0	0	0	0	1.99	24.47
HG00119	0	0.97	0.97	0	0	0	0	0	0	0	0	0	0	0	0	0	0	0	0	0.06	17.71
