	10.75	11.75	12.75	13.75	13.75	13.75	14.75	14.75	14.75	15.25	15.75	15.75	15.75	15.75	15.75	16.25	16.75	16.75	16.75	16.75	17.75	17.75	18.25	18.75	18.75	18.75	18.75	19.75	20.75	20.75	21.75	22.75	23.75	24.75	25.75	19.75	Beta
NA19131	0	0	0	0	0	0.01	0	0.01	0	0	0	0	0	0.06	0	0	0	0	0.7	0	0	0.03	0	0	0	0.31	0	0	0.66	0	0	0	0	0	0	0.22	37.34
NA19198	0	0	0	0	0	0.94	0	0	0	0	0	0	0	0	0	0	0	0	0	0	0	0.94	0	0	0	0	0	0	0	0	0	0	0	0	0	0.12	31.98
HG00273	0	0	0	0	0	0	0	0	0	0	0	0	0	0.63	0	0	0	0	0.26	0	0	0.97	0	0	0	0.03	0	0	0	0	0	0	0	0	0	0.11	34.23
HG00150	0	0	0	0	0	0.01	0	0	0	0	0	0	0	0	0	0	0	0	0.94	0	0	0.75	0	0	0	0.07	0	0	0.03	0	0	0	0	0	0	0.2	35.08
HG00145	0	0	0	0	0	0.02	0	0	0	0	0	0	0	0	0	0	0	0	0	0	0	0	0	0	0	0.9	0	0	0.58	0	0	0	0	0	0	0.5	39.06
HG00339	0	0	0	0	0	0.24	0	1.48	0	0	0	0	0	0.17	0	0	0	0	0	0	0	0	0	0	0	0	0	0	0	0	0	0	0	0	0	0.11	29.98
HG00102	0	0	0	0	0	0.94	0	0	0	0	0	0	0	0.31	0	0	0	0	0.34	0	0	0.27	0	0	0	0.03	0	0	0	0	0	0	0	0	0	0.11	31.03
NA18523	0	0	0	0	0	0.01	0	0.01	0	0	0	0	0	0.01	0	0	0	0	0.9	0	0	0.01	0	0	0	0	0	0	0.02	0	0	0	0	0	0	1.04	36.65
HG00346	0	0	0	0	0	0	0	0.94	0	0	0	0	0	0	0	0	0	0	0	0	0	0	0	0	0	0.41	0	0	0.08	0	0	0	0	0	0	0.57	34.47
NA12249	0	0	0	0	0	0	0	0.94	0	0	0	0	0	0.01	0	0	0	0	0	0	0	0	0	0	0	0.64	0	0	0	0	0	0	0	0	0	0.41	34.12
HG00266	0	0	0	0	0	0.94	0	0.02	0	0	0	0	0	0.03	0	0	0	0	0	0	0	0	0	0	0	0.01	0	0	0.2	0	0	0	0	0	0	0.8	33.83
NA12413	0	0	0	0	0	0.67	0	0.25	0	0	0	0	0	0.02	0	0	0	0	0.01	0	0	0.01	0	0	0	0	0	0	0.62	0	0	0	0	0	0	0.42	34.72
NA19236	0	0	0.02	0	0	0.01	0	0.04	0	0.01	0	0	0	0	0	0.01	0	0	0	0	0	0	0.01	0	0	1.25	0	0	0.01	0	0.53	0	0	0	0	0.11	38.825
NA20544	0	0	0	0	0	0.78	0	0.12	0	0	0	0	0	0.01	0	0	0	0	0.07	0	0	0.85	0	0	0	0.01	0	0	0	0	0	0	0	0	0	0.16	32.26
NA19204	0	0	0	0	0	0	0	0	0	0	0	0	0	0	0	0	0	0	0	0	0	0.94	0	0	0	0.94	0	0	0	0	0	0	0	0	0	0.12	36.68
HG00103	0	0	0	0	0	0	0	0	0	0	0	0	0	0	0	0	0	0	0.1	0	0	0.23	0	0	0	0.17	0	0	1.1	0	0	0	0	0	0	0.4	39.67
NA20582	0	0.94	0	0	0	0.59	0	0.14	0	0	0	0	0	0.01	0	0	0	0	0.12	0	0	0	0	0	0	0.09	0	0	0	0	0	0	0	0	0	0.11	27.25
NA19172	0	0	0.02	0	0	0.01	0	0.01	0	0	0	0	0	0.04	0	0	0	0	0.03	0	0	0.67	0	0	0	0.32	0	0	0.04	0	0.01	0	0	0	0	0.85	37.4
NA20815	0	0.04	0.02	0	0	0.42	0	0.29	0	0	0	0	0	0.41	0	0	0	0	0.12	0	0	0.29	0	0	0	0.18	0	0	0	0	0	0	0	0	0	0.23	32.31
HG00375	0	0	0	0	0	0.22	0	0.24	0	0	0	0	0	0.42	0	0	0	0	0.02	0	0.03	0.01	0	0	0	0.05	0	0	0.49	0	0.2	0.06	0	0.06	0	0.2	36.48
NA18933	0	0	0	0	0	0	0	0	0	0	0	0	0	0.07	0	0	0	0	0.52	0	0	0.17	0	0	0	0.09	0	0	1.02	0	0	0.01	0	0	0	0.12	38.28
HG00245	0	0	0	0	0	0.94	0	0	0	0	0	0	0	0	0	0	0	0	0	0	0	0	0	0	0	0	0	0	0.9	0	0	0	0	0	0	0.16	34.76
HG00319	0	0.03	0	0	0	0.01	0	0.35	0	0	0	0	0	0.95	0	0	0	0	0.34	0	0	0.22	0	0	0	0.01	0	0	0	0	0	0	0	0	0	0.09	32.18
NA12155	0	0	0	0	0	0	0	0	0	0	0	0	0	0.01	0	0	0	0	0.31	0	0	0.96	0	0	0	0.01	0	0	0	0	0	0	0	0	0	0.71	36.6
NA12749	0	0	0	0	0	0.23	0	0.06	0	0	0	0	0	1.31	0	0	0	0	0.2	0	0	0.06	0	0	0	0.02	0	0	0	0	0	0	0	0	0	0.12	31.84
HG00341	0	0	0.04	0	0	0.35	0	0.42	0	0	0	0	0	0.33	0	0	0	0	0.49	0	0	0.24	0	0	0	0.02	0	0	0	0	0.01	0	0	0	0	0.1	31.75
NA20771	0	0	0.04	0	0	0.09	0	0.02	0	0	0	0	0	0.96	0	0	0	0	0.22	0	0	0.47	0	0	0	0.1	0	0	0	0	0	0	0	0	0	0.1	33.04
NA20761	0	0	0.01	0	0	0.07	0	0.26	0	0	0	0	0	0.86	0	0	0	0	0.11	0	0	0.13	0	0	0	0.35	0	0	0	0	0	0	0	0	0	0.21	33.33
NA12341	0	0	0	0	0	0	0	0.01	0	0	0	0	0	0.01	0	0	0	0	0.01	0	0	0.07	0	0	0	1.22	0	0	0.18	0	0	0	0	0	0	0.5	38.2
HG00380	0	0	0.46	0	0	0.47	0	0.71	0	0	0	0	0	0.24	0	0	0	0	0	0	0	0	0	0	0	0	0	0	0	0	0	0	0	0	0	0.12	28.95
NA12763	0	0	0	0	0	0	0	0	0	0	0	0	0	0.04	0	0	0	0	0.15	0	0	0.81	0	0	0	0.1	0	0	0.33	0	0	0	0	0	0	0.57	37.5
NA18917	0	0	0	0	0	0	0	0	0	0	0	0	0	0.15	0	0	0	0	0.08	0	0	0	0	0	0	0.94	0	0	0	0	0	0	0	0	0	0.83	37.72
HG00116	0	0	0	0	0	0.93	0	0.01	0	0	0	0	0	0	0	0	0	0	0	0	0	0.94	0	0	0	0	0	0	0	0	0	0	0	0	0	0.12	31.99
HG00260	0	0	0	0	0	0	0	0.94	0	0	0	0	0	0	0	0	0	0	0	0	0	0	0	0	0	0.01	0	0	0	0	0.27	0.27	0.01	0.39	0	0.11	38.13
NA18907	0	0	0	0	0	0.01	0	0	0	0	0	0	0	0.01	0	0	0	0	0	0	0	0	0	0	0	0.94	0	0	0	0	0	0	0	0	0	1.04	38.46
NA20770	0	0	0.01	0	0	0.04	0	0.91	0	0	0	0	0	0.43	0	0	0	0	0.11	0	0	0.02	0	0	0	0	0	0	0	0	0	0	0	0	0	0.48	32.55
NA20807	0	0	0.01	0	0	0.59	0	0.34	0	0	0	0	0	0.14	0	0	0	0	0.38	0	0	0.39	0	0	0	0.05	0	0	0	0	0	0	0	0	0	0.1	31.66
NA20796	0	0	0	0	0	0.61	0	0.4	0	0	0	0	0	0.38	0	0	0	0	0.36	0	0	0.01	0	0	0	0.11	0	0	0	0	0	0	0	0	0	0.13	31.11
NA19160	0	0	0	0	0	0.01	0	0.01	0	0	0	0	0	0.01	0	0	0	0	0.02	0	0	0.05	0	0	0	0.94	0	0	0.56	0	0.02	0.01	0	0	0	0.37	38.88
NA20810	0	0	0	0	0	0.02	0	0.14	0	0	0	0	0	0.05	0	0	0	0	0.27	0	0.04	1.26	0	0	0	0.03	0	0	0	0	0	0	0	0	0	0.19	35.04
NA20787	0	0	0.15	0	0	0.3	0	0.39	0	0	0	0	0	0.08	0	0	0	0	0.19	0	0.02	0.75	0	0	0	0.01	0	0	0	0	0	0	0	0	0	0.11	32.26
NA07347	0	0	0	0	0	0	0	0	0	0	0	0	0	0.02	0	0	0	0	0.17	0	0	0.42	0	0	0	1.27	0	0	0	0	0	0	0	0	0	0.12	36.8
HG00101	0	0	0	0	0	0.07	0	0	0	0	0	0	0	0	0	0	0	0	1.81	0	0	0	0	0	0	0	0	0	0	0	0	0	0	0	0	0.12	33.65
HG00160	0	0	0	0	0	0.01	0	0.01	0	0	0	0	0	0.06	0	0	0	0	0.28	0	0	0.43	0	0	0	0.2	0	0	0.02	0	0.02	0	0	0	0	0.97	37.31
HG00251	0	0.01	0.02	0	0	0.1	0	0.17	0	0	0	0	0	0.47	0	0	0	0	0.9	0	0	0.18	0	0	0	0.04	0	0	0	0	0	0	0	0	0	0.11	32.85
HG00146	0	0.25	0.21	0	0	0.14	0	0.52	0	0	0	0	0	0.37	0	0	0	0	0.11	0	0	0.27	0	0	0	0.02	0	0	0	0	0.01	0	0	0	0	0.1	30.24
NA20819	0	0	0.01	0	0	0.65	0	0.96	0	0	0	0	0	0.22	0	0	0	0	0.04	0	0	0	0	0	0	0	0	0	0	0	0	0	0	0	0	0.12	29.73
NA12778	0	0	0	0	0	0.01	0	0.26	0	0	0	0	0	0.23	0	0	0	0	0.04	0	0	0.51	0	0	0	0.19	0	0	0.21	0	0	0	0	0	0	0.55	36.1
NA12890	0	0	0.54	0	0	0	0	0.23	0	0	0	0	0	0.18	0	0	0	0	0.01	0	0	0.93	0	0	0	0	0	0	0	0	0	0	0	0	0	0.11	31.96
NA20535	0	0	0	0	0	0	0	0	0	0	0	0	0	0	0	0	0	0	0	0	0	0.53	0	0	0	1.31	0	0	0	0	0	0	0	0	0	0.16	37.13
NA19116	0	0	0	0	0	0.01	0	0.01	0	0	0	0	0	0.01	0	0	0	0	1.84	0	0	0.01	0	0	0	0.01	0	0	0	0	0	0	0	0	0	0.11	33.8
NA20506	0	0	0.3	0	0	0.62	0	0.02	0	0	0	0	0	0.01	0	0	0	0	0.94	0	0	0	0	0	0	0	0	0	0	0	0	0	0	0	0	0.11	30.72
HG00330	0	0	0	0	0	0.01	0	0	0	0	0	0	0	0.01	0	0	0	0	0.01	0	0	0.04	0	0	0	1.81	0	0	0	0	0	0	0	0	0	0.12	37.48
HG00189	0	0	0	0	0	0	0	0.93	0	0	0	0	0	0.01	0	0	0	0	0.24	0	0	0.04	0	0	0	0	0	0	0	0	0	0	0	0	0	0.78	34.01
HG00233	0	0.01	0	0	0	0.14	0	0.07	0	0	0	0	0	0.55	0	0	0.04	0	0.99	0	0	0.08	0	0	0	0	0	0	0	0	0	0	0	0	0	0.12	32.78
NA12546	0	0	0	0	0	0.98	0	0	0	0	0	0	0	0.01	0	0	0	0	0.05	0	0	0.84	0	0	0	0.02	0	0	0	0	0	0	0	0	0	0.1	31.73
NA19129	0	0	0	0	0	0	0	0	0	0	0	0	0	0	0	0	0	0	0.94	0	0	0.94	0	0	0	0	0	0	0	0	0	0	0	0	0	0.12	34.8
NA20525	0	0	0.01	0	0	0.05	0	0.09	0	0	0	0	0	1.68	0	0	0	0	0.04	0	0	0.01	0	0	0	0	0	0	0	0	0	0	0	0	0	0.12	31.82
NA19144	0	0	0.04	0	0	0.01	0	0.57	0	0.01	0	0	0	0.01	0	0.01	0	0	0.8	0	0	0.3	0.01	0	0	0	0	0	0.01	0	0.01	0	0	0	0	0.22	33.205
NA12058	0	0	0	0	0	0.53	0	0.07	0	0	0	0	0	0.04	0	0	0	0	0.29	0	0	0.01	0	0	0	0.95	0	0	0	0	0	0	0	0	0	0.11	33.97
NA20516	0	0	0.01	0	0	0.1	0	0.3	0	0	0	0	0	0.22	0	0	0	0	0.28	0	0.01	0.28	0	0	0	0.42	0	0	0.03	0	0.01	0	0	0	0	0.34	34.66
NA20797	0	0	0	0	0	0.01	0	0.02	0	0	0	0	0	0.17	0	0	0.01	0	0.4	0	0	0.26	0	0	0	0.83	0	0	0.02	0	0	0	0	0	0	0.28	36.1
HG00178	0	0	0	0	0	0	0	0	0	0	0	0	0	0.49	0	0	0.03	0	0.14	0	0	0.18	0	0	0	0.2	0	0	0.63	0	0.1	0	0	0	0	0.23	37.3
NA11832	0	0	0	0	0	0.01	0	0.01	0	0	0	0	0	0.94	0	0	0	0	0.03	0	0	0.7	0	0	0	0.11	0	0	0.05	0	0	0	0	0	0	0.15	34.08
NA18520	0	0	0	0	0	0	0	0	0	0	0	0	0	0	0	0	0	0	0.67	0	0	1.19	0	0	0	0.01	0	0	0	0	0	0	0	0	0	0.13	35.1
HG00263	0	0.01	0	0	0	0.57	0	0.01	0	0	0	0	0	0.36	0	0	0	0	0	0	0	0.88	0	0	0	0.06	0	0	0	0	0	0	0	0	0	0.11	32.69
HG00127	0	0	0	0	0	0.55	0	0.34	0	0	0	0	0	0.01	0	0	0	0	0.05	0	0	0.01	0	0	0	0.94	0	0	0	0	0	0	0	0	0	0.1	33.35
HG00326	0	0	0.01	0	0	0	0	0.3	0	0	0	0	0	0.24	0.01	0	0	0	0.2	0	0	0.09	0	0	0	0.07	0	0	0.02	0	0.69	0	0	0	0	0.37	37.48
NA20531	0	0	0	0	0	0	0	1.01	0	0	0	0	0	0.11	0	0	0	0	0.01	0	0	0.01	0	0	0	0.75	0	0	0	0	0	0	0	0	0	0.11	33.21
HG00310	0	0	0.02	0	0	0.73	0	0.12	0	0	0	0	0	0.06	0	0	0	0	0.03	0	0	0	0	0	0	0	0	0	0	0	0	0	0.94	0.01	0	0.09	37.86
HG00378	0	0	0.01	0	0	0.16	0	0.06	0	0	0	0	0	0.96	0	0	0	0	0.51	0	0	0.06	0	0	0	0.08	0	0	0.01	0	0	0	0	0	0	0.15	32.61
NA12342	0	0	0	0	0	0.92	0	0.02	0	0	0	0	0	0	0	0	0	0	0.94	0	0	0.01	0	0	0	0	0	0	0	0	0	0	0	0	0	0.11	31.04
NA19206	0.17	0	0	0	0	0.01	0	0.01	0	0	0	0	0	0.01	0	0	0	0	0.2	0	0	0.23	0	0	0	0	0	0	0	0	0	0.92	0	0	0	0.45	39.52
NA20752	0	0.01	0.21	0	0	0.64	0	0.19	0	0	0	0	0	0.44	0	0	0	0	0.16	0	0	0.17	0	0	0	0.05	0	0	0.01	0	0	0	0	0	0	0.12	30.54
HG00157	0	0	0	0	0	0.48	0	0.46	0	0	0	0	0	0.01	0	0	0	0	0.94	0	0	0	0	0	0	0	0	0	0	0	0	0	0	0	0	0.11	31.46
HG00258	0	0.01	0.03	0	0	0.15	0	0.15	0	0	0	0.01	0.01	0.18	0	0	0	0	0.17	0	0	0.07	0	0	0	0.05	0	0	0.28	0	0	0	0	0	0	0.89	36.34
HG00177	0	0	0	0	0	0	0	0	0	0	0	0	0	0	0	0	0	0	0	0	0	0	0	0	0	0.98	0	0	0.4	0	0.29	0.05	0	0.01	0	0.27	39.7
HG00353	0	0	0	0	0	0.66	0	1.09	0	0	0	0	0	0.1	0	0	0	0	0	0	0	0	0	0	0	0	0	0	0.04	0	0.01	0	0	0	0	0.1	29.75
NA19114	0	0	0	0	0	0.01	0	0.03	0	0	0	0	0	0.04	0	0	0	0	0.03	0	0	0.25	0	0	0	0.47	0	0	0.05	0	0.94	0	0	0	0	0.18	40.0
HG00131	0	0	0	0	0	0	0	0.01	0	0	0	0	0	0	0	0	0	0	0.01	0	0	0.93	0	0	0	0.46	0	0	0.44	0	0	0	0	0	0	0.15	37.54
HG00372	0	0	0.01	0	0	0.02	0	0.02	0	0	0	0	0	0.1	0	0	0	0	0.42	0	0	0.52	0	0	0	0.14	0	0	0.32	0	0.1	0.05	0	0	0	0.3	37.04
NA19092	0	0	0	0	0	0	0	0.01	0	0	0	0	0	0	0	0	0	0	0.05	0	0	1.81	0	0	0	0	0	0	0	0	0	0	0	0	0	0.13	35.68
NA10847	0	0	0	0	0	0	0	0	0	0	0	0	0	0.94	0	0	0	0	0	0	0	0	0	0	0	0	0	0	0	0	0.85	0	0	0	0	0.21	37.44
HG00277	0	0	0	0	0	0.52	0	0.21	0	0	0	0	0	0.88	0	0	0	0	0.17	0	0	0.11	0	0	0	0	0	0	0	0	0	0	0	0	0	0.11	31.08
NA18510	0.01	0	0	0	0	0.01	0	0.13	0	0	0	0	0	0.01	0	0	0	0	0.2	0	0	0.01	0	0	0	0.14	0	0	0.17	0	0.08	0.47	0	0	0	0.77	39.64
NA12399	0	0	0	0	0	0.9	0	0.07	0	0	0	0	0	0.04	0	0	0	0	0.15	0	0	0.04	0	0	0	0.05	0	0	0	0	0.13	0	0	0	0	0.62	33.27
HG00327	0	0	0	0	0	0.31	0	0.63	0	0	0	0	0	0	0	0	0	0	0.01	0	0	0	0	0	0	0	0	0	0.56	0	0	0	0	0	0	0.49	35.02
NA19247	0.68	0	0	0	0	0.16	0	0.01	0	0	0	0	0	0.03	0	0	0	0	0.94	0	0	0.03	0	0	0	0	0	0	0	0	0.03	0.01	0	0	0	0.11	29.46
HG00332	0	0	0	0	0	0.04	0	0.02	0	0	0	0	0	0.23	0.02	0	0	0	0.53	0	0	0.69	0	0	0	0.2	0	0	0.08	0	0	0	0	0	0	0.19	35.07
NA18504	0	0	0.01	0	0	0.08	0	0.07	0	0	0	0	0	0.08	0	0	0	0	0.95	0	0	0.02	0	0	0	0.02	0	0	0.67	0	0	0	0	0	0	0.1	36.04
HG00252	0	0	0	0	0	0.02	0	0.3	0	0	0	0	0	0.04	0	0	0	0	0.98	0	0	0.27	0	0	0	0.13	0	0	0.04	0	0	0	0	0	0	0.22	34.15
HG00238	0	0	0	0	0	0	0	0.94	0	0	0	0	0	0	0	0	0	0	0	0	0	0	0	0	0	0	0	0	0.82	0	0.07	0.06	0	0	0	0.11	35.94
HG00342	0	0	0	0	0	0.01	0	0	0	0	0	0	0	0.1	0	0	0	0	0.35	0	0	0.48	0	0	0	0.01	0	0	0	0	0.44	0.08	0.37	0.05	0	0.11	39.87
NA20581	0	0	0	0	0	0.02	0	0.02	0	0	0	0	0	0.09	0	0	0	0	0.97	0	0	0.06	0	0	0	0.25	0	0	0	0	0	0	0	0	0	0.59	35.64
HG00268	0	0	0	0	0	0	0	0.25	0	0	0	0	0	0.69	0	0	0	0	0.01	0	0	0.03	0	0	0	0.27	0	0	0.08	0	0	0	0	0	0	0.67	35.21
HG00154	0	0	0	0	0	0	0	0.94	0	0	0	0	0	0.94	0	0	0	0	0	0	0	0	0	0	0	0.01	0	0	0	0	0	0	0	0	0	0.11	31.03
HG00371	0	0	0	0	0	0.08	0	0.09	0	0	0	0	0	0.78	0	0	0	0	0.01	0	0	0	0	0	0	0.08	0	0	0.33	0	0.2	0	0	0	0	0.43	36.07
NA18870	0	0	0	0	0	0.01	0	0.01	0	0.94	0	0	0	0.01	0	0	0	0	0.01	0	0	0.01	0	0	0	0.02	0	0	0	0.56	0	0	0	0	0	0.43	35.61
NA20505	0	0	0	0	0	0.04	0	0.03	0	0	0	0	0	0.81	0	0	0	0	0.03	0	0	0.01	0	0	0	0.01	0	0	0.94	0	0	0	0	0	0	0.13	36.69
NA20538	0	0.94	0	0	0	0	0	0	0	0	0	0	0	0	0	0	0	0	0	0	0	0	0	0	0	0	0	0	0.9	0	0	0	0	0	0	0.16	32.88
HG00182	0	0	0.03	0	0	0.15	0	0.45	0	0	0	0	0	0.14	0	0	0	0	0.06	0	0	0.84	0	0	0	0.19	0	0	0	0	0.01	0	0	0	0	0.13	33.55
NA19207	0.01	0	0.01	0	0	0.08	0	0.08	0	0.45	0	0	0	0.12	0	0	0	0	0.11	0	0	0.04	0	0	0	0.95	0	0	0.02	0	0	0	0	0	0	0.13	34.615
HG00373	0	0	0	0	0	0	0	0	0	0	0	0	0	0	0	0	0	0	0	0	0	0	0	0	0	0	0	0	0.05	0	0.94	0.89	0	0	0	0.12	44.1
NA20800	0	0	0	0	0	0.05	0	0.18	0	0	0	0	0	0.06	0	0	0	0	0.51	0	0.06	0.04	0	0	0	0.07	0	0	0.85	0	0.04	0.01	0	0	0	0.13	37.22
HG00151	0	0	0	0	0	0.01	0	0	0	0	0	0	0	0	0	0	0	0	1.69	0	0	0.03	0	0	0	0.05	0	0	0.01	0	0	0	0	0	0	0.21	34.27
NA11829	0	0.1	0	0	0	0	0	0.04	0	0	0	0	0	0.12	0	0	0	0	0.74	0	0	0.82	0	0	0	0.04	0	0	0	0	0	0	0	0	0	0.14	34.12
HG00324	0	0	0	0	0	0.08	0	0.09	0	0	0	0	0	1.71	0	0	0	0	0.01	0	0	0	0	0	0	0	0	0	0	0	0	0	0	0	0	0.11	31.7
HG00120	0.01	0	0.01	0	0	0.06	0	0.07	0.01	0	0	0	0	1.08	0	0	0	0	0.16	0	0	0.4	0	0	0	0.06	0	0	0	0	0	0	0	0	0	0.14	32.92
NA12828	0	0	0	0	0	0	0	0.94	0	0	0	0	0	0.02	0	0	0	0	0.18	0	0	0.55	0	0	0	0.15	0.01	0	0.01	0	0	0.03	0	0	0	0.11	33.02
NA12777	0	0	0	0	0	0	0	0.94	0	0	0	0	0	0.6	0	0	0	0	0.32	0	0	0.02	0	0	0	0.01	0	0	0	0	0	0	0	0	0	0.11	31.39
NA20539	0.93	0	0.01	0	0	0.39	0	0.45	0	0	0	0	0	0.03	0	0	0	0	0.08	0	0	0	0	0	0	0	0	0	0	0	0	0	0	0	0	0.11	26.11
NA19213	0	0	0	0	0	0.92	0	0	0	0	0	0	0	0.01	0	0	0	0	0.01	0	0	0	0	0	0	0	0	0	0	0	0	0	0	0	0	1.06	33.91
NA19147	0	0	0	0	0	0	0	0	0	0	0	0	0	1.11	0	0	0	0	0.51	0	0	0.14	0	0	0	0.01	0	0	0	0	0	0.01	0	0	0	0.22	33.27
HG00379	0	0	0	0	0	0.04	0	0.09	0	0	0	0	0	0.81	0	0	0	0	0.01	0	0	0	0	0	0	0.94	0	0	0	0	0	0	0	0	0	0.11	34.6
HG00158	0	0	0	0	0	0.01	0	0	0	0	0	0	0	0	0	0	0	0	0.94	0	0	0.31	0	0	0	0.17	0	0	0.29	0	0.03	0	0	0	0	0.25	36.18
HG00329	0	0	0	0	0	0.02	0	0.89	0	0	0	0	0	0.97	0	0	0	0	0	0	0	0	0	0	0	0	0	0	0	0	0	0	0	0	0	0.12	31.05
HG00344	0	0	0	0	0	0	0	0	0	0	0	0	0	0.07	0	0	0	0	0.17	0	0	0.78	0	0	0	0.85	0	0	0	0	0	0	0	0	0	0.13	36.3
NA11931	0	0	0	0	0	0.89	0	0.05	0	0	0	0	0	0	0	0	0	0	0	0	0	0	0	0	0	0.01	0	0	0.61	0	0.33	0	0	0	0	0.11	35.17
HG00142	0	0	0	0	0	0.01	0	0.69	0	0	0	0	0	0.19	0	0	0	0	0.04	0	0	0.01	0	0	0	0.01	0	0	0.47	0	0.47	0	0	0	0	0.11	36.49
HG00100	0.01	0	0.02	0	0	0.3	0	1	0	0	0	0	0	0.19	0.31	0	0	0	0.04	0	0	0.02	0	0	0	0.01	0	0	0	0	0	0	0	0	0	0.1	30.3
NA12843	0	0	0	0	0	0.93	0	0.02	0	0	0	0	0	0.74	0	0	0	0	0	0	0	0.2	0	0	0	0	0	0	0	0	0	0	0	0	0	0.11	30.46
NA18909	0	0.01	0.01	0	0	0.14	0	0.15	0	0	0	0	0	0.18	0.01	0	0	0	0.32	0	0	0.39	0	0	0	0.27	0	0	0.24	0.01	0.01	0	0	0	0	0.26	35.26
HG00243	0	0	0	0	0	0.02	0	0.08	0	0	0	0	0	0.38	0	0	0	0	0.07	0	0	1.02	0	0	0	0.12	0	0	0.03	0	0	0	0	0	0	0.28	35.12
NA20806	0	0	0.02	0	0	0.03	0	0.07	0	0	0	0	0	0.26	0	0	0	0	0.37	0	0	0.32	0	0	0	0.7	0	0	0.04	0	0	0	0	0	0	0.19	35.38
NA20768	0	0.01	0.06	0	0	0.39	0	0.33	0	0	0	0	0	0.51	0	0	0	0	0.07	0	0	0.3	0	0	0	0.06	0	0	0.06	0	0	0	0.01	0	0	0.2	32.2
HG00123	0	0.05	0.02	0	0	1.28	0	0.36	0	0	0	0	0	0.06	0	0	0	0	0.03	0	0	0.04	0	0	0	0	0	0	0	0	0.04	0	0	0	0	0.12	29.15
NA20529	0	0	0.03	0	0	0.51	0	1.02	0	0	0	0	0	0.23	0	0	0	0	0.08	0	0	0.02	0	0	0	0.01	0	0	0	0	0	0	0	0	0	0.1	29.92
HG00122	0	0	0.94	0	0	0.39	0	0.17	0	0	0	0	0	0.22	0	0	0	0	0.17	0	0	0.01	0	0	0	0	0	0	0	0	0	0	0	0	0	0.1	28.32
NA18853	0	0	0	0	0	0	0	0	0	0	0	0	0	0.06	0	0	0	0	0	0	0	0	0	0	0	0.14	0	0	0.58	0	0.94	0	0	0	0	0.28	41.58
NA19189	0	0	0.02	0	0	0.02	0	0.04	0	0.01	0	0	0	0.31	0	0.01	0	0	0.01	0	0	0.01	0.01	0	0	0.91	0	0	0.01	0	0	0	0	0	0	0.64	36.755
HG00148	0	0	0	0	0	0.01	0	0	0	0	0	0	0	0.93	0.94	0	0	0	0	0	0	0	0	0	0	0	0	0	0	0	0	0	0	0	0	0.12	31.96
HG00171	0	0	0	0	0	0	0	0	0	0	0	0	0	0.01	0	0	0	0	0.02	0	0	0.9	0	0	0	0.03	0	0	0.39	0	0.29	0.13	0	0.09	0	0.14	39.38
HG00331	0	0	1.57	0	0	0.29	0	0.02	0	0	0	0	0	0	0	0	0	0	0	0	0	0	0	0	0	0	0	0	0	0	0	0	0	0	0	0.12	26.67
HG00381	0	0	0	0	0	0	0	0	0	0	0	0	0	0.77	0	0	0	0	0.76	0	0	0.32	0	0	0	0.01	0	0	0	0	0	0	0	0	0	0.14	33.49
NA18856	0	0	0	0	0	0.01	0	0.03	0	0	0	0	0	0.07	0	0	0	0	0.98	0	0	0.26	0	0	0	0.18	0	0	0.26	0	0	0.01	0	0	0	0.2	35.66
HG00345	0	0	0	0	0	0	0	0.8	0	0	0	0	0	0.17	0	0	0	0	0.59	0	0	0.34	0	0	0	0.01	0	0	0	0	0	0	0	0	0	0.09	32.36
NA18861	0	0	0	0	0	0	0	0	0	0	0	0	0	0	0	0	0	0	0.94	0	0	0	0	0	0	0	0	0	0	0	0	0	0	0	0	1.06	36.68
HG00185	0	0	0.03	0	0	0.14	0	0.2	0	0	0	0	0	0.75	0	0	0	0	0.19	0	0	0.15	0	0	0	0.3	0	0	0.01	0	0	0	0	0	0	0.23	33.29
NA07051	0	0	0	0	0	0.02	0	0.11	0	0	0	0	0	1.13	0	0	0	0	0.03	0	0	0.28	0	0	0	0.17	0	0	0	0	0.01	0	0	0	0	0.25	33.51
NA20527	0	0	0	0	0	0.95	0	0.04	0	0	0	0	0	0.06	0	0	0	0	0.03	0	0	0.11	0	0	0	0.58	0	0	0	0	0	0	0	0	0	0.23	32.47
NA20783	0	0	0	0	0	0	0	0	0	0	0	0	0	0.01	0	0	0	0	0.93	0	0	0.81	0	0	0	0.05	0	0	0	0	0	0	0	0	0	0.2	35.0
NA19137	0	0	0	0	0	0	0	0	0	0	0	0	0	0	0	0	0	0	0	0	0	0.09	0	0	0	1.77	0	0	0.02	0	0	0	0	0	0	0.12	37.57
NA19201	0	0	0	0	0	0.01	0	0.67	0	0	0	0	0	0.01	0	0	0	0	0	0	0	0.71	0	0	0	0.26	0	0	0.01	0	0	0.01	0	0	0	0.32	34.41
NA18488	0	0	0	0	0	0	0	0.01	0	0	0	0	0	0.05	0	0	0	0	0.95	0	0	0.01	0	0	0	0.85	0	0	0	0	0.01	0	0	0	0	0.12	35.55
HG00311	0	0	0.46	0	0	0.47	0	0.01	0	0	0	0	0	0.01	0	0	0	0	0.94	0	0	0	0	0	0	0	0	0	0	0	0	0	0	0	0	0.11	30.55
HG00337	0	0.02	0.04	0	0	0.62	0	0.16	0	0	0	0	0	0.05	0	0	0	0	0.03	0	0	0.02	0	0	0	0.01	0	0	0.01	0	0.01	0	0	0	0	1.03	34.23
HG00257	0	0	0	0	0	0	0	0.22	0	0	0	0	0	0.01	0	0	0	0	0.03	0	0	0.91	0	0	0	0.06	0	0	0	0	0.02	0	0	0	0	0.75	36.43
HG00136	0	0	0	0	0	0	0	0	0	0	0	0	0	0.94	0	0	0	0	0	0	0	0.01	0	0	0	0	0	0	0.83	0	0.06	0	0	0	0	0.16	36.67
NA20826	0	0	0	0	0	0.4	0	0.51	0	0	0	0	0	0.04	0	0	0	0	0.93	0	0	0	0	0	0	0	0	0	0	0	0	0	0	0	0	0.12	31.6
NA20518	0	0	0	0	0	0.02	0	0.08	0	0	0	0	0	0.6	0	0	0	0	0.86	0	0	0.26	0	0	0	0.04	0	0	0.01	0	0	0	0	0	0	0.13	33.45
NA20786	0	0	0.06	0	0	0.06	0	0.5	0	0	0	0	0	0.1	0	0	0	0	0.22	0	0	0.94	0	0	0	0.01	0	0	0	0	0	0	0	0	0	0.11	33.27
NA20760	0	0.18	0.01	0	0	0.3	0	0.06	0	0	0	0.01	0.01	0.09	0	0	0	0	0.13	0	0	0.82	0	0	0	0.26	0	0	0.01	0	0	0	0	0	0	0.12	33.17
HG00114	0	0	0	0	0	0.87	0	0.06	0	0	0	0	0	0.01	0	0	0	0	0.01	0	0	0	0	0	0	0	0	0	0.94	0	0	0	0	0	0	0.11	34.85
HG00117	0	0	0	0	0	0.09	0	0.08	0	0	0	0	0	0.44	0	0	0	0	0.01	0	0	0.02	0	0	0	1.13	0	0	0	0	0	0	0	0	0	0.23	35.6
NA20534	0	0	0	0	0	0.94	0	0	0	0	0	0	0	0	0	0	0	0	0.94	0	0	0	0	0	0	0	0	0	0	0	0	0	0	0	0	0.12	31.04
NA20809	0	0.94	0	0	0	0.04	0	0.06	0	0	0	0	0	0.35	0	0	0	0	0.13	0	0	0.04	0	0	0	0.19	0	0	0	0	0	0	0	0	0	0.25	29.38
NA12273	0	0	0	0	0	0.01	0	0.01	0	0	0	0	0	0.94	0	0	0	0	0.92	0	0	0.01	0	0	0	0	0	0	0	0	0	0	0	0	0	0.11	32.85
NA20808	0	0	0.07	0	0	0.07	0	0.47	0	0	0	0	0	0.32	0	0	0	0	0.03	0	0	0.01	0	0	0	0.06	0	0	0.45	0	0.44	0	0	0	0	0.08	36.12
NA19197	0	0	0	0	0	0.01	0	0.71	0	0	0	0	0	0	0	0	0	0	0.2	0	0	0.74	0	0	0	0.23	0	0	0	0	0	0.01	0	0	0	0.1	33.61
NA11918	0	0.01	0.01	0	0	0.92	0	0.09	0	0	0	0	0	0.04	0	0	0	0	0.64	0	0	0.13	0	0	0	0.02	0	0	0	0	0	0	0	0	0	0.14	31.02
NA20509	0	0.94	0	0	0	0.01	0	0.01	0	0	0	0	0	0	0	0	0	0	0	0	0	0.92	0	0	0	0.01	0	0	0	0	0	0	0	0	0	0.11	30.02
NA20757	0	0.01	0.03	0	0	0.55	0	0.26	0	0	0	0	0	0.63	0	0	0	0	0.31	0	0	0.08	0	0	0	0.02	0	0	0	0	0.01	0	0	0	0	0.1	31.0
HG00125	0	0	0	0	0	0	0	0	0	0	0	0	0	0.93	0	0	0	0	0.03	0	0	0.88	0	0	0	0.04	0	0	0	0	0	0	0	0	0	0.12	33.89
NA11894	0	0.02	0	0	0	0.9	0	0.02	0	0	0	0	0	0.83	0	0	0	0	0.06	0	0	0.07	0	0	0	0	0	0	0	0	0	0	0	0	0	0.1	30.2
NA18517	0	0	0	0	0	0.02	0	0.02	0	0	0	0	0	0.5	0	0	0	0	0.02	0	0	0.06	0	0	0	1.09	0	0	0.03	0.05	0.01	0	0	0	0	0.2	36.11
NA20798	0	0	0	0	0	0.54	0	0.08	0	0	0	0.01	0	0.07	0.01	0	0.01	0	0.15	0.01	0	0.03	0	0	0	0	0	0	0.07	0	0	0	0	0	0	1.02	35.0
NA20588	0	0.02	0	0	0	0.92	0	0.05	0	0	0	0	0	0.01	0	0	0	0	0.86	0	0	0.04	0	0	0	0.01	0	0	0	0	0	0	0	0	0	0.09	30.86
HG00285	0	0	0	0	0	0	0	0	0	0	0	0	0	1.88	0	0	0	0	0	0	0	0	0	0	0	0	0	0	0	0	0	0	0	0	0	0.12	31.98
NA19153	0	0	0	0	0	1.87	0	0	0	0	0	0	0	0	0	0	0	0	0	0	0	0	0	0	0	0	0	0	0	0	0	0	0	0	0	0.13	28.28
NA20804	0	0	0.01	0	0	0.61	0	0.17	0	0	0	0	0	0.3	0.01	0	0	0	0.77	0	0	0.01	0	0	0	0.01	0	0	0	0	0	0	0	0	0	0.11	31.34
HG00306	0	0	0	0	0	0.02	0	0.01	0	0	0	0	0	0.65	0	0	0	0	0.93	0	0	0.27	0	0	0	0.02	0	0	0	0	0	0	0	0	0	0.1	33.38
NA19210	0	0	0	0	0	0	0	0	0	0	0	0	0	0	0	0	0	0	0.76	0	0	0.18	0	0	0	0	0	0	0	0	0.94	0	0	0	0	0.12	38.74
NA18908	0	0	0	0	0	0.01	0	0.01	0	0.03	0	0	0	0.01	0	0	0	0	0.13	0	0	0.71	0	0	0	0	0	0	0	0	0	0.95	0	0	0	0.15	40.255
NA20585	0	0	0.01	0	0	0.24	0	0.1	0	0	0	0	0	1.52	0	0	0	0	0.01	0	0	0	0	0	0	0	0	0	0	0	0	0	0	0	0	0.12	31.38
NA20543	0	0	0.03	0	0	0.88	0	0.02	0	0	0	0	0	0.01	0	0	0	0	0	0	0	0.01	0	0	0	0.01	0	0	0.78	0	0	0	0	0	0	0.26	34.62
NA20508	0	0	0.84	0	0	0.47	0	0.42	0	0	0	0	0	0.06	0	0	0	0	0.09	0	0	0.01	0	0	0	0.01	0	0	0	0	0	0	0	0	0	0.1	28.16
NA18916	0	0	0	0	0	0	0	0	0	0	0	0	0	0	0	0	0	0	0	0	0	0	0	0	0	0.05	0	0	0	0	0	0.01	0	0	0	1.94	39.48
NA20799	0	0	0.94	0	0	0.02	0	0.01	0	0	0	0	0	0.13	0	0	0	0	0	0	0	0.8	0	0	0	0	0	0	0	0	0	0	0	0	0	0.1	30.63
NA19235	0	0	0.01	0	0	0.04	0	0.03	0	0	0	0	0	0.09	0	0	0	0	0.22	0	0	0.04	0	0	0	0.74	0	0	0.44	0	0	0	0	0	0	0.39	37.64
HG00240	0	0	0.01	0	0	0.01	0	0.48	0	0	0	0	0	0.4	0	0	0	0	0.94	0	0	0.04	0	0	0	0	0	0	0	0	0	0	0	0	0	0.12	32.47
NA20765	0	0	0	0	0	0.04	0	0.46	0	0	0	0	0	0.34	0	0	0	0	0.15	0	0	0.88	0	0	0	0.01	0	0	0	0	0	0	0	0	0	0.12	33.38
NA18516	0	0	0	0	0	0	0	0	0	0	0	0	0	0	0	0	0	0	0.73	0	0	0	0	0	0	0	0	0	0	0	0.22	0	0	0	0	1.05	37.75
NA20801	0	0	0.01	0	0	0	0	0	0	0	0	0	0	0.13	0	0	0	0	0.31	0	0	1.37	0	0	0	0.07	0	0	0	0	0	0	0	0	0	0.11	35.17
NA18867	0.01	0	0	0	0	0.04	0	0.59	0	0	0	0	0	0.79	0	0	0	0	0.08	0	0	0.36	0	0	0	0.01	0	0	0	0	0	0	0	0	0	0.12	32.09
NA20524	0	0	0	0	0	0.09	0	0.06	0	0	0	0	0	0.13	0	0	0	0	0.02	0	0	0.12	0	0	0	0.12	0	0	0	0	0	0	0	0	0	1.46	37.72
HG00323	0	0	0	0	0	0.13	0	0.12	0	0	0	0	0	1.21	0.01	0	0	0	0.13	0	0	0.05	0	0	0	0.14	0	0	0.05	0	0	0.02	0.03	0	0	0.11	32.84
NA20589	0	0	0	0	0	0	0	0.01	0	0	0	0	0	0	0	0	0	0	0	0	0	0.19	0	0	0	0.71	0	0	0.01	0	0	0	0	0	0	1.08	38.37
NA11893	0	0	0	0	0	0.87	0	0.97	0	0	0	0	0	0.01	0	0	0	0	0.02	0	0	0.02	0	0	0	0.01	0	0	0	0	0	0	0	0	0	0.1	29.28
NA20502	0.01	0	0	0	0	0.11	0	0.82	0	0	0	0	0	0.94	0	0	0	0	0	0	0	0.01	0	0	0	0	0	0	0	0	0	0	0	0	0	0.11	30.87
HG00282	0	0	0	0	0	0.07	0	0.02	0	0	0	0	0	0.01	0	0	0	0	0.01	0	0	0	0	0	0	0.74	0	0	0.47	0	0.47	0	0	0	0	0.21	39.58
NA19171	0.01	0	0	0	0	0	0	0	0	0	0	0	0	0	0	0	0	0	0	0	0	0.23	0	0	0	0.93	0	0	0.69	0.02	0	0	0	0	0	0.12	38.73
NA12761	0	0	0.03	0	0	0	0	1.85	0	0	0	0	0	0	0	0	0	0	0	0	0	0	0	0	0	0	0	0	0	0	0	0	0	0	0	0.12	30.04
NA20795	0	0.01	0	0	0	0.93	0	0	0	0	0	0	0	0.03	0	0	0	0	0.12	0	0	0.73	0	0	0	0.06	0	0	0	0	0	0	0	0	0	0.12	31.84
NA19238	0	0	0	0	0	0	0	0	0	0	0	0	0	0	0	0	0	0	0	0	0	0.94	0	0	0	0	0	0	0	0	0.94	0	0	0	0	0.12	39.5
NA19159	0	0.1	0	0	0	0.1	0	0.61	0	0	0	0	0	0.05	0	0	0	0	0.26	0	0	0.08	0	0	0	0.24	0	0	0.22	0	0.01	0	0	0	0	0.33	33.91
HG00366	0	0	0	0	0	0	0	0	0	0	0	0	0	0.94	0	0	0	0	0	0	0	0.01	0	0	0	0	0	0	0.06	0	0	0.88	0	0	0	0.11	38.42
NA11992	0	0	0	0	0	0	0	0	0	0	0	0	0	0.94	0	0	0	0	0	0	0	0	0	0	0	0.91	0	0	0	0	0	0	0	0	0	0.15	34.83
HG00141	0	0	0	0	0	0	0	0.01	0	0	0	0	0	0.13	0	0	0	0	0.94	0	0	0.01	0	0	0	0.7	0	0	0	0	0	0	0	0	0	0.21	35.39
NA18873	0	0	0	0	0	0	0	0	0	0	0	0	0	0	0	0	0	0	0.94	0	0	0	0	0	0	0	0	0	0	0	0.78	0.01	0.16	0	0	0.11	38.91
HG00336	0	0	0	0	0	0	0	0	0	0	0	0	0	0.02	0	0	0	0	0.03	0	0	0.89	0	0	0	0.02	0	0	0.14	0	0.15	0.29	0	0.35	0	0.11	40.59
NA06994	0	0	0.65	0	0	0.05	0	0.18	0	0	0	0	0	0.21	0	0	0	0	0.06	0	0	0.74	0	0	0	0	0	0	0	0	0	0	0	0	0	0.11	31.25
NA19190	0	0	0	0	0	0.03	0	0.04	0	0	0	0	0	0.97	0.01	0	0	0	0.04	0	0	0.07	0	0	0	0.02	0	0	0.7	0	0	0	0	0	0	0.12	35.62
HG00186	0	0	0	0	0	0.01	0	0	0	0	0	0	0	0.39	0	0	0	0	0.4	0	0	0.95	0	0	0	0.1	0	0	0	0	0	0	0	0	0	0.15	34.68
NA20805	0	0	0	0	0	0.32	0	0.63	0	0	0	0	0	0.04	0	0	0	0	0.01	0	0	0.88	0	0	0	0	0	0	0	0	0	0	0	0	0	0.12	32.48
HG00325	0	0	0	0	0	0	0	0	0	0	0	0	0	0.94	0	0	0	0	0.94	0	0	0	0	0	0	0	0	0	0	0	0	0	0	0	0	0.12	32.92
NA20766	0	0	0	0	0	0.04	0	0.06	0	0	0	0	0	1.78	0	0	0	0	0	0	0	0	0	0	0	0	0	0	0	0	0	0	0	0	0	0.12	31.84
HG00183	0	0.01	0.01	0	0	0.38	0	0.15	0	0	0	0	0	1.07	0	0	0	0	0.07	0	0	0.16	0	0	0	0.05	0	0	0	0	0	0	0	0	0	0.1	31.46
NA12827	0	0	0	0	0	0.94	0	0	0	0	0	0	0	0.01	0	0	0	0	0	0	0	0	0	0	0	0	0	0	0.02	0	0.89	0.01	0	0.02	0	0.11	35.75
NA12400	0	0	0	0	0	0	0	0	0	0	0	0	0	0	0	0	0	0	0.87	0	0	1.01	0	0	0	0.01	0	0	0	0	0	0	0	0	0	0.11	34.86
NA12760	0	0	0	0	0	0.87	0	0.03	0	0	0	0	0	0.02	0	0	0	0	0.01	0	0	0.01	0	0	0	0.01	0	0	0.23	0	0.11	0	0	0	0	0.71	34.44
NA20540	0	0.01	0	0	0	0.38	0	0.18	0	0	0	0	0	0.06	0	0	0	0	0.05	0	0	0.07	0	0	0	0.21	0	0	0.39	0	0.42	0.01	0	0	0	0.22	36.76
NA20772	0	0	0	0	0	0.01	0	0.02	0	0	0	0	0	0.05	0	0	0	0	1.53	0	0	0.01	0	0	0	0.26	0	0	0	0	0	0	0	0	0	0.12	34.27
NA07056	0	0	0	0	0	0.07	0	0.01	0	0	0	0	0	0.67	0	0	0	0	0.07	0	0	0.03	0	0	0	0.1	0	0	0.26	0	0.68	0	0.01	0	0	0.1	37.64
NA12154	0	0	0	0	0	0	0	0	0	0	0	0	0	0.09	0	0	0	0	0	0	0	0.72	0	0	0	1.07	0	0	0	0	0	0	0	0	0	0.12	36.63
HG00149	0	0.01	0	0	0	0.07	0	0.24	0	0	0	0	0	0.63	0	0	0	0	0.01	0	0	0.94	0	0	0	0	0	0	0	0	0	0	0	0	0	0.1	33.37
NA18912	0	0	0.01	0	0	0.16	0	0.09	0	0	0	0	0	0.39	0	0	0	0	0.05	0	0	0.13	0	0	0	0.28	0	0	0	0.02	0	0.01	0	0	0	0.86	35.82
HG00343	0	0	0.1	0	0	0	0	0.11	0	0	0	0	0	0.29	0	0	0	0	0.66	0	0	0.39	0	0	0	0.32	0	0	0.02	0	0	0	0	0	0	0.11	34.03
NA19130	0	0	0.06	0	0	0.01	0	0.57	0	0.01	0	0	0	0.01	0	0.01	0	0	0.19	0	0	0.61	0.02	0	0	0.39	0	0	0.01	0	0	0	0	0	0	0.11	33.85
NA12286	0	0	0	0	0	0	0	0	0	0	0	0	0	0.94	0	0	0	0	0.01	0	0	0	0	0	0	0	0	0	0.47	0	0.47	0	0	0	0	0.11	37.12
NA12340	0	0	0	0	0	0	0	0	0	0	0	0	0	0.94	0	0	0	0	0	0	0	0.94	0	0	0	0	0	0	0	0	0	0	0	0	0	0.12	33.86
HG00118	0	0	0	0	0	0.94	0	0	0	0	0	0	0	0	0	0	0	0	0.94	0	0	0.01	0	0	0	0	0	0	0	0	0	0	0	0	0	0.11	31.02
HG00275	0	0.09	0.03	0	0	1.68	0	0.09	0	0	0	0	0	0	0	0	0	0	0	0	0	0	0	0	0	0	0	0	0	0	0	0	0	0	0	0.11	28.04
NA19143	0	0	0	0	0	0	0	0	0	0	0	0	0	0	0	0	0	0	0	0	0	0	0	0	0	0.94	0	0	0	0	0	0	0	0	0	1.06	38.56
HG00280	0	0.02	0.04	0	0	0.26	0	0.45	0.01	0	0	0	0	0.17	0.69	0	0	0	0.1	0	0	0.07	0	0	0	0.04	0	0	0.01	0	0	0	0	0	0	0.14	31.29
NA12383	0	0	0	0	0	0.28	0	0.28	0	0	0	0	0	0.53	0	0	0	0	0.04	0	0	0.34	0	0	0	0.04	0	0	0	0	0	0	0	0	0	0.49	33.46
NA12717	0	0.04	0	0	0	0	0	0	0	0	0	0	0	0.15	0	0	0	0	1.41	0	0	0.24	0	0	0	0.05	0	0	0	0	0	0	0	0	0	0.11	33.82
NA20814	0	0	0.01	0	0	0.06	0	0.16	0	0	0	0	0	0.08	0	0	0	0	0.66	0	0	0.2	0	0	0	0.7	0	0	0.01	0	0	0	0	0	0	0.12	34.88
NA18501	0.68	0	0	0	0	0.16	0	0.01	0	0	0	0	0	0.03	0	0	0	0	0.94	0	0	0.03	0	0	0	0	0	0	0	0	0.03	0.01	0	0	0	0.11	29.46
HG00231	0	0.01	0.04	0	0	0.1	0	0.08	0	0	0	0	0	0.14	0	0	0	0	0.06	0	0	0.24	0	0	0	0.57	0	0	0.14	0	0.48	0	0	0	0	0.14	37.45
HG00242	0	0	0	0	0	0.82	0	0.03	0	0	0	0	0	0.04	0.01	0	0	0	0.78	0	0	0.04	0	0	0	0.06	0	0	0.05	0	0	0	0	0	0	0.17	31.8
NA18486	0	0	0	0	0	0.02	0	0.01	0	0	0	0	0	0.03	0	0	0	0	0.02	0	0	0.85	0	0	0	0	0	0	0.94	0	0	0.01	0	0	0	0.12	38.42
HG00274	0	0	0.02	0	0	0.13	0	0.33	0	0	0	0	0.1	0.37	0	0	0	0	0.24	0	0	0.36	0	0	0	0.28	0	0	0	0	0	0	0	0	0	0.17	33.33
HG00335	0	0	0	0	0	0	0	0	0	0	0	0	0	0.94	0	0	0	0	0	0	0	0.94	0	0	0	0	0	0	0	0	0	0	0	0	0	0.12	33.86
HG00259	0	0.01	0.02	0	0	0.25	0	1.45	0	0	0	0	0	0.03	0	0	0	0	0.07	0	0	0.05	0	0	0	0	0	0	0.01	0	0	0	0	0	0	0.11	30.11
NA20530	0	0	0.03	0	0	0.76	0	0.61	0	0	0	0	0	0.31	0	0	0	0	0.16	0	0	0.01	0	0	0	0.02	0	0	0	0	0	0	0	0	0	0.1	29.92
HG00096	0	0	0	0	0	0.1	0	0.08	0	0	0	0	0	0.48	0	0	0	0	0.02	0	0	0.96	0	0	0	0.12	0	0	0	0	0	0	0	0	0	0.24	34.48
NA18871	0	0	0	0	0	0	0	0	0	0	0	0	0	0	0	0	0	0	0	0	0	0.94	0	0	0	0.94	0	0	0	0	0	0	0	0	0	0.12	36.68
NA20802	0	0	0.01	0	0	0.14	0	0.11	0	0	0	0	0	1.56	0	0	0	0	0.04	0	0	0.03	0	0	0	0.01	0	0	0	0	0	0	0	0	0	0.1	31.61
HG00236	0	0	0	0	0	0.05	0	0	0	0	0	0	0	0.38	0	0	0	0	1.33	0	0	0.09	0	0	0	0.04	0	0	0	0	0	0	0	0	0	0.11	33.47
NA11920	0	0.03	0.01	0	0	1.26	0	0.3	0	0	0	0	0	0.23	0	0	0	0	0.03	0	0	0.02	0	0	0	0	0	0	0	0	0	0	0	0	0	0.12	29.08
HG00239	0	0.09	0.04	0	0	0.76	0	0.01	0	0	0	0	0	0.95	0	0	0	0	0.01	0	0	0.01	0	0	0	0.01	0	0	0	0	0	0	0	0	0	0.12	30.03
HG00265	0	0	0.02	0	0	0.89	0	0.01	0	0	0	0	0	0.01	0	0	0	0	0.63	0	0	0.32	0	0	0	0	0	0	0	0	0	0	0	0	0	0.12	31.4
HG00115	0	0.03	0.02	0	0	1.29	0	0.3	0	0	0	0	0	0.1	0.01	0	0	0	0.04	0	0	0.03	0	0	0	0.02	0	0	0.02	0	0.04	0	0	0	0	0.1	29.34
HG00244	0	0	0	0	0	0.02	0	0	0	0	0	0	0	0.11	0	0	0	0	0.8	0	0	0.95	0	0	0	0.01	0	0	0	0	0	0	0	0	0	0.11	34.63
NA18868	0	0	0.02	0	0	0.03	0	0.11	0	0.01	0	0	0	0.38	0	0.01	0	0	0.02	0	0	0.31	0.01	0	0	0.83	0	0	0.03	0	0.06	0	0	0	0	0.18	35.655
HG00110	0	0	0.01	0	0	0.2	0	0.68	0	0	0	0	0	0.54	0	0	0	0	0.45	0	0	0	0	0	0	0	0	0	0	0	0	0	0	0	0	0.12	31.32
HG00181	0	0.01	0	0	0	0.91	0	0.03	0	0	0	0	0	0	0	0	0	0	0	0	0	0	0	0	0	0.86	0	0	0.01	0	0.07	0	0	0	0	0.11	33.1
HG00187	0	0	0	0	0	0.08	0	0.09	0	0	0	0	0	0.31	0	0	0	0	0.68	0	0	0.47	0	0	0	0.14	0	0	0.02	0	0.01	0.02	0.03	0	0	0.15	34.43
HG00188	0	0.03	0.06	0	0	0.8	0	0.29	0	0	0	0	0	0.36	0	0	0	0	0.04	0	0	0.17	0	0	0	0.1	0	0	0.01	0	0	0	0	0	0	0.14	30.6
NA20542	0	0	0	0	0	0.99	0	0.01	0	0	0	0	0	0.13	0	0	0	0	0.23	0	0	0.02	0	0	0	0.5	0	0	0	0	0	0	0	0	0	0.12	31.76
HG00264	0	0	0	0	0	0	0	0.94	0	0	0	0	0	0.01	0	0	0	0	0	0	0	0.62	0	0	0	0.32	0	0	0	0	0	0	0	0	0	0.11	33.2
HG00315	0	0	0	0	0	0.01	0	0.74	0	0	0	0	0	0.2	0	0	0	0	0	0	0	0.94	0	0	0	0	0	0	0	0	0	0	0	0	0	0.11	33.06
HG00376	0	0	0	0	0	0.02	0	0	0	0	0	0	0	0	0	0	0	0	0.76	0	0	0.94	0	0	0	0.16	0	0	0	0	0	0	0	0	0	0.12	35.06
NA20811	0	0	0.09	0	0	0.08	0	0.47	0	0	0	0	0	0.65	0	0	0	0	0.19	0	0	0.13	0	0	0	0.09	0	0	0.01	0	0.02	0	0.07	0	0	0.2	32.85
NA20785	0	0	0	0	0	0.01	0	0.23	0	0	0	0	0	0	0	0	0	0	0.69	0	0	0.01	0	0	0	0.03	0	0	0.32	0	0.59	0.01	0	0	0	0.11	37.7
HG00176	0	0	0	0	0	0.02	0	0.01	0	0	0	0	0	0.01	0	0	0	0	0.03	0	0	0.88	0	0	0	0.31	0	0	0.01	0	0	0.63	0	0	0	0.1	39.03
NA18507	0	0	0	0	0	0	0	0	0	0	0	0	0	0	0	0	0	0	0.94	0	0	0	0	0	0	0.94	0	0	0	0	0	0	0	0	0	0.12	35.74
HG00261	0	0	0	0	0	0.01	0	0.03	0	0	0	0	0	1.37	0	0	0	0	0.03	0	0	0.07	0	0	0	0.22	0	0	0.06	0	0	0	0.02	0	0	0.19	33.5
HG00179	0	0	0	0	0	0.48	0	1.1	0	0	0	0	0	0.3	0	0	0	0	0	0	0	0	0	0	0	0	0	0	0	0	0	0	0	0	0	0.12	29.92
NA12776	0	0	0.01	0	0	0.19	0	0.38	0	0	0	0	0	0.54	0	0	0	0	0.1	0	0	0.04	0	0	0	0.53	0	0	0	0	0.01	0	0	0	0	0.2	33.34
NA20758	0	0	0.03	0	0	0.35	0	0.35	0	0	0	0	0	0.17	0	0	0	0	0.33	0	0	0.57	0	0	0	0.07	0	0	0	0	0.01	0	0	0	0	0.12	32.58
NA18498	0.01	0	0	0	0	0.01	0	0.74	0	0	0	0	0	0	0	0	0	0	0.18	0	0	0.2	0	0	0	0.06	0	0	0.69	0	0	0	0	0	0	0.11	35.34
HG00321	0	0	0	0	0	0.06	0	0.04	0	0	0	0	0	0.68	0	0	0	0	0.04	0	0	0.91	0	0	0	0.11	0	0	0.02	0	0	0.02	0.02	0	0	0.1	34.33
HG00313	0	0.01	0.66	0	0	0.18	0	0.05	0	0	0	0	0	0.03	0	0	0	0	0.03	0	0	0	0	0	0	0	0	0	0.94	0	0	0	0	0	0	0.1	34.2
HG00174	0	0	0	0	0	0.02	0	0.04	0	0	0	0	0	0.1	0	0	0	0	0.96	0	0	0.01	0	0	0	0.4	0	0	0	0	0	0	0	0	0	0.47	35.48
NA12287	0	0	0	0	0	0.01	0	0.79	0	0	0	0	0	0.16	0	0	0	0	0.09	0	0	0.2	0	0	0	0.21	0	0	0.18	0	0	0	0	0	0	0.36	34.15
NA20756	0	0	0	0	0	0	0	0	0	0	0	0	0	0.04	0	0	0	0	0.96	0	0	0.79	0	0	0	0.02	0	0	0	0	0	0	0	0	0	0.19	34.86
HG00180	0	0	0.01	0	0	0.83	0	0.09	0	0	0	0	0	0.03	0	0	0	0	0.3	0	0	0.14	0	0	0	0.18	0	0	0.19	0	0	0	0	0	0	0.23	32.71
NA19257	0	0	0	0	0	0	0	0	0	0	0	0	0	0	0	0	0	0	0.01	0	0	0.11	0	0	0	0.83	0	0	0	0	0	0.94	0	0	0	0.11	41.24
HG00112	0	0	0	0	0	0.01	0	0	0	0	0	0	0	0	0	0	0	0	0.86	0	0	0.6	0	0	0	0.36	0	0	0.02	0	0	0	0	0	0	0.15	35.32
NA20586	0	0	0	0	0	0	0	0	0	0	0	0	0	0.1	0	0	0	0	0.54	0	0	1.07	0	0	0	0.08	0	0	0	0	0	0	0	0	0	0.21	35.26
NA12347	0	0	0.03	0	0	0.33	0	0.52	0	0	0	0	0	0.24	0	0	0	0	0.49	0	0	0.27	0	0	0	0.02	0	0	0	0	0	0	0	0	0	0.1	31.72
NA20517	0	0	0.01	0	0	1.12	0	0.24	0	0	0	0	0	0.19	0	0	0	0	0.32	0	0	0	0	0	0	0.01	0	0	0	0	0	0	0	0	0	0.11	29.78
HG00384	0	0	0	0	0	0.94	0	0	0	0	0	0	0	0	0	0	0	0	0	0	0	0	0	0	0	0.94	0	0	0	0	0	0	0	0	0	0.12	32.92
NA12283	0	0	0	0	0	0.01	0	0.82	0	0	0	0	0	0.11	0	0	0	0	0	0	0	0	0	0	0	0	0	0	0	0	0.31	0	0	0	0	0.75	35.52
NA11843	0	0.03	0.01	0	0	0.01	0	0.03	0	0	0	0	0	0.94	0	0	0	0	0.04	0	0	0.1	0	0	0	0.75	0	0	0	0	0	0	0	0	0	0.09	34.15
NA20778	0	0	0.01	0	0.19	0.71	0	0.93	0	0	0	0	0	0.02	0	0	0	0	0.03	0	0	0.01	0	0	0	0	0	0	0	0	0	0	0	0	0	0.1	29.19
NA20541	0	0	0	0	0	0.28	0	0.04	0	0	0	0	0	0.42	0.01	0	0	0	0.11	0	0	0.16	0	0	0	0.06	0	0	0.06	0	0	0	0	0	0	0.86	35.25
HG00267	0	0	0.01	0	0	0.02	0	0.02	0	0	0	0	0	0.01	0	0	0	0	0.09	0	0	0.02	0	0	0	1.23	0	0	0.05	0	0.02	0.01	0	0	0	0.52	37.75
NA19102	0	0	0	0	0	0.04	0	0.04	0	0	0	0	0	0.16	0	0	0	0	0.05	0	0	0.96	0	0	0	0.26	0	0	0.17	0	0	0	0	0	0	0.32	36.26
NA12272	0	0.01	0	0	0	0.01	0	0.01	0	0	0	0	0	0.59	0	0	0	0	0.3	0	0	0.05	0	0	0	0.92	0	0	0	0	0.01	0	0	0	0	0.1	35.05
NA19141	0	0	0	0	0	0	0	0	0	0	0	0	0	0.02	0	0	0	0	0	0	0	0.01	0	0	0	0.01	0	0	0	0.91	0	0	0	0	0	1.05	40.3
NA07048	0	0	0	0	0	0.85	0	0.09	0	0	0	0	0	0.01	0	0	0	0	0.93	0	0	0.01	0	0	0	0	0	0	0	0	0	0	0	0	0	0.11	31.1
NA20769	0	0	0	0	0	0	0	0.01	0	0	0	0	0	0.02	0	0	0	0	0.45	0	0	1.14	0	0	0	0.25	0	0	0	0	0.01	0	0	0	0	0.12	35.51
NA20773	0	0	0.06	0	0	0.2	0	0.53	0	0	0	0	0	1.06	0	0	0	0	0.03	0	0	0.01	0	0	0	0.01	0	0	0	0	0	0	0	0	0	0.1	30.87
HG00328	0	0.01	0.07	0	0	0.21	0	0.72	0	0	0	0	0	0.84	0	0	0	0	0.01	0	0	0.01	0	0	0	0	0	0	0	0	0	0	0	0	0	0.13	30.66
HG00106	0	0	0	0	0	0	0	0	0	0	0	0	0	0.9	0	0	0	0	0	0	0	0.94	0	0	0	0.04	0	0	0	0	0	0	0	0	0	0.12	33.98
HG00361	0	0.02	0	0	0	0	0	0.94	0	0	0	0	0	0	0	0	0	0	0.77	0	0	0.15	0	0	0	0	0	0	0	0	0	0	0	0	0	0.12	32.03
HG00253	0	0	0	0	0	0.33	0	1.11	0	0	0	0	0	0.43	0	0	0	0	0.02	0	0	0	0	0	0	0	0	0	0	0	0	0	0	0	0	0.11	30.19
HG00155	0	0	0.01	0	0	0.87	0	0.05	0	0	0	0	0	0.01	0	0	0	0	0.8	0	0	0.11	0	0	0	0.04	0	0	0	0	0	0	0	0	0	0.11	31.26
NA20792	0	0	0	0	0	0.05	0	1.27	0	0	0	0	0	0.18	0.01	0	0	0	0.11	0	0	0.1	0	0	0	0.11	0	0	0.01	0	0	0	0	0	0	0.16	31.46
NA20759	0	0	0	0	0	0.06	0	0.49	0	0	0	0	0	0.93	0.01	0	0	0	0.05	0	0	0.07	0	0	0	0.19	0	0	0.06	0	0	0	0	0	0	0.14	32.51
NA18934	0	0	0	0	0	0.03	0	0.02	0	0	0	0	0	0	0	0	0	0	0.04	0	0	0.01	0	0	0	1.79	0	0	0	0	0.01	0	0	0	0	0.1	37.31
NA11840	0	0.01	0	0	0	0	0	0.9	0	0	0	0	0	0.03	0	0	0	0	0.86	0	0	0.1	0	0	0	0	0	0	0	0	0	0	0	0	0	0.1	32.02
HG00109	0	0	0	0	0	0.15	0	0.03	0	0	0	0	0	0.4	0	0	0	0	0.19	0	0	0.05	0	0	0	0.12	0	0	0.01	0	0.01	0	0	0	0	1.04	36.09
NA18511	0	0	0.02	0	0	0.04	0	0.81	0	0.01	0	0	0	0.05	0	0.01	0	0	0.03	0	0	0.01	0.01	0	0	0.33	0	0	0.01	0	0.53	0	0	0	0	0.14	35.405
HG01334	0	0.01	0.04	0	0	0.13	0	1.13	0	0	0	0	0	0.27	0	0	0	0	0.04	0	0	0.14	0	0	0	0.03	0	0	0	0	0	0	0	0	0	0.21	31.2
NA12842	0	0	0.01	0	0	0.05	0	0.18	0	0	0	0	0	0.79	0	0	0	0	0.01	0	0	0.45	0	0	0	0.41	0	0	0	0	0	0	0	0	0	0.1	33.73
HG00338	0	0	0	0	0	0.01	0	0.93	0	0	0	0	0	0.01	0	0	0	0	0	0	0	0	0	0	0	0	0	0	0.94	0	0	0	0	0	0	0.11	35.69
HG00269	0	0	0	0	0	0.73	0	0.68	0	0	0	0	0	0.31	0	0	0	0	0.09	0	0	0.04	0	0	0	0.03	0	0	0	0	0	0	0	0	0	0.12	30.1
HG00173	0	0	0	0	0	0	0	0	0	0	0	0	0	1.42	0	0	0.03	0	0.11	0	0	0.18	0	0	0	0.14	0	0	0	0	0	0	0	0	0	0.12	32.9
NA06986	0	0	0	0	0	0	0	0	0	0	0	0	0	0.03	0	0	0	0	0.45	0	0	0.43	0	0	0	0.03	0	0	0.72	0	0.19	0.03	0	0	0	0.12	38.33
NA12003	0	0	0	0	0	0.07	0	0.1	0	0	0	0	0	0.66	0.05	0	0	0	0.12	0.02	0	0.15	0	0	0	0.11	0	0	0.11	0	0	0	0	0	0	0.61	35.02
NA20774	0	0	0.01	0	0	0.94	0	0.33	0.01	0	0	0	0	0.1	0.06	0	0	0	0.29	0	0	0.04	0	0	0	0.07	0	0	0.06	0	0	0	0	0	0	0.09	30.49
NA20828	0	0.01	0.03	0	0	0.2	0	0.6	0	0	0	0	0	0.45	0	0	0	0	0.58	0	0	0.01	0	0	0	0.01	0	0	0	0	0	0	0	0	0	0.11	31.44
HG00284	0	0	0	0	0	0	0	0.01	0	0	0	0	0	0.91	0	0	0.03	0	0.36	0	0	0.38	0	0	0	0.18	0	0	0	0	0	0	0	0	0	0.13	33.7
NA12750	0	0	0	0	0	0	0	0.02	0	0	0	0	0	0.92	0	0	0	0	0	0	0	0	0	0	0	0.03	0	0	0.01	0	0	0	0	0	0	1.02	35.7
NA18522	0	0	0.03	0	0	0.18	0	0.24	0	0	0	0	0	0.14	0	0	0	0	0.13	0	0	1.11	0	0	0	0.04	0	0	0.01	0	0	0	0	0	0	0.12	33.81
NA12275	0	0	0	0	0	0.94	0	0	0	0	0	0	0	0	0	0	0	0	0	0	0	0	0	0	0	0	0	0	0	0	0	0	0	0	0	1.06	33.86
NA20528	0	0.01	0.01	0	0	0.48	0	0.39	0	0	0	0	0	0.03	0	0	0	0	0.01	0	0	0.1	0	0	0	0.41	0	0	0.34	0	0.01	0	0	0	0	0.21	34.12
NA18910	0	0	0	0	0	0	0	0	0	0	0	0	0	0	0	0	0	0	0	0	0	0.94	0	0	0	0	0	0	0	0	0.94	0	0	0	0	0.12	39.5
HG00272	0	0	0	0	0	0	0	0.05	0	0	0	0	0	0.04	0	0	0	0	0.14	0	0	1.35	0	0	0	0.3	0	0	0	0	0	0	0	0	0	0.12	35.67
HG00138	0	0	0	0	0	0	0	0.87	0	0	0	0	0	0.07	0	0	0	0	0.46	0	0	0.49	0	0	0	0.01	0	0	0	0	0	0	0	0	0	0.1	32.5
HG00159	0	0	0	0	0	0	0	0	0	0	0	0	0	0.25	0	0	0	0	0.62	0	0	0.65	0	0	0	0.36	0	0	0	0	0	0	0	0	0	0.12	34.98
HG00108	0	0	0	0	0	0.93	0	0.94	0	0	0	0	0	0.01	0	0	0	0	0.01	0	0	0	0	0	0	0	0	0	0	0	0	0	0	0	0	0.11	29.15
NA19256	0	0	0.01	0	0	0.05	0	0.07	0	0.03	0	0	0	0.04	0	0	0	0	0.14	0	0	0.76	0	0	0	0.73	0	0	0	0	0	0.03	0	0	0	0.14	35.905
HG00111	0	0	0	0	0	0.86	0	0.06	0	0	0	0	0	0.02	0	0	0	0	0.01	0	0	0.02	0	0	0	0.36	0	0	0.04	0	0.2	0.29	0	0	0	0.14	34.84
HG00143	0	0	0	0	0	0	0	0	0	0	0	0	0	0.94	0	0	0	0	0	0	0	0.94	0	0	0	0	0	0	0	0	0	0	0	0	0	0.12	33.86
NA19119	0	0	0	0	0	0	0	0	0	0	0	0	0	0	0	0	0	0	0	0	0	0.37	0	0	0	0.58	0	0	0	0	0.94	0	0	0	0	0.11	40.06
NA12751	0	0	0	0	0	0	0	0	0	0	0	0	0	0.94	0	0	0	0	0.01	0	0	0.04	0	0	0	0.62	0	0	0.2	0	0	0	0	0	0	0.19	35.21
HG00121	0	0.14	0	0	0	0.57	0	0.01	0	0	0	0	0	0.01	0	0	0	0	0.87	0	0	0.29	0	0	0	0	0	0	0	0	0	0	0	0	0	0.11	31.68
NA20515	0	0	0	0	0	0.05	0	0.83	0	0	0	0	0	0.27	0	0	0	0	0.1	0	0	0.04	0	0	0	0.04	0	0	0	0	0	0	0	0	0	0.67	33.55
NA20512	0	0	0	0	0	0.03	0	0.88	0	0	0	0	0	0.03	0	0	0	0	0.05	0	0	0.01	0	0	0	0.88	0	0	0	0	0	0	0	0	0	0.12	33.75
NA06989	0	0	0	0	0	0.94	0	0.94	0	0	0	0	0	0	0	0	0	0	0	0	0	0	0	0	0	0	0	0	0	0	0	0	0	0	0	0.12	29.16
HG00281	0	0.94	0	0	0	0.93	0	0	0	0	0	0	0	0.01	0	0	0	0	0	0	0	0	0	0	0	0.01	0	0	0	0	0	0	0	0	0	0.11	26.35
HG00383	0	0	0	0	0	0	0	0	0	0	0	0	0	0.03	0	0	0	0	0.13	0	0	0.69	0	0	0	0.09	0	0	0.17	0	0	0	0	0	0	0.89	37.69
NA12716	0	0	0	0	0	0.74	0	0.11	0	0	0	0	0	0.06	0	0	0	0	0.07	0	0	0.13	0	0	0	0.18	0	0	0.2	0	0	0	0	0	0	0.51	33.82
NA12718	0	0	0	0	0	0.03	0	0.01	0	0	0	0	0	0.99	0	0	0	0	0.02	0	0	0.82	0	0	0	0.01	0	0	0	0	0	0	0	0	0	0.12	33.6
HG00137	0	0	0.01	0	0	0.87	0	0.43	0	0	0	0	0	0.44	0	0	0	0	0.12	0	0	0.03	0	0	0	0	0	0	0	0	0.01	0	0	0	0	0.09	29.9
NA20790	0	0.06	0	0	0	0.84	0	0.01	0	0	0	0	0	0.25	0	0	0	0	0.7	0	0	0.04	0	0	0	0	0	0	0	0	0	0	0	0	0	0.1	30.75
NA18489	0	0	0.03	0	0	0.01	0	0.04	0	0.01	0	0	0	0.01	0	0.01	0	0	0	0	0	0.94	0.01	0	0	0.31	0	0	0.01	0	0.54	0	0	0	0	0.08	37.795
HG00334	0	0.51	0.03	0	0	0.13	0	0.32	0	0	0	0	0.1	0.33	0	0	0	0	0.25	0	0	0.2	0	0	0	0.01	0	0	0	0	0	0	0	0	0	0.12	29.95
NA20803	0	0	0	0	0	0.04	0	0.02	0	0	0	0	0	0.95	0	0	0	0	0.01	0	0	0.87	0	0	0	0.01	0	0	0	0	0	0	0	0	0	0.1	33.58
NA11892	0	0	0	0	0	0.94	0	0	0	0	0	0	0	0.94	0	0	0	0	0	0	0	0	0	0	0	0	0	0	0	0	0	0	0	0	0	0.12	30.1
HG00232	0	0	0	0	0	0.01	0	0.01	0	0	0	0	0	0.35	0	0	0	0	1.21	0	0	0.11	0	0	0	0.2	0	0	0	0	0	0	0	0	0	0.11	33.94
HG00369	0	0	0.01	0	0	0.09	0	0.35	0	0	0	0	0	0.5	0	0	0	0	0.01	0	0	0	0	0	0	0	0	0	0.93	0	0.01	0.01	0	0	0	0.09	36.09
NA19152	0	0.01	0.01	0	0	0.28	0	0.21	0	0	0	0	0	0.09	0	0	0	0	0.06	0	0	0.24	0	0	0	0.04	0	0	0	0	0.94	0.01	0	0	0	0.11	37.47
NA07037	0	0	0	0	0	0.89	0	0.05	0	0	0	0	0	0.94	0	0	0	0	0	0	0	0	0	0	0	0	0	0	0	0	0	0	0	0	0	0.12	30.15
NA11831	0	0.1	0.01	0	0	1.1	0	0.09	0	0	0	0	0	0.56	0	0	0	0	0.03	0	0	0.01	0	0	0	0.01	0	0	0	0	0	0	0	0	0	0.09	29.22
HG00133	0	0	0.91	0	0	0.01	0	0.02	0	0	0	0	0	0	0	0	0	0	0.94	0	0	0	0	0	0	0	0	0	0	0	0	0	0	0	0	0.12	30.15
NA19248	0	0	0	0	0	0	0	0	0	0	0	0	0	0	0	0	0	0	0	0	0	0	0	0	0	0	0	0	0.94	0	0	0	0	0	0	1.06	40.44
NA11830	0	0	0.01	0	0.32	0.45	0	0.14	0	0	0	0	0	0.01	0	0	0	0	0.94	0	0	0.01	0	0	0	0	0	0	0	0	0	0	0	0	0	0.12	31.23
HG00126	0	0	0	0	0	0.12	0	0.31	0	0	0	0	0	0.51	0	0	0	0	0.01	0	0	0	0	0	0	0.21	0	0	0.23	0	0.23	0.02	0.02	0.03	0.02	0.29	36.05
NA20813	0	0	0	0	0	0	0	0.01	0	0	0	0	0	0.26	0	0	0	0	0.38	0	0	0.18	0	0	0	0.04	0	0	0	0	0.94	0	0	0	0	0.19	38.75
NA11994	0	0	0.07	0	0	0.08	0	0.7	0	0	0	0	0	0.15	0	0	0.03	0	0.22	0	0	0.28	0	0	0	0.37	0	0	0	0	0	0	0	0	0	0.1	32.75
NA19209	0	0	0.01	0	0	0.71	0	0.02	0	0	0	0	0	0.15	0	0	0	0	0.05	0	0	0.02	0	0	0	0.01	0	0	0	0	0.01	0.01	0	0	0	1.01	34.32
HG00255	0	0	0	0	0	0	0	0	0	0	0	0	0	0.1	0	0	0	0	1.14	0	0	0.22	0	0	0	0.43	0	0	0	0	0	0	0	0	0	0.11	34.81
NA19225	0	0	0	0	0	0	0	0	0	0	0	0	0	0	0	0	0	0	0	0	0	0	0	0	0	0	0	0	0.72	0	0	0	0	0	0	1.28	40.22
NA20532	0	0	0	0	0	0.01	0	0.12	0	0	0	0	0	0.15	0	0	0	0	0.01	0	0	0.75	0	0	0	0.83	0	0	0	0	0	0	0	0	0	0.13	35.88
NA18923	0	0	0	0	0	0.05	0	0	0	0	0	0	0	0	0	0	0	0	0.77	0	0	0.16	0	0	0	0.9	0	0	0.01	0	0	0	0	0	0	0.11	35.68
NA20812	0	0	0	0	0	0	0	0.01	0	0	0	0	0	0.09	0	0	0	0	0.01	0	0	1.05	0	0	0	0.05	0	0	0	0	0	0	0	0	0	0.79	36.91
HG00250	0	0	0	0	0	0	0	0.24	0	0	0	0	0	0.48	0	0	0.18	0	0.77	0	0	0.17	0	0	0	0.05	0	0	0	0	0	0	0	0	0	0.11	33.14
HG00256	0	0	0	0	0	0.02	0	0.03	0.01	0	0	0	0	0.06	0.94	0	0	0	0.06	0	0	0.04	0	0	0	0.03	0	0	0	0	0	0	0	0	0	0.81	34.89
HG00262	0	0	0	0	0	0.01	0	0.01	0	0	0	0	0	0.04	0	0	0	0	1.01	0	0	0.04	0	0	0	0.09	0	0	0.01	0	0.13	0	0	0	0	0.66	36.3
NA12348	0	0	0	0	0	0.94	0	0.34	0	0	0	0	0	0.59	0	0	0	0	0	0	0	0	0	0	0	0	0	0	0	0	0	0	0	0	0	0.13	29.8
NA18858	0	0	0	0	0	0	0	0	0	0	0	0	0	0	0	0	0	0	0.94	0	0	0.94	0	0	0	0	0	0	0	0	0	0	0	0	0	0.12	34.8
NA20754	0	0	0	0	0	0.68	0	0.99	0	0	0	0	0	0.05	0.01	0	0	0	0.1	0	0	0.02	0	0	0	0.01	0	0	0	0	0	0	0	0	0	0.14	29.88
NA12775	0	0	0	0	0	0	0	0	0	0	0	0	0	0.39	0	0	0	0	0.31	0	0	0.04	0	0	0	0.04	0	0	0.9	0	0	0	0	0	0	0.32	37.79
NA20510	0	0	0	0	0	0.52	0	0.03	0	0	0	0	0	0.13	0	0	0	0	0.29	0	0	0.79	0	0	0	0.06	0	0	0.01	0	0	0	0	0	0	0.17	33.21
NA11930	0	0	0	0	0	0.02	0	0	0	0	0	0	0	0	0	0	0.05	0	0.82	0	0	0.08	0	0	0	0.15	0	0	0.22	0	0.25	0.03	0	0	0.12	0.26	37.99
NA19138	0	0	0	0	0	0	0	0	0	0	0	0	0	0	0	0	0	0	0.94	0	0	0.94	0	0	0	0	0	0	0	0	0	0	0	0	0	0.12	34.8
NA18499	0	0	0	0	0	0	0	0	0	0	0	0	0	0	0	0	0	0	0	0	0	0	0	0	0	1.87	0	0	0	0	0	0	0	0	0	0.13	37.63
NA19093	0.01	0	0	0	0	0.01	0	0.01	0	0	0	0	0	0.01	0	0	0	0	0.05	0	0	0.42	0	0	0	0.69	0	0	0.69	0	0	0	0	0	0	0.11	38.27
HG00367	0	0	0	0	0	0.07	0	0.68	0	0	0	0	0	0.12	0	0	0	0	0.01	0	0	0.18	0	0	0	0.11	0	0	0.42	0	0	0	0	0	0	0.41	35.12
NA19108	0	0	0	0	0	0	0	0	0	0	0	0	0	0.72	0	0	0	0	0	0	0	0.94	0	0	0	0	0	0	0	0	0.22	0	0	0	0	0.12	35.18
NA19200	0	0	0	0	0	0.94	0	0.01	0	0	0	0	0	0.01	0	0	0	0	0.11	0	0	0.71	0	0	0	0	0	0	0	0	0	0	0	0	0	0.22	32.02
HG00278	0	0	0	0	0	0	0	0.01	0	0	0	0	0	0.14	0	0	0.17	0	1.24	0	0	0.23	0	0	0	0.11	0.01	0	0	0	0	0	0	0	0	0.09	34.08
HG00309	0	0	0	0	0	0	0	0	0	0	0	0	0	0.94	0	0	0	0	0	0	0	0.1	0	0	0	0.81	0	0	0	0	0	0	0	0	0	0.15	34.73
HG00139	0	0.14	0.01	0	0	0.01	0	0.8	0	0	0	0	0	0.13	0	0	0	0	0.51	0	0	0.25	0	0	0	0.04	0	0	0	0	0	0	0	0	0	0.11	31.66
NA19098	0	0	0	0	0	0.01	0	0.02	0	0	0	0	0	0.01	0	0.01	0	0	0	0	0	0.31	0	0	0	0.34	0	0	0.01	0	0.26	0	0	0	0	1.03	38.835
HG00271	0	0.01	0	0	0	0.92	0	0.94	0	0	0	0	0	0.01	0	0	0	0	0	0	0	0	0	0	0	0	0	0	0	0	0	0	0	0	0	0.12	29.16
NA20520	0	0	0	0	0	0.02	0	0.01	0	0	0	0	0	0.07	0	0	0	0	0.02	0	0	0.03	0	0	0	1.74	0	0	0	0	0	0	0	0	0	0.11	37.19
HG00246	0	0	0	0	0	0	0	0	0	0	0	0	0	0	0	0	0	0	0.78	0	0	0.15	0	0	0	0.01	0	0	0.57	0	0	0	0	0	0	0.49	37.42
NA12045	0	0	0	0	0	0	0	0	0	0	0	0	0	0.01	0	0	0	0	0.02	0	0	0.18	0	0	0	0.69	0	0	0.46	0	0	0	0	0	0	0.64	38.81
NA12889	0	0	0	0	0	0.08	0	0.01	0	0	0	0	0	0.14	0	0	0	0	0.24	0	0	0.43	0	0	0	0.94	0	0	0	0	0	0	0	0	0	0.16	35.89
HG00276	0	0	0.03	0	0	0.41	0	0.4	0	0	0	0	0	0.06	0	0	0	0	0.05	0	0	0	0	0	0	0	0	0	0	0	0.1	0	0	0	0	0.95	34.64
NA12830	0	0	0	0	0	0.94	0	0	0	0	0	0	0	0.91	0	0	0	0	0.03	0	0	0	0	0	0	0	0	0	0	0	0	0	0	0	0	0.12	30.13
NA18519	0	0	0	0	0	0.03	0	0.01	0	0	0	0	0	0.03	0	0	0	0	0.02	0	0	1.23	0	0	0	0.32	0	0	0.06	0	0.19	0.01	0	0	0	0.1	36.78
NA06984	0	0	0	0	0	0.44	0	0.47	0	0	0	0	0	0.01	0	0	0	0	0.03	0	0	0.01	0	0	0	0.93	0	0	0	0	0	0	0	0	0	0.11	33.43
HG00320	0	0	0	0	0	0.32	0	0.04	0	0	0	0	0	0.42	0	0	0	0	0.84	0	0	0.19	0	0	0	0.05	0	0	0	0	0	0	0	0	0	0.14	32.75
NA19223	0.01	0	0	0	0	0	0	0	0	0	0	0	0	0	0	0	0	0	0.94	0	0	0.19	0	0	0	0.06	0	0	0.69	0	0	0	0	0	0	0.11	36.84
NA19107	0	0	0.01	0	0	0.28	0	0.14	0	0	0	0	0	0.17	0	0	0	0	0.16	0	0	0.17	0	0	0	0.01	0	0	0	0	0	0.01	0	0	0	1.05	35.57
HG00382	0	0	0	0	0	0.08	0	0.84	0	0	0	0	0	0.72	0	0	0	0	0.08	0	0	0.17	0	0	0	0	0	0	0	0	0	0	0	0	0	0.11	31.36
HG00119	0	0.02	0	0	0	0.24	0	0.82	0	0	0	0	0	0.11	0	0	0	0	0.32	0	0	0.2	0	0	0	0.11	0	0	0.06	0	0.01	0	0	0	0	0.11	31.97
