	10	11.5	13	14	14.5	15	15	15	15.25	15.5	16	16	16	16	16.5	16.5	17	17	17.5	17.5	18	18	18	18.5	19	19	19.5	20	20.5	21.5	17	Beta
NA19131	0	0	0	0	0	0	0	0	0	0.89	0.94	0	0	0	0	0.06	0	0	0	0	0	0	0	0	0	0	0	0	0	0	0.11	31.695
NA19198	0	0	0	0.02	0	0.1	0	0	0	0	0.64	0	0	0	0	0	0	0	0	0.95	0.03	0	0	0	0	0	0	0	0	0	0.26	33.605
HG00273	0	0	0	0	0	0	0	0	0	0	0	0	0	0	0	0	0	0.01	0	0	0.98	0	0	0	0.01	0	0	0	0	0	1.0	35.0
HG00150	0	0	0	0	0	0	0	0	0	0	0	0	0	0	0	0	0	0	0	0	0.86	0	0	0	0.04	0	0	0	0	0	1.1	34.94
HG00145	0	0	0	0	0	0	0	0	0	0	0.95	0	0	0	0	0	0	0	0	0	0.58	0.05	0	0	0.24	0	0	0	0	0	0.18	34.16
HG00339	0	0	0	0	0	0	0	0	0	0	0	0	0	0	0	0	0	0.01	0	0	0.06	0	0	0	0.01	0	0.95	0.07	0	0	0.9	36.665
HG00102	0	0	0	0	0	0.07	0	0	0	0	0.77	0	0	0	0	0	0	0	0	0	0.26	0.02	0	0	0.56	0	0	0	0	0	0.32	34.49
NA18523	0	0	0	0	0	0	0	0	0	0.14	0	0	0	0	0	0.8	0	0	0	0.95	0	0	0	0.01	0	0	0	0	0	0	0.1	33.88
HG00346	0	0	0	0	0	0	0	0	0	0	0.14	0	0	0	0	0	0	0	0	0	0.1	0	0	0	0.02	0	0	0	0	0	1.74	34.0
NA12249	0	0	0	0	0	0	0	0	0	0	0.94	0	0	0	0	0	0	0	0	0	0	0	0	0.06	0	0	0.89	0	0	0	0.11	35.375
HG00266	0	0	0	0	0	0	0	0	0	0	0.94	0	0	0	0	0	0	0	0	0.06	0	0	0	0.89	0	0	0	0	0	0	0.11	34.425
NA12413	0	0	0	0	0	0	0	0	0	0	0	0	0	0	0	0	0	0	0	0	0.95	0	0	0	0	0	0	0	0	0	1.05	34.95
NA19236	0	0	0	1.89	0	0	0	0	0	0	0	0	0	0	0	0	0	0	0	0	0	0	0	0	0	0	0	0	0	0	0.11	28.33
NA20544	0	0	0	0	0	0.95	0	0	0	0	0.94	0	0	0	0	0	0	0	0	0	0	0	0	0	0	0	0	0	0	0	0.11	31.16
NA19204	0	0	0	0	0	0	0	0	0	0	0.95	0	0	0	0	0	0	0	0	0	0	0	0	0.95	0	0	0	0	0	0	0.1	34.475
HG00103	0	0	0	0	0	0	0	0	0	0	1.25	0	0	0	0	0	0	0	0	0	0.05	0	0	0	0.06	0	0	0	0	0	0.64	32.92
NA20582	0	0	0	0	0	0.07	0	0	0	0	0.07	0	0	0	0	0	0	0	0	0	0.29	0	0	0	0.09	0	0	0	0	0	1.48	34.26
NA19172	0	0	0.87	0.02	0	0.1	0	0	0	0.01	0.76	0	0	0	0	0.01	0	0	0	0	0.02	0	0	0	0	0	0	0	0	0	0.21	29.5
NA20815	0	0	0	0	0	0	0	0	0	0	0.93	0	0	0	0	0	0	0.01	0	0	0.18	0	0	0	0.01	0	0	0	0	0	0.87	33.27
HG00375	0	0	0	0	0	0	0	0	0	0	1.42	0	0	0	0	0	0	0	0	0	0	0	0	0	0	0	0	0	0	0	0.58	32.58
NA18933	0	0	0	0.01	0	1.2	0	0	0	0.21	0	0	0	0	0	0.16	0	0	0	0.04	0	0	0	0.04	0	0	0.02	0	0	0	0.32	31.305
HG00245	0	0	0	0	0	0.03	0	0	0	0	0.95	0	0	0	0	0	0	0	0	0	0	0	0	0	0.01	0	0	0	0	0	1.01	33.01
HG00319	0	0	0	0	0	0	0	0	0	0	0.32	0	0	0	0.03	0	0.52	0	0	0	0.01	0	0	0	0	0	0	0	0	0	1.12	33.675
NA12155	0	0	0	0	0	0.83	0	0	0	0	0.01	0	0	0	0	0	0	0	0	0	0.01	0	0	0.95	0	0	0	0	0	0	0.2	33.765
NA12749	0	0	0	0	0	0	0	0	0	0	1.89	0	0	0	0	0	0	0	0	0	0	0	0	0	0	0	0	0	0	0	0.11	32.11
HG00341	0	0	0	0	0	0	0	0	0	0	0.03	0	0	0	0	0	0	0	0	0	0.96	0	0	0	0.01	0	0	0	0	0	1.0	34.95
NA20771	0	0	0	0.03	0	0.15	0	0	0	0	0.6	0	0	0	0	0	0	0	0	0.01	0.04	0	0	0	0.01	0	0	0	0	0	1.16	33.075
NA20761	0	0	0	0	0	0	0	0	0	0	0	0	0	0	0	0	0	0	0	0	0.95	0	0	0	0.01	0	0	0	0	0	1.04	34.97
NA12341	0	0	0	0	0	0	0	0	0	0	1.89	0	0	0	0	0	0	0	0	0	0	0	0	0	0	0	0	0	0	0	0.11	32.11
HG00380	0	0	0	0	0	0	0	0	0	0	0.97	0	0	0	0	0	0	0	0	0	0	0	0	0	0	0	0	0	0	0	1.03	33.03
NA12763	0	0	0	0	0	0	0	0	0	0	0.91	0	0	0	0	0	0	0	0	0	0.3	0	0	0	0	0	0	0	0	0	0.79	33.39
NA18917	0	0	0	0	0	0.01	0	0	0	0	0.94	0	0	0	0	0	0	0	0	0	0.18	0	0	0	0.77	0	0	0	0	0	0.1	34.76
HG00116	0	0	0	0	0	0	0	0	0	0	0	0	0	0	0	0	0	0	0	0	0.95	0	0	0	0	0	0	0	0	0	1.05	34.95
HG00260	0	0	0	0	0	0	0	0	0	0	0	0	0	0	0	0	0	0	0	0	1.87	0	0	0	0	0	0	0	0	0	0.13	35.87
NA18907	0	0	0	0	0	0	0	0	0	1.2	0	0	0	0	0	0.7	0	0	0	0	0	0	0	0	0	0	0	0	0	0	0.1	31.85
NA20770	0	0	0	0	0	0.03	0	0	0	0	0.22	0	0	0	0.03	0	0.24	0	0.01	0	0.03	0	0	0	0	0	0	0	0	0	1.44	33.74
NA20807	0	0	0	0	0	0.13	0	0	0	0	0.16	0	0	0	0	0	0	0	0	0	0.1	0	0	0	0.04	0	0	0	0	0	1.57	33.76
NA20796	0	0	0	0	0	0	0	0	0	0	0.01	0	0	0	0	0	0	0	0	0	0.8	0.01	0	0	0.14	0	0	0	0	0	1.04	35.08
NA19160	0	0	0	0.95	0	0	0	0	0	0	0	0	0	0	0	0	0	0	0	0	0	0	0	0	0	0	0	0	0	0	1.05	31.15
NA20810	0	0	0	0	0	0.38	0	0	0	0	0.61	0	0	0	0	0	0	0	0	0	0.83	0	0	0	0	0	0	0	0	0	0.18	33.46
NA20787	0	0	0	0	0	0	0	0	0	0	1.12	0	0	0	0	0	0	0	0	0	0.52	0	0	0	0	0	0	0	0	0	0.36	33.4
NA07347	0	0	0	0	0	0	0	0	0	0	0.95	0	0	0	0	0	0	0	0	0	0.71	0	0	0	0	0	0	0	0	0	0.34	33.76
HG00101	0	0	0	0	0	0	0	0	0	0	0.01	0	0	0	0	0	0	0	0	0	0	0	0	0	0	0	0	0	0	0	1.99	33.99
HG00160	0	0	0	0	0	0.6	0	0	0.02	0	0	0	0	0	0	0	0	0	0	0	0.35	0	0	0	0	0	0	0	0	0	1.03	33.115
HG00251	0	0	0.06	0	0	0.88	0	0	0	0	0.94	0	0	0	0	0	0	0	0	0	0.01	0	0	0	0	0	0	0	0	0	0.11	31.07
HG00146	0	0	0	0	0	0.3	0	0	0	0	1.59	0	0	0	0	0	0	0	0	0	0	0	0	0	0	0	0	0	0	0	0.11	31.81
NA20819	0	0	0	0.02	0	0.03	0	0	0	0	0.83	0	0	0	0	0	0	0	0	0	0.95	0	0	0	0	0	0	0	0	0	0.17	34.0
NA12778	0	0	0	0	0	0	0	0	0	0	0.89	0	0	0	0	0	0	0	0	0	0.01	0	0	0	0	0	0	0	0	0	1.1	33.12
NA12890	0	0	0	0	0	0	0	0	0	0	0.13	0	0	0	0	0	0	0	0	0	0	0	0	0	0	0	0	0	0	0	1.87	33.87
NA20535	0	0	0	0.01	0	0.09	0	0	0	0	0.85	0	0	0	0	0	0	0	0	0	0	0	0	0	0	0	0	0	0	0	1.05	32.94
NA19116	0	0	0	0	0	0	0	0	0	0	1.89	0	0	0	0	0	0	0	0	0	0	0	0	0	0	0	0	0	0	0	0.11	32.11
NA20506	0	0	0	0	0	0.04	0	0	0	0	0.91	0	0	0	0	0	0	0	0	0	0.94	0	0	0	0.01	0	0	0	0	0	0.1	33.97
HG00330	0	0	0	0	0	0	0	0	0	0	0.02	0	0	0	0	0	0	0	0	0	0.94	0	0	0	0	0	0	0	0	0	1.04	34.92
HG00189	0	0	0	0	0	0.2	0	0	0	0	1.1	0	0	0	0	0	0	0.01	0	0	0.18	0	0	0	0.04	0	0	0	0	0	0.47	32.76
HG00233	0	0	0	0	0	0	0	0	0	0	0.03	0	0	0	0	0	0	0	0	0	0.09	0	0	0	0	0	0	0	0	0	1.88	34.06
NA12546	0	0	0	0	0	0	0	0	0	0	0	0	0	0	0	0	0	0	0	0	1.54	0	0	0	0	0	0	0	0	0	0.46	35.54
NA19129	0	0	0	0.95	0	0	0	0	0	0	0	0	0	0	0	0	0	0	0	0.95	0	0	0	0	0	0	0	0	0	0	0.1	31.625
NA20525	0	0	0	0	0	0.01	0	0	0.01	0	0.42	0	0	0	0	0	0	0	0	0	0.11	0	0	0	0.07	0	0	0	0	0	1.38	33.7925
NA19144	0	0	0	0	0	0	0	0	0	0	0	0	0	0	0	0	0	0	0	0.57	0	0	0	1.3	0	0	0.02	0	0	0	0.11	36.285
NA12058	0	0	0	0	0	0	0.02	0	0	0	0	0	0	0	0	0	0	0.54	0	0	0	0	0.39	0	0	0	0.95	0	0	0	0.1	36.725
NA20516	0	0	0	0	0	0	0	0	0	0	1.88	0	0	0	0	0	0	0	0	0	0.01	0	0	0	0	0	0	0	0	0	0.11	32.13
NA20797	0	0	0	0	0	0	0	0	0	0	0.95	0	0	0	0	0	0	0	0	0	0.51	0	0	0	0	0	0	0	0	0	0.54	33.56
HG00178	0	0	0	0	0	0	0	0	0	0	0.25	0	0	0	0	0	0	0	0	0	0.86	0	0	0	0	0	0	0	0	0	0.89	34.61
NA11832	0	0	0	0	0	0.52	0	0	0	0	0.42	0	0	0	0	0	0	0	0	0	0.95	0	0	0	0	0	0	0	0	0	0.11	33.49
NA18520	0	0	0	0	0	1.89	0	0	0	0	0	0	0	0	0	0	0	0	0	0	0	0	0	0	0	0	0	0	0	0	0.11	30.22
HG00263	0	0	0	0	0	0	0	0	0	0	0.04	0	0	0	0	0	0	0	0	0	0.29	0	0	0	0.02	0	0	0	0	0	1.65	34.29
HG00127	0	0	0	0	0	0	0	0	0	0	0	0	0	0	0	0	0	0	0	0	0.95	0	0	0	0	0	0	0	0	0	1.05	34.95
HG00326	0	0	0	0	0	0	0	0	0	0	0.92	0	0	0	0	0.92	0	0	0	0	0.03	0	0	0.03	0	0	0	0	0	0	0.1	32.695
NA20531	0	0	0	0.03	0	0.07	0	0	0	0	0.84	0	0	0	0	0	0	0	0	0	0.5	0	0	0	0.01	0	0	0	0	0	0.55	33.45
HG00310	0	0	0	0	0	0.01	0	0	0	0	0.44	0	0	0	0	0	0	0.01	0	0	1.03	0	0	0	0.02	0	0	0	0	0	0.49	34.61
HG00378	0	0	0	0	0	0	0	0	0	0	0	0	0	0	0	0	0	0	0	0	0	0	0	0	0	0	0	0	0	0	2.0	34.0
NA12342	0	0	0	0	0	0	0	0	0	0	0.95	0	0	0	0	0	0	0	0	0	0	0	0	0	0	0	0	0	0	0	1.05	33.05
NA19206	0	0	0	0	0	0	0	0	0	0	0	0	0	0	0	0	0	0	0	0	0	0	0	0	0	0	0.95	0	0	0	1.05	36.375
NA20752	0	0	0	0	0	0.16	0	0	0	0	0.11	0	0	0.01	0	0	0	0	0	0	0.98	0	0	0	0.03	0	0	0	0	0	0.71	34.6
HG00157	0	0	0	0	0	0	0	0	0	0	0.94	0	0	0	0	0	0	0	0	0	0.24	0	0	0	0	0	0	0	0	0	0.82	33.3
HG00258	0	0	0	0	0	0	0	0	0	0	0.95	0	0	0	0	0	0	0	0	0	0	0	0	0.95	0	0	0	0	0	0	0.1	34.475
HG00177	0	0	0	0	0	0	0	0	0	0	0.04	0	0	0	0	0	0	0	0	0	0.17	0	0	0	0	0	0	0	0	0	1.79	34.13
HG00353	0	0	0	0	0	0	0	0	0	0	0.95	0	0	0	0	0	0	0	0	0	0.01	0	0	0	0	0	0	0	0	0	1.04	33.06
NA19114	0	0	0	0	0	0	0	0	0	0	0.95	0	0	0	0	0	0	0	0	0.04	0	0	0	0.03	0	0	0.89	0	0	0	0.09	35.34
HG00131	0	0	0	0	0	0	0	0	0	0	0.01	0	0	0	0	0	0	0	0	0	0.95	0	0	0	0	0	0	0	0	0	1.04	34.94
HG00372	0	0	0	0.01	0	0.12	0	0	0	0	0.64	0	0	0	0	0	0	0	0	0	0	0	0	0	0	0	0	0	0	0	1.23	33.09
NA19092	0	0	0	0	0	1.86	0	0	0	0	0.03	0	0	0	0	0	0	0	0	0	0	0	0	0	0	0	0	0	0	0	0.11	30.25
NA10847	0	0	0	0	0	0	0	0	0	0	0.01	0	0	0	0	0	0	0.01	0	0	0.94	0	0	0	0.01	0	0	0	0	0	1.03	34.95
HG00277	0	0	0	0	0	0	0	0	0	0	0.95	0	0	0	0	0	0	0	0	0	0	0	0	0.95	0	0	0	0	0	0	0.1	34.475
NA18510	0	0	0	0	0	0	0	0	0	0.95	0	0	0	0	0	0	0	0	0	0	0.95	0	0	0	0	0	0	0	0	0	0.1	33.525
NA12399	0	0	0	0	0	0	0	0	0	0	0.61	0	0	0	0	0	0	0	0	0	0.96	0	0	0	0.01	0	0	0	0	0	0.42	34.37
HG00327	0	0	0	0.02	0	0.11	0	0	0	0	0.58	0	0	0	0	0	0	0	0	0	0.17	0	0	0	0.03	0	0	0	0	0	1.09	33.37
NA19247	0	0	0	0	0	0	0	0	0	0.77	0	0	0	0	0	0.19	0	0	0	0	0	0	0	0	0	0	0	0	0	0	1.04	32.75
HG00332	0	0	0	0	0	0	0	0	0	0	0	0	0	0	0	0.94	0	0	0	0	0	0	0	0.01	0	0	0	0	0	0	1.05	33.545
NA18504	0	0	0	0.95	0	0.95	0	0	0	0	0	0	0	0	0	0	0	0	0	0	0	0	0	0	0	0	0	0	0	0	0.1	29.25
HG00252	0	0	0	0	0	0	0	0	0	0	1.86	0	0	0	0	0	0	0	0	0	0	0	0	0	0	0	0	0	0	0	0.14	32.14
HG00238	0	0	0	0	0	0.05	0	0	0	0	0.9	0	0	0	0	0	0	0.01	0	0	0	0	0	0	0	0	0	0	0	0	1.04	33.0
HG00342	0	0	0	0	0	0.39	0	0	0	0	0	0	0	0	0	0	0	0	0	0	0.7	0	0	0	0.81	0	0	0	0	0	0.1	35.54
NA20581	0	0	0	0.02	0	0.13	0	0	0	0	1.03	0	0	0	0.03	0	0.16	0	0.01	0	0.19	0	0	0	0	0	0	0	0	0	0.43	32.83
HG00268	0	0	0	0	0	0	0	0	0	0	0	0	0	0	0	0.79	0	0	0	0.04	0.14	0	0	0.13	0	0	0	0	0	0	0.9	33.96
HG00154	0	0	0	0	0	0	0	0	0	0	1.57	0	0	0	0	0	0.03	0	0	0	0.12	0	0	0	0	0	0	0	0	0	0.28	32.55
HG00371	0	0	0	0	0	0	0	0	0	0	0	0	0	0	0	0	0	0	0	0	0.94	0	0	0	0	0	0	0	0	0	1.06	34.94
NA18870	0	0	0	0	0	0	0	0	0	0	0.95	0	0	0	0	0	0	0	0	0.95	0	0	0	0	0	0	0	0	0	0	0.1	33.525
NA20505	0	0	0	0	0	0	0	0	0	0	0.59	0	0	0	0	0.85	0	0	0	0	0	0	0	0	0	0	0.04	0	0.06	0	0.46	33.295
NA20538	0	0	0	0	0	0	0	0	0	0	1.01	0	0	0.02	0	0	0	0	0	0	0.08	0	0	0	0	0	0	0	0	0	0.89	33.05
HG00182	0	0	0	0	0	0	0	0	0	0	0.95	0	0	0	0	0	0	0	0	0.26	0	0	0	0.17	0	0	0.48	0	0.06	0	0.08	34.845
NA19207	0	0	0	0.95	0	0	0	0	0	0	0	0	0	0	0	0	0	0	0	0.11	0	0	0	0.84	0	0	0	0	0	0	0.1	32.465
HG00373	0	0	0	0	0	0	0.01	0	0	0	0.34	0	0	0	0	0	0	0.01	0	0	1.05	0	0	0	0.01	0	0	0	0	0	0.58	34.71
NA20800	0	0	0	0	0	0	0	0	0	0	0	0	0	0	0	0	0	0	0	0.9	0	0	0	0.05	0	0	0	0	0	0	1.05	34.525
HG00151	0	0	0	0	0	0	0	0	0	0	0	0	0	0	0	0.3	0	0	0	0.05	0.91	0	0	0.04	0.01	0	0.56	0	0.01	0	0.12	36.3
NA11829	0	0	0	0	0	0	0	0	0	0	0.09	0	0	0	0	0	0	0	0	0	0	0	0	0	0	0	0	0	0	0	1.91	33.91
HG00324	0	0	0	0	0	0	0	0	0	0	1.27	0	0	0	0	0	0	0	0	0	0	0	0	0	0	0	0	0	0	0	0.73	32.73
HG00120	0	0	0	0	0	0	0	0	0	0	0.01	0	0	0	0	0	0	0	0	0	0.02	0	0	0	0.92	0	0	0	0	0	1.05	35.85
NA12828	0	0	0	0	0	0.93	0	0	0	0	0.01	0	0	0	0	0	0	0	0	0	0.02	0	0	0	0	0	0	0	0	0	1.04	32.15
NA12777	0	0	0	0.01	0	0.07	0	0	0	0	1.43	0	0	0	0	0	0	0	0	0	0.07	0	0	0	0	0	0	0	0	0	0.42	32.47
NA20539	0	0	0	0	0	0	0.01	0	0	0	0.13	0	0	0	0	0.04	0	0.03	0	0.89	0.3	0	0.01	0.02	0.02	0	0	0.01	0	0	0.54	34.685
NA19213	0	0	0	0	0	0	0	0	0	0.08	0.76	0	0	0	0	0	0	0	0	0.02	0.06	0	0	0	0	0	0	0	0	0	1.08	33.19
NA19147	0	0	0	0	0	0.25	0	0	0	0	0.18	0	0	0.01	0	0	0	0	0	0	0.27	0	0	0	0.09	0	0	0.01	0	0	1.19	33.79
HG00379	0	0	0	0	0	0	0	0	0	0	0	0	0	0	0	0	0	0	0	0	0	0	0	0	0	0	0.95	0	0	0	1.05	36.375
HG00158	0	0	0	0	0	0	0	0	0	0	0.14	0	0	0	0	0	0	0	0	0	1.03	0	0	0	0	0	0	0	0	0	0.83	34.89
HG00329	0	0	0	0	0	0	0.01	0	0	0	0.09	0	0	0	0	0	0	0.01	0	0	0.3	0	0	0	0.22	0	0	0	0	0	1.37	34.63
HG00344	0	0	0	0	0	0.09	0	0	0	0	0.33	0	0	0	0	0	0	0	0	0	0.12	0	0	0	0.15	0	0	0	0	0	1.31	33.91
NA11931	0	0	0	0	0	0.01	0	0	0	0	0.44	0	0	0	0	0	0	0	0	0	0.82	0	0	0	0	0	0	0	0	0	0.73	34.36
HG00142	0	0	0	0	0	0	0	0	0	0	0	0	0	0	0	0	0	0	0	0	0.01	0	0	0	0	0	0	0	0	0	1.99	34.01
HG00100	0	0	0	0	0	0.01	0	0	0	0	0.27	0	0	0	0	0	0	0	0	0	0.12	0	0	0	0.05	0	0	0	0	0	1.55	33.93
NA12843	0	0	0	0	0	0	0	0	0	0	0	0	0	0	0	0	0	0	0	0	0	0	0	0	0	0	0	0	0	0	2.0	34.0
NA18909	0	0	0	0	0	0	0	0	0	0	0.95	0	0	0	0	0	0	0	0	0	0	0	0	0	0	0	0	0	0	0	1.05	33.05
HG00243	0	0	0	0	0	0	0	0	0	0	0.43	0	0	0	0	0	0	0	0	0	0.17	0	0	0	0.47	0	0	0	0	0	0.93	34.68
NA20806	0	0	0	0	0	0.94	0	0	0	0	0.96	0	0	0	0	0	0	0	0	0	0	0	0	0	0	0	0	0	0	0	0.1	31.16
NA20768	0	0	0	0	0	0	0	0	0	0	0.12	0	0	0	0	0	0	0	0	0.39	0	0	0	0.56	0	0	0	0	0	0	0.93	34.915
HG00123	0	0	0	0	0	0	0	0	0	0	0	0	0	0	0	0	0	0	0	0	0	0	0	0	0	0	0	0	0	0	2.0	34.0
NA20529	0	0	0	0	0	0.28	0	0	0	0	1.09	0	0	0	0	0	0	0	0	0	0.09	0	0	0	0	0	0	0	0	0	0.54	32.44
HG00122	0	0	0	0	0	0.01	0	0	0	0	0.92	0	0	0	0	0	0	0	0	0	0.01	0	0	0	0	0	0	0	0	0	1.06	33.07
NA18853	0	0	0	0	0	0	0	0	0	0	0.95	0	0	0	0	0.95	0	0	0	0	0	0	0	0	0	0	0	0	0	0	0.1	32.575
NA19189	0	0	0	0.95	0	0	0	0	0	0	0.94	0	0	0	0	0	0	0	0	0	0	0	0	0	0	0	0	0	0	0	0.11	30.21
HG00148	0	0	0	0	0	0.06	0	0	0	0	0.86	0	0	0	0	0	0	0	0	0	0	0	0	0	0	0	0	0	0	0	1.08	33.02
HG00171	0	0	0	0	0	0.01	0	0	0	0	1.39	0	0	0	0	0	0	0.01	0	0	0.08	0	0	0	0.02	0	0	0	0	0	0.49	32.71
HG00331	0	0	0	0	0	0	0	0	0	0	0.66	0	0	0	0	0.94	0	0	0	0.01	0	0	0	0.01	0	0	0	0	0	0	0.38	32.89
HG00381	0	0	0	0	0	0	0	0	0	0	0	0	0	0	0	0	0	0	0	0.89	0	0	0	0.06	0	0	0	0	0	0	1.05	34.535
NA18856	0	0	0	0	0	0	0	0	0	0.94	0.95	0	0	0	0	0.01	0	0	0	0	0	0	0	0	0	0	0	0	0	0	0.1	31.635
HG00345	0	0	0	0	0	0.39	0	0	0	0	0	0	0	0	0	0	0	0	0	0	0.56	0	0	0	0	0	0	0	0	0	1.05	33.78
NA18861	0	0	0	0.95	0	0.95	0	0	0	0	0	0	0	0	0	0	0	0	0	0	0	0	0	0	0	0	0	0	0	0	0.1	29.25
HG00185	0	0	0	0	0	0	0	0	0	0	0.95	0	0	0	0	0	0	0	0	0	0.03	0	0	0	0.01	0	0	0	0	0	1.01	33.1
NA07051	0	0	0	0	0	0	0	0	0	0	0.82	0	0	0	0	0	0	0	0	0.26	0	0	0	0.18	0	0	0.47	0	0.06	0	0.21	34.965
NA20527	0	0	0	0	0	0	0	0	0	0	0	0	0	0	0	0	0	0	0	0	0	0	0	0	0.95	0	0	0	0	0	1.05	35.9
NA20783	0	0	0	0	0	0	0	0	0	0	0.11	0	0.01	0	0	0	0	0.01	0	0	0.07	0	0	0	0.14	0	0	0	0	0	1.66	34.23
NA19137	0	0	0	0	0	0	0	0	0	0	0.03	0	0	0	0	0	0	0	0	0.12	0.04	0	0	0.83	0.01	0	0	0	0	0	0.97	35.335
NA19201	0	0	0.95	0	0	0	0	0	0	0	0.11	0	0	0	0	0	0	0	0	0.48	0.25	0	0	0	0	0	0	0	0	0	0.21	30.58
NA18488	0	0	0	0	0	0.25	0	0	0	0	1.13	0	0	0.01	0	0	0	0	0	0	0.28	0	0	0	0.09	0	0	0.01	0	0	0.23	32.85
HG00311	0	0	0	0	0	0	0	0	0	0	0	0	0	0	0	0	0	0	0	0	1.11	0	0	0	0.42	0	0	0	0	0	0.47	35.95
HG00337	0	0	0	0	0	0	0	0	0	0	0.77	0	0	0	0	0	0	0	0	0.95	0	0	0	0	0	0	0	0	0	0	0.28	33.705
HG00257	0	0	0	0	0	0	0	0	0	0	0	0	0	0	0	0	0	0	0	0.11	0.05	0	0	0.84	0	0	0	0	0	0	1.0	35.365
HG00136	0	0	0	0	0	0.02	0	0	0	0	0.93	0	0	0	0	0	0	0	0	0	0.03	0	0	0	0.01	0	0	0	0	0	1.01	33.08
NA20826	0	0	0	0	0	0	0	0	0	0	1.05	0	0	0	0	0	0	0	0	0	0	0	0	0	0	0	0	0	0	0	0.95	32.95
NA20518	0	0	0	0	0	0	0	0	0	0	0.01	0	0	0	0	0.83	0	0	0	0.05	0.01	0	0	0	0	0	0.07	0	0	0	1.03	33.785
NA20786	0	0	0	0	0	0.95	0	0	0	0	0.2	0	0	0	0	0	0	0	0	0	0.7	0	0	0	0	0	0	0	0	0	0.15	32.6
NA20760	0	0	0	0	0	0.01	0	0	0	0	0.93	0	0	0	0	0	0	0	0	0.57	0	0	0	0.38	0.01	0	0	0	0	0	0.1	33.925
HG00114	0	0	0	0	0	0	0	0	0	0	0	0	0	0	0	0.93	0	0	0	0.01	0.11	0	0	0	0.5	0	0.01	0	0	0	0.44	34.675
HG00117	0	0	0	0	0	0	0	0	0	0	0	0	0	0	0	0	0	0	0	0	0.01	0	0	0	0	0	0	0	0	0	1.99	34.01
NA20534	0	0	0	0	0	0	0	0	0	0	0	0	0	0	0	0	0	0	0	0	0.95	0	0	0.43	0	0	0.52	0	0	0	0.1	36.895
NA20809	0	0	0	0	0	0	0	0	0	0	1.27	0	0	0	0	0	0	0	0	0	0	0	0	0	0	0	0	0	0	0	0.73	32.73
NA12273	0	0	0	0	0	0	0	0	0	0	0.95	0	0	0	0	0	0	0	0	0	0	0	0	0	0.95	0	0	0	0	0	0.1	34.95
NA20808	0	0	0	0	0	0	0	0	0	0	0	0	0	0	0	0	0	0	0	0	0	0	0	0	0	0	0	0	0	0	2.0	34.0
NA19197	0	0	0	0.95	0	0	0	0	0	0	0	0	0	0	0	0	0	0	0	0	0	0	0	0	0	0	0	0	0	0	1.05	31.15
NA11918	0	0	0	0	0	0	0	0	0	0	0	0	0	0	0	0	0	0	0	0	0.91	0	0	0	0	0	0	0	0	0	1.09	34.91
NA20509	0	0	0	0	0	0	0	0	0	0	0	0	0	0	0	0	0	0	0	0.81	0.91	0	0	0.14	0.04	0	0	0	0	0	0.1	35.605
NA20757	0	0	0	0.03	0	0.01	0	0	0	0	0.94	0	0	0	0	0	0	0	0	0	0	0	0	0	0	0	0	0	0	0	1.02	32.95
HG00125	0	0	0.02	0	0	0.36	0	0	0	0	1.41	0	0	0	0	0	0	0	0	0	0	0	0	0	0	0	0	0	0	0	0.21	31.79
NA11894	0	0	0	0	0	0.24	0	0	0.48	0	0.73	0	0	0	0	0	0	0	0	0	0.03	0	0	0	0.01	0	0	0	0	0	0.51	32.0
NA18517	0	0	0	0.95	0	0	0	0	0	0.89	0	0	0	0	0	0.06	0	0	0	0	0	0	0	0	0	0	0	0	0	0	0.1	29.785
NA20798	0	0	0	0	0	0.64	0	0	0	0	0.31	0	0	0	0	0	0	0	0	0	0	0	0	0	0	0	0	0	0	0	1.05	32.41
NA20588	0	0	0	0	0	0	0	0	0	0	0	0	0	0	0	0	0	0	0	0.55	0	0	0	1.34	0	0	0	0	0	0	0.11	36.285
HG00285	0	0	0	0	0	0	0	0	0	0	0.95	0	0	0	0	0	0	0	0	0	0	0	0	0	0	0	0	0	0	0	1.05	33.05
NA19153	0	0	0	0	0	0.95	0	0	0	0	0.13	0	0	0	0	0	0	0	0	0	0.43	0	0	0	0	0	0	0	0	0	0.49	32.4
NA20804	0	0	0	0	0	0	0	0	0	0	0.01	0	0	0	0	0	0	0	0	0	0.01	0	0	0	0	0	0	0	0	0	1.98	34.0
HG00306	0	0	0	0.02	0	0.11	0	0	0	0	1.04	0	0	0	0	0	0	0	0	0	0.04	0	0	0	0	0	0	0	0	0	0.79	32.72
NA19210	0	0	0.95	0	0	0	0	0	0	0	0.95	0	0	0	0	0	0	0	0	0	0	0	0	0	0	0	0	0	0	0	0.1	29.25
NA18908	0	0	0	0	0	0	0	0	0	0	0.95	0	0	0	0	0	0	0	0	0	0	0	0	0	0	0	0	0	0	0	1.05	33.05
NA20585	0	0	0	0	0	0.01	0	0	0	0	0.84	0	0	0	0	0	0	0	0	0	0.98	0	0	0	0.01	0	0	0	0	0	0.16	34.14
NA20543	0	0	0	0	0	1.01	0	0	0	0	0.58	0	0	0	0	0	0	0	0	0	0.26	0	0	0	0	0	0	0	0	0	0.15	31.66
NA20508	0	0	0	0	0	0.22	0	0	0	0	0.9	0	0	0	0	0	0	0	0	0	0.2	0	0	0	0.07	0	0	0.01	0	0	0.6	33.03
NA18916	0	0	0	0	0	0.01	0	0	0	0	0.41	0	0	0	0	0	0	0	0	0.01	0.04	0	0	0.93	0.01	0	0.01	0	0	0	0.58	35.055
NA20799	0	0	0	0	0	0.12	0	0	0	0	0.84	0	0	0	0	0	0	0	0	0.67	0	0	0	0.28	0	0	0	0	0	0	0.09	33.675
NA19235	0	0	0	0.95	0	0.95	0	0	0	0	0	0	0	0	0	0	0	0	0	0	0	0	0	0	0	0	0	0	0	0	0.1	29.25
HG00240	0	0	0	0	0	0	0	0	0	0	0.09	0	0	0	0	0	0	0.09	0	0	0.01	0	0	0	0.01	0	0	0	0	0	1.8	33.94
NA20765	0	0	0	0	0	0.11	0	0	0	0	0.1	0	0	0	0	0	0	0	0	0	0.55	0	0	0	0.71	0	0	0	0	0	0.53	35.65
NA18516	0	0	0	0	0	0	0	0	0	0	0	0	0	0	0	0.95	0	0	0	0	0.32	0	0	0	0.63	0	0	0	0	0	0.1	35.105
NA20801	0	0	0	0	0	0.95	0	0	0	0	0	0	0	0	0	0	0	0	0	0	0.95	0	0	0	0	0	0	0	0	0	0.1	33.05
NA18867	0	0	0	0	0	0	0	0	0	0.85	0.95	0	0	0	0	0.1	0	0	0	0	0	0	0	0	0	0	0	0	0	0	0.1	31.725
NA20524	0	0	0	0	0	0.55	0	0	0	0	0.4	0	0	0	0	0	0	0	0	0	0.47	0	0	0	0	0	0	0	0	0	0.58	32.97
HG00323	0	0	0	0	0	0	0	0	0	0	0.97	0	0	0	0	0	0	0	0	0	0	0	0	0	0	0	0	0	0	0	1.03	33.03
NA20589	0	0	0	0	0	0	0	0	0	0	0.95	0	0	0	0	0	0	0	0	0	0	0	0	0.95	0	0	0	0	0	0	0.1	34.475
NA11893	0	0	0	0	0	0	0	0	0	0	0	0	0	0	0	0	0	0	0	0	1.7	0	0	0	0.03	0	0	0	0	0	0.27	35.76
NA20502	0	0	0	0	0	0	0	0	0	0	0.95	0	0	0	0	0	0	0	0	0	0.02	0	0	0	0.93	0	0	0.01	0	0	0.09	34.96
HG00282	0	0	0	0	0	0	0	0	0	0	0.08	0	0	0	0	0	0	0	0	0	0.36	0	0	0	0.04	0	0	0	0	0	1.52	34.36
NA19171	0	0	0	0	0	0	0	0	0	0	1.86	0	0	0	0	0	0	0	0	0	0	0	0	0	0	0	0	0	0	0	0.14	32.14
NA12761	0	0	0	0	0	0.01	0	0	0	0	0.01	0	0	0	0	0	0	0	0	0	0.98	0	0	0	0	0	0	0	0	0	1.0	34.95
NA20795	0	0	0	0	0	0	0	0	0	0	0	0	0	0	0	0	0	0	0	0	0.06	0	0	0	0	0	0	0	0	0	1.94	34.06
NA19238	0	0	0	0	0	0	0	0	0	0	0.95	0	0	0	0	0	0	0	0	0	0	0	0	0	0	0	0.95	0	0	0	0.1	35.425
NA19159	0	0	0	0	0	0.25	0	0	0	0	0.18	0	0	0.01	0	0	0	0	0	0	0.28	0	0	0.95	0.09	0	0	0.01	0	0	0.23	35.225
HG00366	0	0	0	0	0	0	0	0	0	0	0	0	0	0	0	0	0	0	0	0	1.7	0	0	0	0	0	0	0	0	0	0.3	35.7
NA11992	0	0	0	0.01	0	0.03	0	0	0	0	1.83	0	0	0	0	0	0	0	0	0	0	0	0	0	0	0	0	0	0	0	0.13	32.08
HG00141	0	0	0	0	0	0	0	0	0	0	0.95	0	0	0	0	0	0	0	0	0	0.86	0	0	0	0	0	0	0	0	0	0.19	33.91
NA18873	0	0	0	0	0	0.17	0	0	0	0	0.19	0	0	0	0	0	0	0	0	0.12	0.15	0	0	0.95	0.04	0	0	0	0	0	0.38	35.185
HG00336	0	0	0	0	0	0	0	0	0	0	0	0	0	0	0	0.95	0	0	0	0	0	0	0	0	0	0	0	0	0	0	1.05	33.525
NA06994	0	0	0	0	0	0.21	0	0	0	0	1.25	0	0	0	0	0	0	0	0	0	0.04	0	0	0	0.01	0	0	0	0	0	0.49	32.39
NA19190	0	0	0	0	0	0.95	0	0	0	0	0.48	0.47	0	0	0	0	0	0	0	0	0	0	0	0	0	0	0	0	0	0	0.1	31.15
HG00186	0	0	0	0	0	0.02	0	0	0	0	0.04	0	0	0	0	0	0	0	0	0	0.04	0	0	0	0.02	0	0	0	0	0	1.88	34.0
NA20805	0	0	0	0.05	0	1.05	0	0	0	0	0.64	0	0	0	0	0	0	0	0	0	0.02	0	0	0	0	0	0	0	0	0	0.24	31.13
HG00325	0	0	0	0	0	0.65	0	0	0	0	0.14	0	0	0	0	0	0	0	0	0	0.95	0	0	0	0	0	0	0	0	0	0.26	33.51
NA20766	0	0	0	0	0	0	0	0	0	0	0	0	0	0	0	0	0	0	0	0.95	0.95	0	0	0	0	0	0	0	0	0	0.1	35.425
HG00183	0	0	0	0	0	0	0	0	0	0	0	0	0	0	0	0	0	0.01	0	0	0.56	0	0	0	0.01	0	0	0	0	0	1.42	34.58
NA12827	0	0	0	0	0	0.01	0	0	0	0	0.49	0	0	0	0	0	0	0	0	0	0.02	0	0	0	0.11	0	0	0	0	0	1.37	33.73
NA12400	0	0	0	0	0	0.95	0	0	0	0	0	0	0	0	0	0	0	0	0	0	0.75	0	0	0	0.17	0	0	0	0	0	0.13	33.19
NA12760	0	0	0	0	0	0	0	0	0	0	0.95	0	0	0	0	0	0	0	0	0	0.48	0	0	0	0.47	0	0	0	0	0	0.1	34.47
NA20540	0	0	0	0	0	0	0	0	0	0	0.21	0	0	0	0	0	0	0	0	0	0.36	0	0	0	0	0	0	0	0	0	1.43	34.15
NA20772	0	0	0	0	0	0.13	0	0	0	0	0.07	0	0	0.03	0	0.67	0	0	0	0.02	0.37	0	0	0.24	0	0	0.03	0	0	0	0.44	34.12
NA07056	0	0	0	0	0	0.95	0	0	0	0	0	0	0	0	0	0	0	0	0	0	0	0	0	0.27	0	0	0.55	0	0.14	0	0.09	34.37
NA12154	0	0	0	0	0	0	0	0	0	0	0	0	0	0	0	0	0	0	0	0	0.67	0	0	0	0.29	0	0.05	0	0	0.89	0.1	39.38
HG00149	0	0	0	0	0	0.13	0	0	0	0	0.77	0	0	0	0	0	0	0	0	0	0.8	0	0	0	0	0	0	0	0	0	0.3	33.77
NA18912	0	0	0	0.95	0	0.01	0	0	0	0	0.91	0	0	0	0	0	0	0	0	0	0.01	0	0	0	0	0	0	0	0	0	0.12	30.23
HG00343	0	0	0	0	0	0	0	0	0	0	1.6	0	0	0	0	0	0	0	0	0	0	0	0	0	0	0	0	0	0	0	0.4	32.4
NA19130	0	0	0	0	0	0	0	0	0	0	0.88	0	0	0	0	0	0	0	0	0.58	0.02	0	0	0.37	0.01	0	0	0	0	0	0.14	34.005
NA12286	0	0	0	0	0	0.01	0	0	0	0	0.89	0	0	0	0	0	0	0	0	0	0.39	0	0	0	0	0	0	0	0	0	0.71	33.48
NA12340	0	0	0	0	0	0	0	0	0	0	0.95	0	0	0	0	0	0	0	0	0	0	0	0	0	0	0	0	0	0.95	0	0.1	36.375
HG00118	0	0	0	0	0	0	0	0	0	0	0.71	0	0	0	0	0	0	0	0	0	0	0	0	0.79	0	0	0.16	0	0	0	0.34	34.875
HG00275	0	0	0	0	0	0	0	0	0	0	1.5	0	0	0	0	0	0	0	0	0	0.21	0	0	0	0	0	0	0	0	0	0.29	32.71
NA19143	0	0	0	0	0	1.65	0	0	0	0	0.05	0	0	0	0	0	0	0	0	0	0.07	0	0	0	0.01	0	0	0	0	0	0.22	30.74
HG00280	0	0	0	0	0	0	0.01	0	0	0	0	0	0	0	0	0	0	0.01	0	0	0.52	0	0	0	0.49	0	0	0	0	0	0.97	35.48
NA12383	0	0	0	0	0	0	0	0	0	0	0.95	0	0	0	0	0	0	0	0	0	0.01	0	0	0	0	0	0	0	0	0	1.04	33.06
NA12717	0	0	0	0	0	0	0	0	0	0	0.75	0	0	0	0	0	0	0	0	0	0.47	0	0	0	0.62	0	0	0	0	0	0.16	34.96
NA20814	0	0	0	0.2	0	0.4	0.02	0	0	0	0.35	0	0	0	0	0	0	0.04	0	0	0.19	0	0.01	0	0.31	0	0	0	0	0	0.48	33.03
NA18501	0	0	0	0	0	0	0	0	0	0	0	0	0	0	0	0	0	0	0	0.07	0.95	0	0	0.77	0	0	0.1	0	0.03	0	0.08	36.495
HG00231	0	0	0	0	0	1	0	0	0	0	0.03	0	0	0	0	0	0	0	0	0	0.6	0	0	0	0.01	0	0	0	0	0	0.36	32.59
HG00242	0	0	0	0	0	0	0	0	0	0	0.26	0	0	0	0	0	0	0	0	0	0.8	0	0	0	0	0	0	0	0	0	0.94	34.54
NA18486	0	0	0	0	0	0	0	0	0	0	0	0	0	0	0	0	0	0	0	0.95	0.95	0	0	0	0	0	0	0	0	0	0.1	35.425
HG00274	0	0	0	0	0	0	0	0	0	0	0	0	0	0	0	0	0	0.01	0	0	1.45	0	0	0	0.19	0	0	0	0	0	0.35	35.83
HG00335	0	0	0	0	0	0.65	0	0	0	0	0.04	0	0	0	0	0	0	0	0	0	0.26	0	0	0	0	0	0.95	0	0	0	0.1	35.295
HG00259	0	0	0	0	0	0	0	0	0	0	0.94	0	0	0	0	0	0	0	0	0	0	0	0	0	0	0	0	0	0	0	1.06	33.06
NA20530	0	0	0	0	0	0	0	0	0	0	0.95	0	0	0	0	0	0	0	0	0	0	0	0	0	0.91	0	0	0	0	0	0.14	34.87
HG00096	0	0	0	0	0	0	0	0	0	0	0.91	0	0	0	0	0	0	0	0	0	0.92	0	0	0	0	0	0	0	0	0	0.17	34.01
NA18871	0	0	0	0	0	0.95	0	0	0	0	0	0	0	0	0	0	0	0	0	0	0.22	0	0	0	0.73	0	0	0	0	0	0.1	33.78
NA20802	0	0	0	0	0	0	0	0	0	0	0	0	0	0	0	0	0	0	0	0	0	0	0	0.01	0	0	0.94	0	0.95	0	0.1	39.69
HG00236	0	0	0	0	0	0	0	0	0	0	0	0	0	0	0	0	0	0.02	0	0	1.09	0	0	0	0.03	0	0	0	0	0	0.86	35.15
NA11920	0	0	0	0	0	0	0	0	0	0	0	0	0	0	0	0	0	0	0	0	0.4	0	0	0	0	0	0	0	0	0	1.6	34.4
HG00239	0	0	0	0	0	0	0	0	0	0	0.07	0	0	0	0	0	0	0	0	0	0.95	0	0	0	0	0	0	0	0	0	0.98	34.88
HG00265	0	0	0	0	0	0.01	0	0	0	0	0.06	0	0	0	0	0	0	0	0	0	0.02	0	0	0	0	0	0	0	0	0	1.91	33.94
HG00115	0	0	0	0	0	0	0	0	0	0	0.02	0	0	0	0	0	0	0	0	0	1.42	0	0	0	0	0	0	0	0	0	0.56	35.4
HG00244	0	0	0	0	0	0	0	0	0	0	0.03	0	0	0	0	0	0	0	0	0	0	0	0	0	0	0	0	0	0	0	1.97	33.97
NA18868	0	0	0	0	0	0	0	0	0	0	0.95	0	0	0	0	0	0	0	0	0.95	0	0	0	0	0	0	0	0	0	0	0.1	33.525
HG00110	0	0	0	0	0	0	0	0	0	0	0	0	0	0	0	0	0	0	0	0	1.02	0	0	0	0	0	0	0	0	0	0.98	35.02
HG00181	0	0	0	0	0	0	0	0	0	0	0	0	0	0	0	0	0	0	0	0.01	0	0	0	0.94	0	0	0	0	0	0	1.05	35.415
HG00187	0	0	0	0	0	0	0	0	0	0	1.81	0	0	0	0	0	0	0	0	0	0.08	0	0	0	0	0	0	0	0	0	0.11	32.27
HG00188	0	0	0	0	0	0.2	0	0	0	0	0.73	0	0	0	0	0	0	0.01	0	0	0.21	0	0	0	0.04	0	0	0	0	0	0.81	33.16
NA20542	0	0	0	0	0	0	0	0	0	0	0.95	0	0	0	0	0	0	0	0	0	0	0	0	0	0	0	0	0	0	0	1.05	33.05
HG00264	0	0	0	0.01	0	0.05	0	0	0	0	0.87	0	0	0	0	0	0	0	0	0	0	0	0	0	0	0	0	0	0	0	1.07	33.0
HG00315	0	0	0	0.01	0	0.19	0	0	0	0	0.74	0	0	0	0	0	0	0	0	0	0	0	0	0	0	0	0	0	0	0	1.06	32.85
HG00376	0	0	0	0	0	0	0	0	0	0	1.89	0	0	0	0	0	0	0	0	0	0	0	0	0	0	0	0	0	0	0	0.11	32.11
NA20811	0	0	0	0	0	0	0	0	0	0	1.07	0	0	0	0	0	0	0	0	0	0.73	0	0	0	0	0	0	0	0	0	0.2	33.66
NA20785	0	0	0	0	0	0	0	0	0	0	0	0	0	0	0	0	0	0	0	0	0.95	0	0	0	0	0	0	0	0	0	1.05	34.95
HG00176	0	0	0	0	0	1.58	0	0	0	0	0.05	0	0	0	0	0	0	0	0	0	0.27	0	0	0	0	0	0	0	0	0	0.1	31.06
NA18507	0	0	0	0	0	0	0	0	0	0	0	0	0	0	0	0	0	0	0	0	0.95	0	0	0	0	0	0	0	0	0	1.05	34.95
HG00261	0	0	0	0	0	0	0	0	0	0	0.01	0	0	0	0	0	0	0	0	0	0	0	0	0	0	0	0	0	0	0	1.99	33.99
HG00179	0	0	0	0	0	0	0	0	0	0	0.95	0	0	0	0	0	0	0	0	0	0.17	0	0	0	0.03	0	0	0	0	0	0.85	33.28
NA12776	0	0	0	0	0	0	0	0	0	0	0.38	0	0	0	0	0	0	0	0	0	0.94	0	0	0	0.03	0	0	0	0	0	0.65	34.62
NA20758	0	0	0	0	0	0	0	0	0.01	0	0.56	0	0	0.15	0	0	0	0	0	0	0.14	0	0	0	0	0	0	0	0	0	1.14	33.4125
NA18498	0	0	0	0	0	0	0	0	0	0	0	0	0	0	0	0	0	0	0	0.01	0	0	0	0.03	0	0	0.92	0	0	0	1.04	36.35
HG00321	0	0	0	0	0	0	0	0	0	0	0	0	0	0	0	0	0	0	0	0	0	0	0	0	0	0	0	0	0	0	2.0	34.0
HG00313	0	0	0	0	0	0	0	0	0	0	0.95	0	0	0	0	0	0	0	0	0	0.76	0	0	0	0.11	0	0	0.08	0	0	0.1	34.27
HG00174	0	0	0	0	0	0	0	0	0	0	0.96	0	0	0	0	0	0	0	0	0	0.01	0	0	0	0	0	0	0	0	0	1.03	33.05
NA12287	0	0	0	0	0	0.11	0	0	0	0	0.8	0	0	0	0	0	0	0	0	0	0.95	0	0	0	0	0	0	0	0	0	0.14	33.93
NA20756	0	0	0	0	0	0	0	0	0	0	0.94	0	0	0	0	0	0	0	0	0	0	0	0	0	0.01	0	0	0	0	0	1.05	33.08
HG00180	0	0	0	0	0	0	0	0	0	0	0	0	0	0	0	0	0	0	0	0	1.09	0	0	0	0.02	0	0	0	0	0	0.89	35.13
NA19257	0	0	0	0	0	0.01	0	0	0	0	1.89	0	0	0	0	0	0	0	0	0	0	0	0	0	0	0	0	0	0	0	0.1	32.09
HG00112	0	0	0	0	0	0.67	0	0	0	0	0.59	0	0	0	0	0	0	0	0	0	0.09	0	0	0	0.03	0	0	0	0	0	0.62	32.22
NA20586	0	0	0	0	0	0	0	0	0	0	0	0	0	0	0	0.47	0	0	0	0.32	0.95	0	0	0.17	0	0	0	0	0	0	0.09	35.13
NA12347	0	0	0	0	0	0	0	0	0	0	0.04	0	0	0	0	0	0	0	0	0	0.46	0	0	0	0.46	0	0	0	0	0	1.04	35.34
NA20517	0	0	0	0	0	0	0	0	0	0	0.01	0	0	0	0	0	0	0.01	0	0	0.02	0	0	0	0	0	0	0	0	0	1.96	34.01
HG00384	0	0	0	0	0	0	0	0	0	0	0.95	0	0	0	0	0	0	0	0	0	0.94	0	0	0	0	0	0	0	0	0	0.11	33.99
NA12283	0	0	0	0	0	0.95	0	0	0	0	0	0	0	0	0	0	0	0	0	0	0	0	0	0	0	0	0	0	0	0	1.05	32.1
NA11843	0	0	0	0	0	0	0.01	0	0	0	0.84	0	0	0	0	0	0	0.01	0	0	0.04	0	0	0	0.1	0	0	0	0	0	1.0	33.38
NA20778	0	0	0	0	0	0	0	0	0	0	1.05	0	0	0	0	0	0	0	0	0	0	0	0	0	0	0	0	0	0	0	0.95	32.95
NA20541	0	0	0	0	0	0	0	0	0	0	0.11	0	0	0	0	0	0	0	0	0	0.28	0	0	0	0	0	0	0	0	0	1.61	34.17
HG00267	0	0	0	0	0	0.95	0	0	0	0	0.24	0	0	0	0	0	0	0	0	0	0	0	0	0	0	0	0	0	0	0	0.81	31.86
NA19102	0	0	0	0	0	0.56	0	0	0	0	1.15	0.2	0	0	0	0	0	0	0	0	0	0	0	0	0	0	0	0	0	0	0.09	31.53
NA12272	0	0	0	0	0	0	0.01	0	0	0	1.03	0	0	0	0	0	0	0.03	0	0	0.18	0	0.01	0	0.03	0	0	0	0	0	0.71	33.2
NA19141	0	0	0	0	0	0.03	0	0	0	0	0	0	0	0	0	0	0	0	0	0	0	0	0	0	0	0	0	0	0	0	1.97	33.94
NA07048	0	0	0.01	0	0	0.83	0	0	0	0	0.11	0	0	0	0	0	0	0	0	0	0	0	0	0	0	0	0	0	0	0	1.05	32.19
NA20769	0	0	0	0	0	0	0	0	0	0	0	0	0	0	0	0	0	0	0	0.01	0.03	0	0	0	0	0	0.02	0	0.87	0.05	1.02	37.355
NA20773	0	0	0	0	0	0	0	0	0	0	0	0	0	0	0	0	0	0	0	0.7	0.74	0	0	0.26	0	0	0	0	0	0	0.3	35.48
HG00328	0	0	0	0	0	0	0	0	0	0	0.96	0	0	0	0	0	0	0	0	0	0.26	0	0	0	0.01	0	0	0	0	0	0.77	33.32
HG00106	0	0	0	0	0	0	0	0	0	0	0	0	0	0	0	0	0	0	0	0.11	0	0	0	0.84	0	0	0	0	0	0	1.05	35.315
HG00361	0	0	0	0	0	0	0	0	0	0	0.03	0	0	0	0	0	0	0	0	0	0.95	0	0	0	0	0	0	0	0	0	1.02	34.92
HG00253	0	0	0	0	0	0	0	0	0	0	0.42	0	0	0	0	0	0	0	0	0	0	0	0	0	0	0	0	0	0	0	1.58	33.58
HG00155	0	0	0	0	0	0	0	0	0	0	0.71	0	0	0	0	0	0	0	0	0	0	0	0	0	0	0	0	0	0	0	1.29	33.29
NA20792	0	0	0	0	0	0	0	0	0	0	0.71	0	0	0	0	0	0	0	0	0	0.01	0	0	0	0.06	0	0	0	0	0	1.22	33.42
NA20759	0	0	0	0.01	0	0.03	0	0	0	0	1.1	0	0	0	0	0	0	0	0	0	0	0	0	0	0	0	0	0	0	0	0.86	32.81
NA18934	0	0	0	0	0	0.95	0	0	0	0	0.95	0	0	0	0	0	0	0	0	0	0	0	0	0	0	0	0	0	0	0	0.1	31.15
NA11840	0	0	0	0	0	0	0	0	0	0	0	0	0	0	0	0	0	0	0	0	0.01	0	0	0	0.94	0	0	0	0	0	1.05	35.89
HG00109	0	0	0	0	0	0	0	0	0	0	0.01	0	0	0	0	0	0	0	0	0	0.01	0	0	0	0	0	0	0	0	0	1.98	34.0
NA18511	0	0	0	0	0	0	0	0	0	0	0	0	0	0	0	0	0	0	0	0	0.95	0	0	0	0	0	0	0	0	0	1.05	34.95
HG01334	0	0	0	0	0	0.01	0	0	0	0	0.94	0	0	0	0	0	0	0	0	0	0	0	0	0	0	0	0	0	0	0	1.05	33.04
NA12842	0	0	0	0	0	0.02	0	0	0	0	0.93	0	0	0	0	0	0	0	0	0	0.87	0	0	0	0	0	0	0	0	0	0.18	33.9
HG00338	0	0	0.01	0	0	0.47	0	0	0	0	0.69	0	0	0	0	0	0	0	0	0	0.03	0	0	0	0	0	0	0	0	0	0.8	32.36
HG00269	0	0	0	0	0	0.03	0	0	0	0	0.4	0	0	0	0	0	0	0.01	0	0	0.17	0	0	0	0.03	0	0	0	0	0	1.36	33.77
HG00173	0	0	0	0	0	0.46	0	0	0	0	0.33	0	0	0	0	0	0	0	0	0	0.14	0	0	0	0	0	0	0	0	0	1.07	32.89
NA06986	0	0	0	0.01	0	0.07	0	0	0	0	0.88	0	0	0	0	0	0	0	0	0	0.89	0	0	0	0.03	0	0	0	0	0	0.12	33.9
NA12003	0	0	0	0.13	0	0.32	0	0	0	0	0.5	0	0	0	0	0	0	0	0	0	0.01	0	0	0	0	0	0	0	0	0	1.04	32.48
NA20774	0	0	0	0	0	0	0	0	0	0	0	0	0	0	0	0	0	0	0	0.39	0	0	0	0.56	0	0	0	0	0	0	1.05	35.035
NA20828	0	0	0	0	0	0	0	0	0	0	0.95	0	0	0	0	0	0	0	0	0	0	0	0	0	0	0	0	0	0	0	1.05	33.05
HG00284	0	0	0	0	0	0	0	0	0	0	0	0	0	0	0	0	0	0.23	0	0	0.97	0	0	0	0.53	0	0	0	0	0	0.27	36.03
NA12750	0	0	0	0	0	0	0	0	0	0	0.95	0	0	0	0	0	0	0	0	0	0	0	0	0	0	0	0	0	0	0	1.05	33.05
NA18522	0	0	0	0	0	0.95	0	0	0	0	0	0	0	0	0	0	0	0	0	0.95	0	0	0	0	0	0	0	0	0	0	0.1	32.575
NA12275	0	0	0	0	0	0.47	0	0	0	0	0.4	0	0	0	0	0	0	0.01	0	0	0.82	0	0	0	0.01	0	0	0	0	0	0.29	33.5
NA20528	0	0	0	0	0	0	0	0	0	0	0.01	0	0	0	0	0	0	0	0	0	0.18	0	0	0	0.03	0	0	0	0	0	1.78	34.23
NA18910	0	0	0	0	0	0	0	0	0	0	0.95	0	0	0	0	0	0	0	0	0	0	0	0	0	0	0	0	0	0	0	1.05	33.05
HG00272	0	0	0	0	0	0	0	0	0	0	0.95	0	0	0	0	0	0	0	0	0	0	0	0	0	0	0	0	0	0	0	1.05	33.05
HG00138	0	0	0	0	0	0	0	0	0	0	0	0	0	0	0	0	0	0	0	0	0	0	0	0	0	0	0	0	0	0	2.0	34.0
HG00159	0	0	0	0	0	0	0	0	0	0	0.91	0	0	0	0	0	0	0	0	0	0.96	0	0	0	0	0	0	0	0	0	0.13	34.05
HG00108	0	0	0	0	0	0.01	0	0	0	0	0.9	0	0	0	0	0	0	0	0	0	0.95	0	0	0	0	0	0	0	0	0	0.14	34.03
NA19256	0	0	0	0.01	0	1	0	0	0	0	0.43	0	0	0	0	0	0	0	0	0	0.1	0	0	0	0.02	0	0	0	0	0	0.44	31.68
HG00111	0	0	0	0	0	0	0	0	0	0	0	0	0	0	0	0	0	0	0	0	0.92	0	0	0	0	0	0	0	0	0	1.08	34.92
HG00143	0	0	0	0	0	0	0	0	0	0	0.82	0	0	0	0	0	0	0	0	0	0.01	0	0	0.95	0	0	0	0	0	0	0.22	34.615
NA19119	0	0	0	0	0	0	0	0	0	0	0.63	0	0	0	0	0	0	0	0	0.55	0	0	0	0.4	0	0	0	0	0	0	0.42	34.245
NA12751	0	0	0	0	0	0	0	0	0	0	0	0	0	0	0	0	0	0	0	0.23	0	0	0	0.71	0	0	0.01	0	0	0	1.05	35.205
HG00121	0	0	0	0	0	0	0	0	0	0	0.94	0	0	0	0	0	0	0	0	0	0.61	0.02	0	0	0.14	0	0	0	0	0	0.29	33.97
NA20515	0	0.03	0	0	0	0	0	0	0	0.06	0.95	0	0	0	0	0.18	0	0	0	0.16	0	0	0	0.53	0	0	0.02	0	0	0	0.07	33.63
NA20512	0	0	0	0	0	0.79	0	0	0	0	0.21	0	0	0	0	0	0	0	0	0	0.15	0	0	0	0	0	0	0	0	0	0.85	32.36
NA06989	0	0	0	0	0	0	0	0	0	0	0.92	0	0	0	0	0	0	0	0	0	0	0	0	0	0	0	0	0	0	0	1.08	33.08
HG00281	0	0	0	0	0	0	0	0	0	0	0	0	0	0	0	0	0	0	0	0	0.51	0	0	0.95	0	0	0	0	0	0	0.54	35.935
HG00383	0	0	0	0	0	0	0	0	0	0	0.03	0	0	0	0	0	0	0	0	0.89	0	0	0	0.06	0	0	0	0	0	0	1.02	34.505
NA12716	0	0	0	0	0	0	0	0	0	0	0	0	0	0	0	0	0	0	0	0	0	0	0	0.95	0	0	0	0	0	0	1.05	35.425
NA12718	0	0	0	0	0	0	0	0	0	0	0.31	0	0	0	0	0	0	0	0	0	0.36	0.02	0	0	0.62	0	0	0	0	0	0.69	35.31
HG00137	0	0	0	0	0	0	0	0	0	0	0	0	0	0	0	0	0	0.01	0	0	0.87	0	0	0	0.01	0	0	0	0	0	1.11	34.89
NA20790	0	0	0	0	0	0	0	0	0	0	0.92	0	0	0	0	0	0	0	0	0	0.02	0	0	0	0	0	0	0	0	0	1.06	33.1
NA18489	0	0	0	0	0	0	0	0	0	0	0.27	0	0	0	0	0.03	0	0	0	0.52	0.22	0	0	0.1	0.73	0	0.04	0	0	0	0.09	35.905
HG00334	0	0	0	0	0	0	0	0	0	0	0.25	0	0	0	0	0	0	0	0	0.83	0	0	0	0.12	0	0	0	0	0	0	0.8	34.345
NA20803	0	0	0	0	0	0	0	0	0	0	0	0	0	0	0	0	0	0	0	0	0.01	0	0	0	0	0	0	0	0	0	1.99	34.01
NA11892	0	0	0	0	0	0	0	0	0	0	0.02	0	0	0	0	0	0	0	0	0	1.62	0	0	0	0	0	0	0	0	0	0.36	35.6
HG00232	0	0	0	0	0	0.05	0	0	0	0	0.97	0	0	0	0.02	0	0.01	0	0.01	0	0.03	0	0	0	0	0	0	0	0	0	0.91	32.955
HG00369	0	0	0	0	0	0	0	0	0	0	0	0	0	0	0	0	0	0	0	0	0.95	0	0	0	0	0	0	0	0	0	1.05	34.95
NA19152	0	0	0	0	0	0	0	0	0	0	0.95	0	0	0	0	0	0	0	0	0.25	0	0	0	0	0	0	0.7	0	0	0	0.1	34.925
NA07037	0	0	0	0	0	0	0	0	0	0	0	0	0	0	0	0	0	0	0	0	0.73	0	0	0	0.01	0	0	0	0	0	1.26	34.75
NA11831	0	0	0	0	0	0.09	0	0	0	0	0.96	0	0	0	0	0	0	0	0	0	0.74	0	0	0	0	0	0	0	0	0	0.21	33.6
HG00133	0	0	0	0	0	0.01	0	0	0	0	1.28	0	0	0	0	0	0	0	0	0	0.35	0	0	0	0.04	0	0	0	0	0	0.32	33.13
NA19248	0	0	0	0	0	0.01	0	0	0	0	1.09	0	0	0	0	0	0	0	0	0	0.04	0	0	0	0.01	0	0	0	0	0	0.85	32.95
NA11830	0	0	0	0	0	0	0	0	0	0	0.95	0	0	0	0	0	0	0	0	0	0	0	0	0	0	0	0	0	0	0	1.05	33.05
HG00126	0	0	0	0	0	0	0	0	0	0	0.95	0	0	0	0	0	0	0.01	0	0	0.06	0	0	0	0.02	0	0	0	0	0	0.96	33.15
NA20813	0	0	0	0.02	0	0.98	0	0	0	0	0.8	0	0	0	0	0	0	0	0	0	0	0	0	0	0	0	0	0	0	0	0.2	31.18
NA11994	0	0	0	0	0	0	0	0	0	0	0	0	0	0	0	0	0	0	0	0	0.02	0	0	0	0.05	0	0	0	0	0	1.93	34.12
NA19209	0	0	0	0	0	1.18	0	0	0	0	0.19	0.01	0	0.01	0	0	0	0	0	0	0.28	0	0	0	0.09	0	0	0.01	0	0	0.23	31.92
HG00255	0	0	0	0	0	0	0	0	0	0	0	0	0	0	0	0	0	0	0	0	0.96	0	0	0	0.04	0	0	0	0	0	1.0	35.04
NA19225	0	0	0	0	0	0	0	0	0	0	0.95	0	0	0	0	0	0	0	0	0	0	0	0	0	0	0	0	0	0	0	1.05	33.05
NA20532	0	0	0	0.03	0	0.15	0.01	0	0	0	0.6	0	0	0	0	0	0	0.03	0	0.01	0.18	0	0.01	0	0.02	0	0	0	0	0	0.96	33.225
NA18923	0	0	0	0.95	0	0	0	0	0	0	0.95	0	0	0	0	0	0	0	0	0	0	0	0	0	0	0	0	0	0	0	0.1	30.2
NA20812	0	0	0	0	0	0	0	0	0	0	0.07	0	0	0	0	0.2	0	0	0	0.38	0.16	0	0	0.38	0	0	0	0	0	0	0.81	34.75
HG00250	0	0	0	0	0	0	0	0	0	0	0.69	0	0	0	0	0	0	0	0	0	0.03	0	0	0	0.01	0	0	0.09	0	0	1.18	33.63
HG00256	0	0	0	0	0	0	0	0	0	0	0	0	0	0	0	0	0	0	0	0	0	0	0	0	0	0	0	0	0	0	2.0	34.0
HG00262	0	0	0	0	0	0.06	0	0	0	0	0.72	0	0	0	0	0	0	0	0	0	0.76	0	0	0	0	0	0	0	0	0	0.46	33.92
NA12348	0	0	0	0	0	0	0	0	0	0	1.3	0	0	0	0	0	0	0	0	0	0.18	0	0	0	0	0	0	0	0	0	0.52	32.88
NA18858	0	0	0	0	0	0	0	0	0	0	0.95	0	0	0	0	0	0	0	0	0.95	0	0	0	0	0	0	0	0	0	0	0.1	33.525
NA20754	0	0	0	0	0	0	0	0	0	0	0.88	0	0	0	0	0	0	0	0	0	0.94	0	0	0	0	0	0	0	0	0	0.18	34.06
NA12775	0	0	0	0	0	0	0	0	0	0	0.93	0	0	0	0	0	0	0	0	0.86	0	0	0	0.09	0	0	0	0	0	0	0.12	33.635
NA20510	0	0	0	0	0	0	0	0	0	0	0.23	0	0	0	0	0.01	0	0	0	0.94	0.47	0	0	0	0	0	0	0	0	0	0.35	34.705
NA11930	0	0	0	0.02	0	0.07	0	0	0	0	1.33	0	0	0	0	0	0	0	0	0	0	0	0	0	0	0	0	0	0	0	0.58	32.47
NA19138	0	0	0	0	0	0.87	0	0	0	0	0.06	0	0	0	0	0	0	0	0	0	0.01	0	0	0	0	0	0	0	0	0	1.06	32.21
NA18499	0	0	0	0	0	0.95	0	0	0	0	0	0	0	0	0	0	0	0	0	0.95	0	0	0	0	0	0	0	0	0	0	0.1	32.575
NA19093	0	0	0	0	0	0	0	0	0	0	0	0	0	0	0	0	0	0	0	1.89	0	0	0	0	0	0	0	0	0	0	0.11	34.945
HG00367	0	0	0	0	0	0	0	0	0	0	0.64	0	0	0	0	0	0	0	0	0.19	0.02	0	0	0	0.03	0	0.76	0	0	0	0.36	35.435
NA19108	0	0	0	0	0	0.94	0	0	0	0	0.95	0	0	0	0	0	0	0	0	0	0	0	0	0.01	0	0	0	0	0	0	0.1	31.185
NA19200	0	0	0	0	0	1	0	0	0	0	0.79	0	0	0	0	0	0	0	0	0	0.01	0	0	0.1	0	0	0	0	0	0	0.1	31.37
HG00278	0	0	0	0	0	0	0	0	0	0	0.93	0	0	0	0	0	0	0	0	0	0.97	0	0	0	0	0	0	0	0	0	0.1	34.04
HG00309	0	0	0	0	0	0	0	0	0	0	0	0	0	0	0	0	0	0	0	0	0.96	0	0	0	0	0	0	0	0	0	1.04	34.96
HG00139	0	0	0	0	0	0	0	0	0	0	0.01	0	0	0	0	0	0	0	0	0	0	0	0	0	0	0	0	0	0	0	1.99	33.99
NA19098	0	0	0	0	0	0.95	0	0	0	0	0.95	0	0	0	0	0	0	0	0	0	0	0	0	0	0	0	0	0	0	0	0.1	31.15
HG00271	0	0	0	0	0	0	0	0	0	0	1.71	0	0	0	0	0	0	0	0	0	0.19	0	0	0	0	0	0	0	0	0	0.1	32.48
NA20520	0	0	0	0.03	0	0.28	0	0	0	0	0.66	0	0	0.02	0	0	0	0	0	0.01	0.37	0	0	0	0	0	0	0	0	0	0.63	33.045
HG00246	0	0	0	0	0	0.95	0	0	0	0	0	0	0	0	0	0	0	0	0	0	0	0	0	0	0	0	0	0	0	0	1.05	32.1
NA12045	0	0	0	0	0	0.02	0	0	0	0	0.34	0	0	0	0	0	0	0	0	0	0.06	0	0	0	0.03	0	0	0	0	0	1.55	33.74
NA12889	0	0	0	0	0	0	0	0	0	0	0.01	0	0	0	0	0	0	0	0	0.14	0	0	0	0.49	0	0	0.3	0	0.03	0	1.03	35.65
HG00276	0	0	0	0	0	0.95	0	0	0	0	0.94	0	0	0	0	0	0	0	0	0	0	0	0	0	0	0	0	0	0	0	0.11	31.16
NA12830	0	0	0	0	0	0	0	0	0	0	0	0	0	0	0	0.02	0	0	0	0.55	0	0	0	0.02	0	0	0.37	0	0	0	1.04	35.22
NA18519	0	0	0	0.95	0	0	0	0	0	0	0	0	0	0	0	0	0	0	0	0	0	0	0	0	0	0	0	0	0	0	1.05	31.15
NA06984	0	0	0	0	0	0	0	0	0	0	0.32	0	0	0	0	0	0	0	0	0	0.06	0	0	0	0.03	0	0	0	0	0	1.59	33.8
HG00320	0	0	0	0	0	0	0	0	0	0	0	0	0	0	0	0	0	0	0	0.92	0.28	0	0	0.03	0	0	0	0	0	0	0.77	34.785
NA19223	0	0	0	0	0	0	0	0	0	0	0	0	0	0	0	0	0	0	0	0	0	0	0	0.95	0	0	0	0	0	0	1.05	35.425
NA19107	0	0	0	0	0	0	0	0	0	0	0	0	0	0	0	0	0	0	0	1.89	0	0	0	0	0	0	0	0	0	0	0.11	34.945
HG00382	0	0	0	0	0	0	0	0	0	0	0	0	0	0	0	0	0	0	0	0	0.49	0	0	0	1.34	0	0	0.06	0	0	0.11	37.35
HG00119	0	0	0	0	0	0.01	0	0	0	0	0.38	0	0	0	0	0	0	0	0	0	0.03	0	0	0	0	0	0	0	0	0	1.58	33.63
