	8.25	10.25	10.25	11.25	11.25	12.25	12.25	13.25	13.25	13.25	14	14.25	14.25	15	15	15	15.25	15.25	15.25	16	16	16	16.25	16.25	16.25	17	17.25	17.25	17.5	18	18.25	19	19.5	20	21	17.25	Beta
NA19131	0	0	0	0	0.49	0	0.22	0	0	0.01	0	0	0	0	0	0	0.29	0	0	0	0	0	0.33	0	0.01	0	0	0	0	0	0.03	0	0	0	0	0.62	29.53
NA19198	0	0	0	0	0	0	0	0	0	0	0	0	0	0	0	0	0.52	0	0	0.94	0	0	0.42	0	0	0	0	0	0	0	0	0	0	0	0	0.12	31.865
HG00273	0	0	0	0	0.94	0	0	0	0	0.94	0	0	0	0	0	0	0	0	0	0	0	0	0	0	0	0	0	0	0	0	0	0	0	0	0	0.12	25.1
HG00150	0	0	0	0	0.94	0	0	0	0	0	0	0	0	0	0	0	0	0	0	0	0	0	0.62	0	0	0	0	0	0	0	0	0	0	0	0	0.44	28.24
HG00145	0	0	0	0	0	0	0	0	0	0	0	0.45	0	0	0	0	0	0	0	0.01	0	0	0.01	0	0	0.48	0	0	0	0	0.01	0	0	0	0	1.04	33.0175
HG00339	0	0	0	0	0.04	0	0	0.04	0	0	0	0.83	0	0	0	0	0.93	0	0	0	0	0	0.05	0	0	0	0	0	0	0	0	0	0	0	0	0.11	29.7
HG00102	0	0	0	0	0	0	0	0.14	0	0	0	1.25	0	0	0	0	0.34	0	0	0	0	0	0.01	0	0	0	0	0	0	0	0	0.14	0	0	0	0.12	29.745
NA18523	0	0	0	0	0.49	0	0.22	0.94	0	0.01	0	0	0	0	0	0	0.22	0	0	0	0	0	0	0	0.01	0	0	0	0	0	0	0	0	0	0	0.11	26.21
HG00346	0	0	0	0	0	0	0	0	0	0	0	0	0	0	0	0	0.92	0	0	0	0	0	0.01	0	0	0	0	0	0	0	0	0	0	0	0	1.07	32.65
NA12249	0	0	0	0	0	0.94	0	0	0	0	0	0	0	0	0	0	0.89	0	0	0	0	0	0.04	0	0	0	0	0	0	0	0	0	0	0	0	0.13	27.98
HG00266	0	0	0	0	0	0	0	0	0	0	0	0	0	0	0	0	0	0	0	0.1	0.01	0	0.94	0	0	0.13	0	0	0	0.59	0	0.12	0	0.01	0	0.1	34.07
NA12413	0	0	0	0	0	0	0	0	0	0	0	0.03	0	0	0	0	0.85	0	0	0	0	0	0.9	0.1	0	0	0	0	0	0	0	0	0	0	0	0.12	31.71
NA19236	0	0	0	0	0	0	0	0	0	0.94	0	0	0	0	0	0	0.08	0	0	0	0	0	0.66	0	0	0	0	0	0	0	0.07	0	0	0	0	0.25	29.99
NA20544	0	0	0	0	0	0	0	0	0	0	0	0	0	0	0	0	0	0	0	0	0.94	0	0.88	0	0	0	0	0	0	0	0	0	0	0	0	0.18	32.445
NA19204	0	0	0	0	0	0	0	0	0	0	0	0.33	0	0	0	0	0.61	0	0	0.81	0	0	0	0	0	0.14	0	0	0	0	0	0	0	0	0	0.11	31.2425
HG00103	0	0	0	0	0	0	0	0	0.01	1.1	0	0	0.02	0	0	0	0	0	0.71	0	0	0	0	0	0.04	0	0	0	0	0.01	0	0	0	0	0	0.11	28.5475
NA20582	0	0	0	0	0	0	0	0	0	0	0	0	0	0	0	0	0	0	0	0.82	0	0	0	0	0	0.23	0	0	0	0.03	0	0.81	0	0	0	0.11	34.8575
NA19172	0	0	0	0	0	0	0	0.94	0	0	0	0.01	0	0	0	0	0	0	0	0	0	0	0	0	0	0.94	0	0	0	0	0	0	0	0	0	0.11	30.475
NA20815	0	0	0	0	0	0	0	0	0	0	0	0.84	0	0	0	0	0.14	0	0	0	0	0	0.67	0	0	0	0	0	0	0	0	0	0	0	0	0.35	31.03
HG00375	0	0	0	0	0	0	0	0.08	0	0	0	0.02	0	0	0	0	1.44	0	0	0	0	0	0.35	0	0	0	0	0	0	0	0	0	0	0	0	0.11	30.89
NA18933	0	0	0	0	0	0	0	0.94	0	0	0	0	0	0	0	0	0.01	0	0	0	0	0	0.93	0	0	0	0	0	0	0	0	0	0	0	0	0.12	29.79
HG00245	0	0	0	0	0.69	0	0.23	0.46	0	0.03	0	0.49	0	0	0	0	0	0	0	0	0	0	0	0	0	0	0	0	0	0	0	0	0	0	0	0.1	25.78
HG00319	0	0	0	0	0	0	0	0	0	0	0	0	0	0	0	0	0.01	0	0	0	0	0	0.94	0	0	0	0	0	0	0.94	0	0	0	0	0	0.11	34.245
NA12155	0	0	0	0	0	0	0	0	0	0.94	0	0	0	0	0	0	0	0	0	0	0	0	0	0	0	0.94	0	0	0	0	0	0	0	0	0	0.12	30.505
NA12749	0	0	0	0	0	0.79	0	0.16	0	0	0	0.94	0	0	0	0	0	0	0	0	0	0	0	0	0	0	0	0	0	0	0	0	0	0	0	0.11	27.09
HG00341	0	0	0	0	0	0	0	0	0	0	0	0	0	0	0	0	0	0	0	0	0	0	0	0	0	0.01	0	0	0	0.15	0	1.72	0	0	0	0.12	37.62
NA20771	0	0	0	0	0	0	0.94	0	0	0.01	0	0.01	0	0	0	0	0.01	0	0	0	0	0	0	0	0	0.38	0	0	0	0.32	0	0.24	0	0	0	0.09	30.275
NA20761	0	0	0	0	0.94	0	0	0	0	0	0	0	0	0	0	0	0	0	0	0	0	0	0.94	0	0	0	0	0	0	0	0	0	0	0	0	0.12	27.92
NA12341	0	0	0	0	0	0	0	0	0	0	0	0	0	0	0	0	0	0	0	0	0	0	0.94	0	0	0	0	0	0	0.02	0	0.01	0	0.92	0	0.11	36.1225
HG00380	0	0	0	0	0	0.94	0	0	0	0	0	0.88	0	0	0	0	0	0	0	0	0	0	0.07	0	0	0	0	0	0	0	0	0	0	0	0	0.11	27.09
NA12763	0	0	0	0	0	0	0	0	0	0	0	0.44	0	0	0	0	0.52	0	0	0	0	0	0.91	0.01	0	0	0	0	0	0	0	0	0	0	0	0.12	31.22
NA18917	0	0	0	0	0	0	0	0	0	0	0	0	0	0	0	0	1.88	0	0	0	0	0	0	0	0	0	0	0	0	0	0	0	0	0	0	0.12	30.74
HG00116	0	0	0	0	0.92	0	0.02	0	0	0	0	0	0	0	0	0	0	0	0	0	0	0	0.94	0	0	0	0	0	0	0	0	0	0	0	0	0.12	27.94
HG00260	0	0	0	0	0	0.58	0	0.36	0	0	0	0	0	0	0	0	0	0	0	0	0	0	0	0	0	0	0	0	0	0	0.94	0	0	0	0	0.12	31.1
NA18907	0	0	0.94	0	0.49	0	0.22	0	0	0.01	0	0	0	0	0	0	0.23	0	0	0	0	0	0	0	0.01	0	0	0	0	0	0	0	0	0	0	0.1	23.37
NA20770	0	0	0	0	0	0	0	0	0	0.93	0	0	0	0	0	0	0	0	0	0.94	0	0	0	0	0	0	0	0	0	0.01	0	0	0	0	0	0.12	29.6125
NA20807	0	0	0	0	0	0.94	0	0	0	0	0	0	0	0	0	0	0	0	0	0	0.94	0	0	0	0	0	0	0	0	0	0	0	0	0	0	0.12	28.625
NA20796	0	0	0	0	0	0	0	0	0	0	0	0.24	0	0	0	0	0.55	0	0	0	0	0	1.02	0	0	0	0	0	0	0.08	0	0	0	0	0	0.11	31.72
NA19160	0	0	0	0	0.63	0	0.28	0	0	0.02	0	0	0	0	0	0	0.52	0	0	0	0	0	0.42	0	0.01	0	0	0	0	0.01	0	0	0	0	0	0.11	27.7775
NA20810	0	0	0	0	0	0.2	0.94	0	0	0	0	0.74	0	0	0	0	0	0	0	0	0	0	0	0	0	0	0	0	0	0	0	0	0	0	0	0.12	26.58
NA20787	0	0	0	0	0	0	0	0	0	0	0	0	0	0	0	0	0	0	0	0.92	0	0	0	0	0	0.03	0	0	0	0.54	0	0.39	0	0	0	0.12	34.43
NA07347	0	0	0	0	0	0	0	0	0	0	0	0.27	0	0	0	0	0.01	0	0	0	0	0	0.69	0	0	0.92	0	0	0	0	0	0	0	0	0	0.11	32.75
HG00101	0	0	0	0	0	0	0.94	0	0	0	0	0	0	0	0	0	0.94	0	0	0	0	0	0	0	0	0	0	0	0	0	0	0	0	0	0	0.12	27.92
HG00160	0	0	0	0	0	0	0.94	0	0	0	0	0	0	0	0	0	0.94	0	0	0	0	0	0	0	0	0	0	0	0	0	0	0	0	0	0	0.12	27.92
HG00251	0	0	0	0	0	0	0	0	0	0	0	0	0	0	0	0	0.94	0	0	0.02	0.9	0	0	0	0	0.02	0	0	0	0.01	0	0	0	0	0	0.11	31.4725
HG00146	0	0	0	0	0.94	0	0	0	0	0	0	0	0	0	0	0	0	0	0	0.71	0	0	0	0	0	0.02	0	0	0	0.12	0	0.1	0	0	0	0.11	28.2325
NA20819	0	0	0	0	0.93	0	0.01	0.05	0	0	0	0.09	0	0	0	0	0.51	0	0	0	0	0	0.3	0	0	0	0	0	0	0	0	0	0	0	0	0.11	27.08
NA12778	0	0	0	0	0	0	0	0	0	0	0	0	0	0	0	0	0	0	0	0	0	0	0	0	0	0.95	0	0	0	0.93	0	0	0	0	0	0.12	34.96
NA12890	0	0	0	0	0	0	0	0	0	0	0	0	0	0	0	0	0.06	0	0	0	0	0	0.88	0	0	0	0	0	0	0.01	0.01	0.93	0	0	0	0.11	35.145
NA20535	0	0	0	0	0	0	0	0	0	0	0	0	0	0	0	0	0	0	0	0.84	0	0	0	0	0	0.06	0	0	0	0.36	0	0.17	0	0.46	0	0.11	35.2675
NA19116	0	0	0	0	0.74	0	0.18	0	0	0.01	0	0.94	0	0	0	0	0.01	0	0	0	0	0	0	0	0.01	0	0	0	0	0	0	0	0	0	0	0.11	26.27
NA20506	0	0	0	0	0	0	0.94	0	0	0	0	0	0	0	0	0	0	0	0	0	0	0	0	0	0	0	0	0	0	0	0	0	0	0	0	1.06	29.8
HG00330	0	0	0	0	0	0	0	0	0	0	0	0	0	0	0	0	0	0	0	0	0	0	0.94	0	0	0	0	0	0	0.07	0	0.88	0	0	0	0.11	35.1525
HG00189	0	0	0	0	0	0	0	0	0	0	0	0.01	0	0	0	0	0.01	0	0	0	0	0	0.55	0.01	0	0	0	0	0	0.94	0	0.01	0	0	0	0.47	34.6125
HG00233	0	0	0	0	0	0.01	0	0.94	0	0	0	0	0	0	0	0	0.02	0	0	0	0	0	0	0	0	0.89	0	0	0	0.01	0	0.03	0	0	0	0.1	30.4875
NA12546	0	0	0	0	0	0.9	0	0.04	0	0	0	0.01	0	0	0	0	0	0	0	0	0	0	0	0	0	0	0	0	0	0.05	0	0.89	0	0.01	0	0.1	31.4325
NA19129	0	0	0	0	0	0	0.94	0	0	0	0	0	0	0	0	0	0.94	0	0	0	0	0	0	0	0	0	0	0	0	0	0	0	0	0	0	0.12	27.92
NA20525	0	0	0	0	0	0	0	0	0	0	0	0	0	0	0	0	0.01	0	0	0	0	0	0.55	0	0	0.07	0	0	0	0.74	0	0.14	0	0	0	0.49	34.7125
NA19144	0	0	0	0	0	0	0	0	0	0	0	0	0	0	0	0	0.94	0	0	0	0	0	0	0	0	0.94	0	0	0	0	0	0	0	0	0	0.12	32.385
NA12058	0	0	0	0	0	0	0	0	0	0	0.44	0	0	0	0	0.01	0.97	0	0	0	0	0.03	0.14	0	0	0	0	0	0	0	0	0	0	0	0	0.41	30.93
NA20516	0	0	0	0	0	0	0	0.94	0	0	0	0	0	0	0	0	0.23	0	0	0	0	0	0.59	0	0	0	0	0	0	0	0	0	0	0	0	0.24	29.69
NA20797	0	0	0	0	0	0.57	0	0.15	0	0	0	0.22	0	0	0	0	0	0	0	0	0	0	0	0	0	0	0	0	0	0.94	0	0.01	0	0	0	0.11	31.1125
HG00178	0	0	0	0	0	0	0	0	0	0	0	0	0	0	0	0	0	0	0	0	0.94	0	0	0	0	0	0	0	0	0	0	0	0	0.94	0	0.12	35.91
NA11832	0	0	0	0	0	0	0	0	0	0	0	0	0	0.01	0	0	0	0	0	0.87	0	0	0	0	0	0	0	0	0	0.85	0	0.17	0	0	0	0.1	34.325
NA18520	0	0	0	0	0.16	0	0.78	0	0	0.01	0	0.94	0	0	0	0	0	0	0	0	0	0	0	0	0	0	0	0	0	0	0	0	0	0	0	0.11	26.78
HG00263	0	0	0	0	0	0	0	0	0	0	0	0	0	0	0	0	0.8	0	0	0	0	0	0.15	0	0	0.94	0	0	0	0	0	0	0	0	0	0.11	32.515
HG00127	0	0	0	0	0.03	0	0	0.01	0	0	0	0.67	0	0	0	0	0.14	0	0	0	0	0	0.1	0	0	0.7	0	0	0	0.11	0	0.14	0	0.01	0	0.09	32.07
HG00326	0	0	0	0	0.94	0	0	0	0	0	0	0	0	0	0	0	0	0	0	0	0	0	0.94	0	0	0	0	0	0	0	0	0	0	0	0	0.12	27.92
NA20531	0	0	0	0	0	0	0	0	0	0	0	0	0	0	0	0	0	0	0	0	0	0	0	0	0	1.88	0	0	0	0	0	0	0	0	0	0.12	34.03
HG00310	0	0	0	0	0.04	0	0.92	0	0	0	0	0.83	0	0	0	0	0.08	0	0	0	0	0	0.02	0	0	0	0	0	0	0	0	0	0	0	0	0.11	26.99
HG00378	0	0	0	0	0	0	0	0.08	0	0	0	0.01	0	0	0	0	0.51	0	0	0	0	0	0.34	0	0	0	0	0	0	0.04	0	0	0	0.9	0	0.12	35.295
NA12342	0	0.01	0	0	0	0	0	0.09	0	0	0	0.46	0	0	0	0	0.41	0	0	0.08	0	0	0	0	0	0.13	0	0	0	0.63	0	0.09	0	0	0	0.1	32.3675
NA19206	0	0	0	0	0	0	0	0	0	0	0	0	0	0	0	0	1.81	0	0	0	0	0	0.07	0	0	0	0	0	0	0	0	0	0	0	0	0.12	30.81
NA20752	0	0	0	0	0	0	0	0	0	0	0	0.08	0	0	0	0	0	0	0	0	0.94	0	0	0	0	0.01	0	0	0	0.85	0	0.01	0	0	0	0.11	33.7375
HG00157	0	0	0	0	0.94	0	0	0	0	0	0	0	0	0	0	0	0.06	0	0	0	0	0	0.8	0	0	0	0	0	0	0	0.04	0	0	0	0	0.16	27.98
HG00258	0	0	0	0	0	0	0	0	0	0	0	0	0	0	0	0	0	0	0	0.51	0	0	0	0	0	0.95	0	0	0	0.38	0	0.03	0	0.02	0	0.11	34.0175
HG00177	0	0	0	0	0.94	0	0	0	0	0	0	0	0	0	0	0	0	0	0	0	0	0	0	0	0	0.9	0	0	0	0.02	0	0.03	0	0	0	0.11	28.7025
HG00353	0	0	0	0	0	0	0	0	0	0	0	0	0	0	0	0	0.04	0	0	0	0	0	0	0	0	0.46	0	0	0	1.38	0	0.01	0	0	0	0.11	35.3575
NA19114	0	0	0	0	0.92	0	0.03	0	0	0	0	0	0	0	0	0	0	0	0	0.94	0	0	0	0	0	0	0	0	0	0	0	0	0	0	0	0.11	27.655
HG00131	0	0	0	0	0	0	0	0	0	0.94	0	0.94	0.01	0	0	0	0	0	0	0	0	0	0	0	0	0	0	0	0	0	0	0	0	0	0	0.11	27.89
HG00372	0	0	0	0	0	0	0	0	0	0	0	0.43	0	0	0	0	0	0	0	0.07	0	0	0.52	0	0	0.01	0	0	0	0.73	0	0.14	0	0	0	0.1	33.3925
NA19092	0	0	0	0	0	0	0.94	0	0	0	0	0	0	0	0	0	0.94	0	0	0	0	0	0	0	0	0	0	0	0	0	0	0	0	0	0	0.12	27.92
NA10847	0	0	0	0	0	0	0	0	0	0	0	0.04	0	0	0	0	1.01	0	0	0	0	0	0.16	0	0	0	0	0	0	0.01	0	0.02	0	0.65	0	0.11	34.03
HG00277	0	0	0	0	0	0	0	0	0	0	0	0	0	0	0	0	1.88	0	0	0	0	0	0	0	0	0	0	0	0	0	0	0	0	0	0	0.12	30.74
NA18510	0	0	0	0	0	0	0.04	0	0.07	0.57	0	0.87	0.14	0	0	0	0.08	0	0.04	0	0	0	0	0	0.02	0	0	0	0	0.09	0	0	0	0	0	0.08	28.5175
NA12399	0	0	0	0	0	0.94	0	0	0	0	0	0	0	0	0	0	0	0.12	0	0	0	0	0	0.83	0	0	0	0	0	0	0	0	0	0	0	0.11	28.73
HG00327	0	0	0	0	0	0	0	0	0	0	0	0	0	0	0	0	0	0	0	0	0	0	0	0	0	0.95	0	0	0	0.92	0	0	0	0	0	0.13	34.9525
NA19247	0	0	0	0	0	0	0.04	0	0.06	0.66	0	0	0.11	0	0	0	0	0	0.94	0	0	0	0	0	0	0	0	0	0	0.08	0	0	0	0	0	0.11	29.27
HG00332	0	0	0	0	0.02	0	0	0	0	0	0	0.81	0	0	0	0	0.08	0	0	0	0	0	0.97	0	0	0	0	0	0	0	0	0	0	0	0	0.12	30.82
NA18504	0	0	0	0	0	0	0	0	0	0	0	0.94	0	0	0	0	0	0	0	0.9	0	0	0	0	0	0.04	0	0	0	0	0	0	0	0.01	0	0.11	30.5725
HG00252	0	0	0	0	0	0	0	0	0	0	0	0	0	0	0	0	0	0	0	0	0	0	0.41	0	0	0.08	0	0	0	0.8	0.3	0.02	0	0.05	0	0.34	35.1425
HG00238	0	0	0	0	0	0	0	0	0.94	0	0	0	0	0	0	0	0	0	0	0	0	0	0	0	0	0.94	0	0	0	0	0	0	0	0	0	0.12	30.505
HG00342	0	0	0	0	0	0.93	0	0.01	0	0	0	0.19	0	0	0	0	0.62	0	0	0	0	0	0.13	0	0	0	0	0	0	0	0	0	0	0	0	0.12	27.87
NA20581	0	0	0	0	0	0	0	0	0	0	0	1.26	0	0	0	0	0.5	0	0	0	0	0	0.12	0	0	0	0	0	0	0	0	0	0	0	0	0.12	29.6
HG00268	0	0	0	0	0.02	0	0	0	0	0	0	1.74	0	0	0	0	0.08	0	0	0	0	0	0.05	0	0	0	0	0	0	0	0	0	0	0	0	0.11	28.95
HG00154	0	0	0	0	0	0	0	0	0	0	0	0	0	0	0	0	0.94	0	0	0	0	0	0.94	0	0	0	0	0	0	0	0	0	0	0	0	0.12	31.68
HG00371	0	0	0	0	0	0	0	0	0	0.94	0	0	0	0	0	0	0	0	0	0	0	0	0	0	0	0.01	0	0	0	0.32	0	0.62	0	0	0	0.11	32.0625
NA18870	0	0	0	0	0	0	0	0	0	0	0	0	0	0	0	0	1.5	0	0	0	0	0	0.38	0	0	0	0	0	0	0	0	0	0	0	0	0.12	31.12
NA20505	0	0	0	0	0	0	0	0	0	0	0	0.01	0	0	0	0	0.01	0	0	0	0	0	0.59	0	0	0.03	0	0	0	0.83	0	0.08	0	0	0	0.45	34.615
NA20538	0	0	0	0	0	0.94	0	0	0	0	0	0	0	0	0	0	0	0	0	0.09	0.06	0	0	0	0	0.16	0	0	0	0.53	0	0.11	0	0.01	0	0.1	30.19
HG00182	0	0	0	0	0.61	0.94	0.33	0	0	0	0	0	0	0	0	0	0	0	0	0	0	0	0	0	0	0	0	0	0	0	0	0	0	0	0	0.12	24.49
NA19207	0	0	0	0	0	0	0.94	0	0	0	0	0	0	0	0	0	0.94	0	0	0	0	0	0.01	0	0	0	0	0	0	0	0	0	0	0	0	0.11	27.91
HG00373	0	0	0	0	0	0	0.94	0.94	0	0	0	0	0	0	0	0	0	0	0	0	0	0	0	0	0	0	0	0	0	0	0	0	0	0	0	0.12	26.04
NA20800	0	0	0	0	0	0.94	0	0.93	0	0	0	0	0	0	0	0	0	0	0	0	0	0	0.01	0	0	0	0	0	0	0	0	0	0	0	0	0.12	26.07
HG00151	0	0	0	0	0	0	0	0	0	0	0	0	0	0	0	0	0	0	0	0	0.94	0	0	0	0	0.94	0	0	0	0	0	0	0	0	0	0.12	33.09
NA11829	0	0	0	0	0.94	0	0	0	0	0	0	0	0	0	0	0	0	0	0	0	0	0	0.29	0	0	0	0	0	0	0	0	0	0	0	0	0.77	28.57
HG00324	0	0	0	0	0.94	0	0	0	0	0	0	0.94	0	0	0	0	0	0	0	0	0	0	0	0	0	0	0	0	0	0	0	0	0	0	0	0.12	26.04
HG00120	0	0	0	0	0.86	0	0.06	0	0	0	0	0	0	0.03	0	0	0	0	0	0.62	0.04	0	0	0	0	0.05	0	0	0	0.17	0	0.04	0	0	0	0.13	28.3325
NA12828	0	0	0	0	0	0	0	0	0	0	0	0	0	0	0	0	0.01	0	0	0	0	0	0.97	0	0	0	0	0	0	0	0	0	0	0	0	1.02	33.51
NA12777	0	0	0	0	0	0	0	0	0	0	0	0.94	0	0	0	0	0	0	0	0	0	0	0	0	0	0.02	0	0	0	0.9	0	0.01	0	0.02	0	0.11	32.4225
NA20539	0	0	0	0	0	0	0	0	0	0	0	0.07	0	0	0	0	0.77	0	0	0.01	0	0	0.1	0.03	0	0.02	0	0	0	0.71	0	0.18	0	0	0	0.11	33.45
NA19213	0	0	0	0	0	0	0	0	0	0	0	0.94	0	0	0	0	0.94	0	0	0	0	0	0	0	0	0	0	0	0	0	0	0	0	0	0	0.12	29.8
NA19147	0	0	0	0	0.19	0	0.07	0	0	1.42	0	0	0	0	0	0	0	0	0.02	0	0	0	0	0	0.2	0	0	0	0	0	0	0	0	0	0	0.1	27.09
HG00379	0	0.02	0	0	0	0	0	0	0	0.22	0	0	0	0	0	0	0.02	0	0.58	0	0	0	0	0	0.15	0.06	0	0	0	0.72	0	0.13	0	0	0	0.1	32.8825
HG00158	0	0	0	0	0	0	0	0.94	0	0	0	0	0	0	0	0	0.93	0	0	0	0	0	0.01	0	0	0	0	0	0	0	0	0	0	0	0	0.12	28.87
HG00329	0	0	0	0	0	0.02	0	0.01	0	0	0	0.92	0	0	0	0	0	0	0	0	0	0	0	0	0	0	0	0	0	0.93	0	0	0	0.01	0	0.11	32.325
HG00344	0	0	0	0	0	0	0	0	0	0	0	0	0	0	0	0	0	0	0	0.01	0.92	0	0	0	0	0.01	0	0	0	0	0	0.94	0	0	0	0.12	34.98
NA11931	0	0	0	0	0	0	0	0	0	0	0	0.01	0	0	0	0	0.77	0	0	0.58	0	0	0.12	0	0	0.02	0	0	0	0.25	0.01	0.09	0.01	0.01	0	0.13	32.485
HG00142	0	0	0	0	0	0.94	0	0	0	0	0	0	0	0	0	0	0	0	0	0	0.94	0	0	0	0	0	0	0	0	0	0	0	0	0	0	0.12	28.625
HG00100	0	0	0	0	0	0	0	0	0	0	0	0	0	0	0	0	0	0	0	0	0	0	0	0	0	0	0	0	0	0	0	0.94	0	0.94	0	0.12	38.73
NA12843	0	0	0	0	0	0	0	0	0	0	0	0	0	0	0	0	0.32	0	0	0.1	0	0	0	0	0	0.01	0	0	0	0.72	0	0.32	0	0.43	0	0.1	36.015
NA18909	0	0	0	0	0	0	0.06	0	0	0.76	0	0	0.08	0	0	0	0	0	0.94	0	0	0	0	0	0	0	0	0	0	0.06	0	0	0	0	0	0.1	29.085
HG00243	0	0	0	0	0	0	0	0.01	0	0.94	0	0.78	0	0	0	0	0.04	0	0	0	0	0	0.11	0	0	0	0	0	0	0	0	0.01	0	0	0	0.11	28.1875
NA20806	0	0	0	0	0	0	0	0	0	0	0	0.03	0	0	0	0	1.85	0	0	0	0	0	0.01	0	0	0	0	0	0	0	0	0	0	0	0	0.11	30.7
NA20768	0	0	0	0	0	0	0	0	0	0	0	0	0	0	0	0	0	0	0	0	0	0	0.94	0	0	0	0	0	0	0.94	0	0	0	0	0	0.12	34.265
HG00123	0	0	0	0	0	0	0	0	0	0	0	0	0	0	0	0	0.48	0	0	0	0	0	0.46	0	0	0	0	0	0	0.07	0	0.87	0	0	0	0.12	34.655
NA20529	0	0	0	0	0	0	0	0	0	0	0	0.05	0	0	0	0	0.26	0	0	0.94	0	0	0.21	0	0	0	0	0	0	0	0.06	0	0	0	0	0.48	32.505
HG00122	0	0	0	0	0	0	0	0	0	0	0	0	0	0	0.01	0	0	0	0	0.26	0.24	0	0.02	0	0	0.41	0	0	0	0.62	0	0.33	0	0.01	0	0.1	34.8
NA18853	0	0	0	0	0	0	0	0	0	0	0	0.76	0	0	0	0	0.42	0	0	0	0	0	0.7	0	0	0	0	0	0	0	0	0	0	0	0	0.12	30.68
NA19189	0	0	0	0	0	0	0	0	0	0	0	0	0	0	0	0	0.94	0	0	0.09	0	0	0	0	0	0.85	0	0	0	0	0	0	0	0	0	0.12	32.295
HG00148	0	0	0	0	0.83	0	0.11	0	0	0	0	0	0	0	0	0	0.94	0	0	0	0	0	0	0	0	0	0	0	0	0	0	0	0	0	0	0.12	27.09
HG00171	0	0	0	0	0.94	0	0.01	0	0	0	0	0	0	0	0	0	0	0	0	0	0	0	0	0	0	0	0	0	0	0.71	0	0.23	0	0.01	0	0.1	29.7725
HG00331	0	0	0	0	0	0	0	0	0	0	0	0.94	0	0	0	0	0.92	0	0	0	0	0	0.02	0	0	0	0	0	0	0	0	0	0	0	0	0.12	29.82
HG00381	0	0	0	0	0.94	0.07	0	0	0	0	0	0.74	0	0	0	0	0.13	0	0	0	0	0	0.01	0	0	0	0	0	0	0	0	0	0	0	0	0.11	26.02
NA18856	0	0	0	0	0	0	0	0	0	0	0	0.43	0	0	0	0	1.45	0	0	0	0	0	0	0	0	0	0	0	0	0	0	0	0	0	0	0.12	30.31
HG00345	0	0	0	0	0	0	0	0	0	0	0	0	0	0	0	0	0.02	0	0	0.06	0.01	0	0	0	0	0.44	0	0	0	1.11	0	0.25	0	0	0	0.11	35.5325
NA18861	0	0	0	0	0	0	0	0.94	0	0	0	0.94	0	0	0	0	0	0	0	0	0	0	0	0	0	0	0	0	0	0	0	0	0	0	0	0.12	27.92
HG00185	0	0	0	0	0.02	0	0	0	0	0	0	0.81	0	0	0	0	0.08	0	0	0.07	0	0	0.04	0	0	0	0	0	0	0.71	0	0.16	0	0	0	0.11	32.475
NA07051	0	0	0	0	0	0	0	0	0	0	0	0.02	0	0	0	0	0.67	0	0	0	0	0	0.03	0	0	0	0	0	0	0.23	0	0.94	0	0	0	0.11	34.8875
NA20527	0	0	0	0	0.93	0	0.01	0	0	0.87	0	0	0.07	0	0	0	0	0	0	0	0	0	0	0	0	0	0	0	0	0	0	0	0	0	0	0.12	25.18
NA20783	0	0	0	0	0	0	0	0	0	0	0	0	0	0	0	0	0	0	0	0.02	0	0	0	0	0	0.24	0	0	0	1.48	0	0.14	0	0.01	0	0.11	35.7975
NA19137	0	0	0	0	0.52	0	0.42	0	0.01	0.88	0	0	0.03	0	0	0	0	0	0.01	0	0	0	0	0	0	0	0	0	0	0.02	0	0	0	0	0	0.11	25.625
NA19201	0	0	0	0	0	0	0	0	0	0	0	0.94	0	0	0	0	0.94	0	0	0	0	0	0	0	0	0	0	0	0	0	0	0	0	0	0	0.12	29.8
NA18488	0	0	0	0	0	0	0	0	0	0	0	0	0	0	0	0	0.74	0	0	0	0	0	1.14	0	0	0	0	0	0	0	0	0	0	0	0	0.12	31.88
HG00311	0	0	0	0	0	0	0	0	0	0	0	0.94	0	0	0	0	0	0	0	0	0	0	0	0	0	0	0	0	0	0.55	0	0.31	0.04	0.05	0	0.11	32.8625
HG00337	0	0	0	0	0	0	0	0	0	0	0	0	0	0	0	0	0.03	0	0	0.25	0	0	0	0	0	0.04	0	0	0	1.53	0	0.01	0	0.03	0	0.11	35.365
HG00257	0	0	0	0	0	0	0	0	0	0	0	0.94	0	0	0	0	0.01	0	0	0	0	0	0	0	0	0.01	0	0	0	0.88	0	0.04	0	0	0	0.12	32.3875
HG00136	0	0	0	0	0	0	0	0	0	0.94	0	0	0	0	0	0	0	0	0	0	0	0	0.05	0	0	0	0	0	0	0	0	0	0	0	0	1.01	30.69
NA20826	0	0	0	0	0.89	0	0.06	0	0	0	0	0	0	0	0	0	0	0	0	0	0	0	0	0	0	0	0	0	0	0.47	0	0.47	0	0	0	0.11	30.035
NA20518	0	0	0	0	0.86	0.93	0.08	0.01	0	0	0	0	0	0	0	0	0	0	0	0	0	0	0	0	0	0	0	0	0	0	0	0	0	0	0	0.12	24.25
NA20786	0	0	0	0	0	0	0	0	0	0	0	0	0	0	0	0	0.1	0	0	0.02	0	0	0.77	0	0	0.26	0	0	0	0.67	0	0.01	0	0.01	0	0.16	33.9875
NA20760	0	0	0	0	0	0	0.94	0	0	0	0	0	0	0	0.01	0	0	0	0	0	0	0	0	0	0	0	0	0	0	0.94	0	0	0	0	0	0.11	30.4825
HG00114	0	0	0	0	0	0	0	0	0	0	0	0	0	0	0.02	0	0	0	0	0	0.92	0	0	0	0	0.01	0	0	0	0.94	0	0	0	0	0	0.11	34.0075
HG00117	0	0	0	0	0.88	0	0.03	0	0	0	0	0	0	0	0	0	0	0	0	0	0	0	0	0	0	0	0	0	0	0.94	0	0	0	0	0	0.15	29.775
NA20534	0	0	0	0	0.01	0.02	0.14	0	0.13	0.49	0	0.87	0.08	0	0	0	0.04	0	0.07	0	0	0	0.01	0	0.02	0	0	0	0	0.02	0	0	0	0	0	0.1	28.075
NA20809	0	0	0	0	0	0	0	0	0.94	0	0	0	0	0	0	0	0	0	0	0.91	0	0	0.03	0	0	0	0	0	0	0	0	0	0	0	0	0.12	29.5725
NA12273	0	0.01	0	0	0	0	0	0	0	0	0	0.01	0	0	0	0	0.01	0	0	0	0	0	0	0	0	0.04	0	0	0	0.82	0	0.7	0	0.3	0	0.11	37.035
NA20808	0	0	0	0	0	0.94	0	0.39	0	0	0	0	0	0	0	0	0.03	0	0	0	0	0	0.53	0	0	0	0	0	0	0	0	0	0	0	0	0.11	27.65
NA19197	0	0	0	0	0	0	0	0	0	0.19	0	0.94	0	0	0	0	0	0	0.75	0	0	0	0	0	0	0	0	0	0	0	0	0	0	0	0	0.12	29.42
NA11918	0	0	0	0	0.94	0	0.01	0	0	0	0	0	0	0	0	0	0	0	0	0	0	0	0	0	0	0	0	0	0	0.94	0	0	0	0	0	0.11	29.515
NA20509	0	0	0	0	0.92	0	0	0	0	0	0	0	0	0	0	0	0	0	0	0.02	0	0	0	0	0	0.06	0	0	0	0.76	0	0.11	0	0	0	0.13	29.7025
NA20757	0	0	0	0	0.47	0	0	0	0	0	0	0.48	0	0	0	0	0	0	0	0.01	0	0	0.06	0	0	0.01	0	0	0	0.84	0	0.04	0	0	0	0.09	30.865
HG00125	0	0	0	0	0	0	0.94	0	0	0	0	0	0	0	0	0	0.01	0	0	0	0	0	0	0	0	0.03	0	0	0	0.87	0	0.04	0	0	0	0.11	30.495
NA11894	0	0	0	0	0	0	0	0	0	0	0	0	0.94	0	0	0	0	0	0	0	0	0	0	0	0	0	0	0	0	0.74	0	0.21	0	0	0	0.11	32.6025
NA18517	0	0	0	0	0	0	0	0	0	0	0	1.31	0	0	0	0	0.57	0	0	0	0	0	0	0	0	0	0	0	0	0	0	0	0	0	0	0.12	29.43
NA20798	0	0	0	0	0	0	0	0	0	0	0	0	0	0	0	0	0	0	0	0	0	0	0.94	0	0	0	0	0	0	0.94	0	0	0	0	0	0.12	34.265
NA20588	0	0	0	0	0.75	0	0.19	0	0	0	0	0	0	0	0	0	0	0	0	0.81	0.02	0	0	0	0	0.03	0	0	0	0.07	0	0.03	0	0	0	0.1	28.11
HG00285	0	0	0	0	0.94	0.94	0	0.01	0	0	0	0	0	0	0	0	0	0	0	0	0	0	0	0	0	0	0	0	0	0	0	0	0	0	0	0.11	24.12
NA19153	0	0	0	0	0	0	0	0	0	0	0	0.91	0	0	0	0	0.42	0	0	0	0	0	0.43	0	0	0	0	0	0	0	0.02	0	0	0	0	0.22	30.52
NA20804	0	0	0	0	0	0	0	0	0	0	0	0.01	0	0	0	0	0.94	0	0	0.94	0	0	0	0	0	0	0	0	0	0	0	0	0	0	0	0.11	31.415
HG00306	0	0	0	0	0	0.05	0	0	0	0	0	0.37	0	0	0	0	0.5	0	0	0	0	0	0.91	0	0	0	0	0	0	0.05	0	0	0	0	0	0.12	31.2675
NA19210	0	0	0	0	0.54	0	0.39	0	0	0.95	0	0	0	0	0	0	0	0	0	0	0	0	0	0	0	0	0	0	0	0	0	0	0	0	0	0.12	25.51
NA18908	0	0	0	0	0	0	0	0	0	0	0	0.9	0	0	0	0	0.98	0	0	0	0	0	0	0	0	0	0	0	0	0	0	0	0	0	0	0.12	29.84
NA20585	0	0	0	0	0	0.94	0	0	0	0	0	0	0	0	0	0	0	0	0	0	0	0	0	0	0	0.01	0	0	0	0.83	0	0.11	0	0	0	0.11	30.6125
NA20543	0	0	0	0	0	0	0.94	0	0	0.01	0	0.94	0	0	0	0	0	0	0	0	0	0	0	0	0	0	0	0	0	0	0	0	0	0	0	0.11	26.94
NA20508	0	0	0	0	0	0	0	0	0	0	0	0.01	0	0	0	0	1.39	0	0	0	0	0	0.47	0	0	0	0	0	0	0	0	0	0	0	0	0.13	31.22
NA18916	0	0	0	0	0	0	0	0	0	0	0	0.04	0	0	0	0	0.98	0	0	0.82	0	0	0	0	0	0.04	0	0	0	0	0	0	0	0.01	0	0.11	31.4125
NA20799	0	0	0	0	0	0	0	0	0	0	0	0.1	0	0	0	0	0.02	0	0	0	0	0	0.8	0	0	0.01	0	0	0	0.91	0	0.03	0	0	0	0.13	34.0925
NA19235	0	0	0	0	0	0	0	0	0	0	0	0	0	0	0	0	0	0	0	1.37	0	0	0	0	0	0.51	0	0	0	0	0	0	0	0	0	0.12	32.66
HG00240	0	0	0	0	0	0	0	0	0	0	0	0	0	0	0	0	0.94	0	0	0	0	0	0	0	0	0.01	0	0	0	0.58	0	0.29	0.04	0.04	0	0.1	33.76
NA20765	0	0	0	0	0	0	0	0.02	0	0	0	0.8	0	0	0	0	0.1	0	0	0	0	0	0.01	0	0	0.05	0	0	0	0.8	0	0.14	0	0	0	0.08	32.6425
NA18516	0	0	0	0	0	0	0.94	0	0	0	0	0	0	0	0	0	0.94	0	0	0	0	0	0	0	0	0	0	0	0	0	0	0	0	0	0	0.12	27.92
NA20801	0	0	0	0	0.94	0	0	0	0	0	0	0	0	0	0	0	0	0	0	0	0	0	0.94	0	0	0	0	0	0	0	0	0	0	0	0	0.12	27.92
NA18867	0	0	0	0	0	0.87	0	0.07	0	0	0	0	0	0	0	0	0.57	0	0	0	0	0	0.38	0	0	0	0	0	0	0	0	0	0	0	0	0.11	28.35
NA20524	0	0	0	0	0	0.94	0	0	0	0	0	0	0	0	0	0	0	0	0	0	0	0	0	0	0	0	0	0	0	0.94	0	0	0	0	0	0.12	30.505
HG00323	0	0	0	0	0.61	0	0.45	0	0	0	0	0	0	0	0	0	0	0	0	0.01	0.01	0	0	0	0	0.31	0	0	0	0.18	0	0.33	0	0	0	0.1	29.2
NA20589	0	0	0	0	0	0.27	0	0.68	0	0	0	0	0	0	0	0	0	0	0	0.36	0.03	0	0	0	0	0.18	0	0	0	0.22	0	0.14	0	0	0.03	0.09	30.42
NA11893	0	0	0	0	0.91	0	0.02	0.94	0	0	0	0	0	0	0	0	0	0	0	0	0	0	0	0	0	0	0	0	0	0	0	0	0	0	0	0.13	25.18
NA20502	0	0	0	0	0	0	0.67	0	0	0.24	0	0	0	0	0	0	0	0	0	0.94	0	0	0	0	0	0	0	0	0	0.04	0	0	0	0	0	0.11	29.045
HG00282	0	0	0	0	0	0	0	0	0	0	0	0	0	0	0	0	0	0	0	0.38	0.01	0	0	0	0	0.29	0	0	0	0.46	0	0.75	0	0.01	0	0.1	35.625
NA19171	0	0	0	0	0	0	0	0	0	0.94	0	0	0	0	0	0	0.57	0	0	0	0	0	0.38	0	0	0	0	0	0	0	0	0	0	0	0	0.11	29.22
NA12761	0	0	0	0	0	0.94	0	0.94	0	0	0	0	0	0	0	0	0	0	0	0	0	0	0	0	0	0	0	0	0	0	0	0	0	0	0	0.12	26.04
NA20795	0	0	0	0	0	0	0	0	0	0	0	0	0	0	0	0	0	0	0	0	0	0	1.64	0	0	0	0	0	0	0	0	0	0	0	0	0.36	32.86
NA19238	0	0	0	0	0.8	0	0.11	0	0	0.04	0	0.94	0	0	0	0	0	0	0	0	0	0	0	0	0	0	0	0	0	0	0	0	0	0	0	0.11	26.17
NA19159	0	0	0	0	0.53	0	0.27	0	0	0.02	0	0	0	0	0	0	1.08	0	0	0	0	0	0	0	0	0	0	0	0	0	0	0	0	0	0	0.1	27.73
HG00366	0	0	0	0	0	0	0	0	0	0.14	0	0	0	0	0	0	0	0	0.63	0	0	0	0.32	0	0.18	0	0	0	0	0	0.19	0	0	0	0	0.54	32.37
NA11992	0	0	0	0	0	0	0	0.11	0	0	0	0.43	0	0	0	0	0.3	0	0	0	0.94	0	0	0	0	0	0	0	0	0	0	0.11	0	0	0	0.11	31.1875
HG00141	0	0	0	0	0	0.14	0	0	0	0.01	0	0.64	0	0	0	0	0.13	0	0	0.02	0	0	0.04	0	0	0.39	0	0	0	0.31	0	0.21	0	0.02	0	0.09	32.0725
NA18873	0	0.01	0.94	0	0.01	0.26	0	0	0	0	0	0.18	0	0	0	0	0.1	0	0	0.02	0.11	0	0.07	0.01	0	0.11	0	0	0	0.07	0	0.01	0	0	0	0.1	25.55
HG00336	0	0	0	0	0	0	0	0.01	0	0	0	0.2	0	0	0	0	0.39	0	0	0	0	0	0.32	0.03	0	0	0	0	0	0.3	0	0.64	0	0	0	0.11	34.075
NA06994	0	0	0	0	0	0	0	0	0	0	0	0	0	0	0	0	0.94	0	0	0	0	0	0	0	0	0.94	0	0	0	0	0	0	0	0	0	0.12	32.385
NA19190	0	0	0	0	0	0	0	0	0	0	0	0	0	0	0	0	1.08	0	0	0	0	0	0.8	0	0	0	0	0	0	0	0	0	0	0	0	0.12	31.54
HG00186	0	0	0	0	0.94	0.7	0	0.25	0	0	0	0	0	0	0	0	0	0	0	0	0	0	0	0	0	0	0	0	0	0	0	0	0	0	0	0.11	24.36
NA20805	0	0	0	0	0	0.94	0	0	0	0	0	0.01	0	0	0	0	0.93	0	0	0	0	0	0.01	0	0	0	0	0	0	0	0	0	0	0	0	0.11	27.9
HG00325	0	0	0	0	0.94	0	0	0	0	0	0	0	0	0	0	0	0	0	0	0	0	0	0	0	0	0.01	0	0	0	0.92	0	0.01	0	0	0	0.12	29.565
NA20766	0	0	0	0	0.01	0	0	0.01	0	0	0	0.04	0	0	0	0	1.56	0	0	0	0	0	0.2	0	0	0	0	0	0	0	0	0	0	0	0	0.18	30.96
HG00183	0	0	0	0	0.94	0	0	0	0	0	0	0	0	0	0	0	0.04	0	0	0	0	0	0	0	0	0.46	0	0	0	0.44	0	0.01	0	0	0	0.11	29.0125
NA12827	0	0	0	0	0	0	0.94	0	0	0.01	0	0	0	0.01	0	0	0.03	0	0	0.83	0	0	0	0	0	0.01	0	0	0	0.03	0	0.04	0	0	0	0.1	28.73
NA12400	0	0	0	0	0	0	0	0.94	0	0.94	0	0	0	0	0	0	0	0	0	0	0	0	0	0	0	0	0	0	0	0	0	0	0	0	0	0.12	26.98
NA12760	0	0	0	0	0	0	0	0	0	0	0	0	0	0	0	0	0.08	0	0.94	0	0	0	0.86	0	0	0	0	0	0	0	0	0	0	0	0	0.12	31.6
NA20540	0	0	0	0	0	0	0	0	0	0	0	0	0	0	0	0	0.94	0	0	0.02	0	0	0.01	0	0	0.08	0	0	0	0.81	0	0.04	0	0	0	0.1	33.2425
NA20772	0	0	0	0	0	0.5	0.18	0.05	0	0.77	0	0.4	0	0	0	0	0	0	0	0	0	0	0	0	0	0	0	0	0	0	0	0	0	0	0	0.1	26.62
NA07056	0	0	0	0	0	0	0	0	0	0	0	0.38	0	0	0	0	0.37	0	0	0	0	0	0.2	0	0	0	0	0	0	0	0	0.01	0	0.94	0	0.1	35.0225
NA12154	0	0	0	0	0	0.21	0	0.73	0	0	0	0	0	0	0	0	0	0	0	0	0	0	0.94	0	0	0	0	0	0	0	0	0	0	0	0	0.12	29.59
HG00149	0	0	0	0	0	0	0	0	0	0	0	0.94	0	0	0	0	0	0	0	0	0	0	0	0	0	0.01	0	0	0	0.73	0	0.2	0	0	0	0.12	32.575
NA18912	0	0	0	0	0.53	0	0.4	0	0	0.95	0	0	0	0	0	0	0	0	0	0	0	0	0	0	0	0	0	0	0	0	0	0	0	0	0	0.12	25.52
HG00343	0	0	0	0	0.93	0	0	0	0	0.01	0	0.94	0	0	0	0	0	0	0	0	0	0	0	0	0	0	0	0	0	0	0	0	0	0	0	0.12	26.06
NA19130	0	0	0	0	0	0	0	0	0	0	0	1.17	0	0	0	0	0.7	0	0	0	0	0	0	0	0	0	0	0	0	0	0	0	0	0	0	0.13	29.59
NA12286	0	0	0	0	0	0	0	0	0	0	0	0	0	0	0	0	0	0	0	0.14	0	0	0.63	0	0	0.03	0	0	0	0.11	0	0.67	0	0	0	0.42	34.9425
NA12340	0	0	0	0	0.92	0	0	0	0	0	0	0	0	0	0	0	0	0	0	0	0	0	0	0	0	0	0	0	0	0.11	0	0.84	0	0	0	0.13	30.5325
HG00118	0	0	0	0	0	0.16	0	0	0	0	0	0.78	0	0	0	0	0	0	0	0	0.94	0	0	0	0	0	0	0	0	0	0	0	0	0	0	0.12	30.185
HG00275	0	0	0	0	0.98	0	0.9	0	0	0	0	0	0	0	0	0	0	0	0	0	0	0	0	0	0	0	0	0	0	0	0	0	0	0	0	0.12	24.12
NA19143	0	0	0	0	0	0	0	0	0	0.94	0	0.28	0.01	0	0	0	0.66	0	0	0	0	0	0	0	0	0	0	0	0	0	0	0	0	0	0	0.11	28.55
HG00280	0	0	0	0	0.02	0	0.01	0	0	0.92	0	0	0	0	0	0	0.94	0	0	0	0	0	0	0	0	0	0	0	0	0	0	0	0	0	0	0.11	28.77
NA12383	0	0	0	0	0	0	0	0	0	0	0.43	0	0	0	0	0.18	0.04	0	0	0.37	0.01	0.03	0.08	0	0	0.02	0	0	0	0.48	0	0.07	0	0	0	0.29	32.5025
NA12717	0	0	0	0	0	0	0	0	0	0	0	0	0	0.17	0	0	0	0	0	0.83	0	0	0	0	0	0.46	0	0	0	0.31	0	0.11	0	0.01	0	0.11	33.4175
NA20814	0	0	0	0	0	0	0.94	0	0	0	0	0.29	0	0	0	0	0.23	0	0	0	0	0	0.43	0	0	0	0	0	0	0	0	0	0	0	0	0.11	28.04
NA18501	0	0	0	0.94	0	0	0	0	0	0	0	0	0	0	0	0	0.94	0	0	0	0	0	0	0	0	0	0	0	0	0	0	0	0	0	0	0.12	26.98
HG00231	0	0	0	0	0	0	0	0	0	0	0	0.09	0	0	0	0	0	0	0	0.26	0.94	0	0	0	0	0.6	0	0	0	0	0	0	0	0	0	0.11	32.58
HG00242	0	0	0	0	0	0	0	0	0	0	0	0.94	0	0	0	0	0	0	0	0	0	0	0	0	0	0	0	0	0	0	0.01	0	0	0	0	1.05	31.69
NA18486	0	0	0	0	0	0	0	0	0	0	0	0.98	0	0	0	0	0.9	0	0	0	0	0	0	0	0	0	0	0	0	0	0	0	0	0	0	0.12	29.76
HG00274	0	0	0	0	0	0	0	0	0	0	0	0.93	0	0	0	0	0.94	0	0	0	0	0	0.01	0	0	0	0	0	0	0	0	0	0	0	0	0.12	29.82
HG00335	0	0	0	0	0.93	0	0.01	0	0	0	0	0	0	0	0	0	0	0	0	0	0	0	0	0	0	0.16	0	0	0	0.79	0	0	0	0	0	0.11	29.4225
HG00259	0	0	0	0	0.94	0	0	0	0	0	0	0	0	0	0	0	0	0	0	0	0	0	0.35	0	0	0	0	0	0	0	0	0	0	0	0	0.71	28.51
NA20530	0	0	0	0	0	0	0	0	0	0	0	0.94	0	0	0	0	0.01	0	0	0	0	0	0.94	0	0	0	0	0	0	0	0	0	0	0	0	0.11	30.72
HG00096	0	0	0	0	0	0	0	0.02	0	0	0	0.88	0	0	0	0	0.03	0	0	0.94	0	0	0.01	0	0	0	0	0	0	0	0	0.02	0	0	0	0.1	30.57
NA18871	0	0	0	0	0	0	0	0	0	0	0	0	0	0	0	0	0.57	0	0	0.09	0	0	0.38	0	0	0.85	0	0	0	0	0	0	0	0	0	0.11	32.655
NA20802	0	0	0	0	0	0	0	0	0	0	0	0.01	0	0	0	0	0.96	0	0	0	0	0	0.92	0	0	0	0	0	0	0	0	0	0	0	0	0.11	31.63
HG00236	0	0	0	0	0	0	0	0	0	0	0	0	0	0	0	0	0	0	0	0	0	0	0.94	0	0	0.08	0	0	0	0.8	0	0.02	0	0.05	0	0.11	34.3125
NA11920	0	0	0	0	0	0	0.94	0	0	0	0	0	0	0	0.01	0	0	0	0	0	0.92	0	0	0	0	0.01	0	0	0	0	0	0	0	0	0	0.12	28.625
HG00239	0	0	0	0	0	0	0	0	0	0	0	0	0	0	0	0	0	0	0	0.01	0	0	0.94	0	0	0.93	0	0	0	0	0	0	0	0	0	0.12	33.315
HG00265	0	0	0	0	0	0	0	0	0	0.94	0	0	0	0	0	0	0	0	0	0.08	0	0	0	0	0	0.86	0	0	0	0	0	0	0	0	0	0.12	30.425
HG00115	0	0	0	0	0	0	0	0	0	0	0	0.94	0	0	0	0	0	0	0	0	0.94	0	0	0	0	0	0	0	0	0	0	0	0	0	0	0.12	30.505
HG00244	0	0	0	0	0	0.94	0	0.01	0	0	0	0	0	0	0	0	0	0	0	0	0	0	0	0	0	0	0	0	0	0	0	0.94	0	0	0	0.11	31.405
NA18868	0	0	0	0	0	0	0	0	0	0	0	1.88	0	0	0	0	0	0	0	0	0	0	0	0	0	0	0	0	0	0	0	0	0	0	0	0.12	28.86
HG00110	0	0	0	0	0	0	0	0	0	0	0	0.94	0	0	0	0	0.92	0	0	0	0	0	0.01	0	0	0	0	0	0	0	0	0	0	0	0	0.13	29.83
HG00181	0	0	0	0	0.5	0	0.44	0	0	0	0	0	0	0	0	0	0	0	0	0	0	0	0	0	0	0	0	0	0	0	0	0	0	0	0	1.06	29.3
HG00187	0	0	0	0	1.64	0	0.1	0	0	0.14	0	0	0	0	0	0	0	0	0	0	0	0	0	0	0	0	0	0	0	0	0	0	0	0	0	0.12	23.6
HG00188	0	0	0	0	0	0	0	0	0	0	0	0	0	0	0	0	0	0	0	0	1.88	0	0	0	0	0	0	0	0	0	0	0	0	0	0	0.12	32.15
NA20542	0	0	0	0	0	0	0	0	0	0	0	0	0	0	0	0	0.73	0	0	0	0	0	0.13	0	0	0	0	0	0	0.94	0	0	0	0	0	0.2	33.615
HG00264	0	0	0	0	0	0	0	0	0	0.04	0	0	0	0	0	0	0	0	0	0	0	0	0	0	0	0.01	0	0	0	1.44	0	0.4	0	0	0	0.11	36.1175
HG00315	0	0	0	0	0.94	0	0	0	0	0	0	0.93	0	0	0	0	0	0	0	0	0	0	0.01	0	0	0	0	0	0	0	0	0	0	0	0	0.12	26.06
HG00376	0	0	0	0	0	0	0	0	0	0	0	0.93	0	0	0	0	0.01	0	0	0	0	0	0	0	0	0	0	0	0	0.01	0	0.93	0	0	0	0.12	33.325
NA20811	0	0	0	0	0	0	0	0	0	0	0	0.01	0	0	0	0	0.12	0	0	0	0	0	1.2	0	0	0	0	0	0	0	0.07	0	0	0	0	0.6	33.1
NA20785	0	0	0	0	0	0.94	0	0	0	0	0	0.94	0	0	0	0	0	0	0	0	0	0	0	0	0	0	0	0	0	0	0	0	0	0	0	0.12	26.98
HG00176	0	0	0	0	0	0	0	0	0	0	0	0	0	0	0	0	0	0	0	0.15	0	0	0	0	0	0.03	0	0	0	1.22	0	0.48	0	0.01	0	0.11	36.0875
NA18507	0	0	0	0	0	0	0	0	0	0	0	0.04	0	0	0	0	1.84	0	0	0	0	0	0	0	0	0	0	0	0	0	0	0	0	0	0	0.12	30.7
HG00261	0	0	0	0	0	0	0	0	0.94	0	0	0	0	0	0	0	0.05	0	0	0	0	0	0.2	0	0	0	0	0	0	0	0	0	0	0	0	0.81	30.44
HG00179	0	0	0	0	0.94	0	0	0.01	0	0	0	0.2	0	0	0	0	0.38	0	0	0	0	0	0.32	0.03	0	0	0	0	0	0	0	0	0	0	0	0.12	27.11
NA12776	0	0	0	0	0	0	0	0	0	0	0	0.02	0	0	0	0	0.19	0	0	0.01	0	0	0.62	0	0	0	0	0	0	0.94	0	0	0	0	0	0.22	34.1325
NA20758	0	0	0	0	0	0	0	0	0	0	0	0.06	0	0	0	0	0.88	0	0	0	0	0	0	0	0	0	0	0	0	0	0	0.94	0	0	0	0.12	34.205
NA18498	0	0	0	0	0	0	0	0	0	0	0	0	0	0	0	0	0.94	0	0.94	0	0	0	0	0	0	0	0	0	0	0	0	0	0	0	0	0.12	30.74
HG00321	0	0	0	0	0	0	0	0	0	0	0	0.91	0	0	0	0	0	0	0	0.03	0	0	0.03	0	0	0	0	0	0	0.9	0	0.02	0	0	0	0.11	32.4125
HG00313	0	0	0	0	0.99	0	0	0	0	0	0	0.65	0	0	0	0	0.2	0	0	0	0	0	0.05	0	0	0	0	0	0	0	0	0	0	0	0	0.11	26.16
HG00174	0	0	0	0	0	0.94	0	0	0	0	0	0	0	0	0	0	0	0	0	0	0	0	0	0	0	0	0	0	0	0	0	0.94	0	0	0	0.12	31.445
NA12287	0	0	0	0	0	0	0	0	0	0	0	1.78	0	0	0	0	0	0	0	0	0	0	0.1	0	0	0	0	0	0	0	0	0	0	0	0	0.12	29.06
NA20756	0	0	0	0	0.94	0	0	0	0.62	0.32	0	0	0	0	0	0	0	0	0	0	0	0	0	0	0	0	0	0	0	0	0	0	0	0	0	0.12	25.1
HG00180	0	0	0	0	0	0	0	0	0	0	0.01	0.75	0	0	0	0	1.05	0	0	0	0	0	0	0	0	0	0	0	0	0	0	0	0	0	0	0.19	30.1175
NA19257	0	0	0.94	0	0	0	0	0	0	0	0	0	0	0	0	0	0.94	0	0	0	0	0	0	0	0	0	0	0	0	0	0	0	0	0	0	0.12	26.04
HG00112	0	0	0	0	0	0	0	0	0	0	0	0	0	0	0.03	0	0	0	0	0.01	0.58	0	0	0	0	0.08	0	0	0	0.27	0	0.93	0	0	0	0.1	35.505
NA20586	0	0	0	0	1.88	0	0	0	0	0	0	0	0	0	0	0	0	0	0	0	0	0	0	0	0	0	0	0	0	0	0	0	0	0	0	0.12	23.22
NA12347	0	0	0	0	0	0	0.18	0	0	0.76	0	0.94	0	0	0	0	0	0	0	0	0	0	0	0	0	0	0	0	0	0	0	0	0	0	0	0.12	27.74
NA20517	0	0	0	0	0	0	0	0	0.62	0.32	0	0	0	0	0	0	0	0	0	0	0	0	0	0	0	0	0	0	0	0	0	0	0	0	0	1.06	30.74
HG00384	0	0	0	0	0.94	0	0	0	0	0	0	0	0	0	0	0	0	0	0	0	0	0	0	0	0	0.1	0	0	0	0.7	0	0.05	0	0.1	0	0.11	29.7225
NA12283	0	0	0	0	0	0	0	0	0	0	0	0.94	0	0	0	0	0	0	0	0	0	0	0	0	0	0	0	0	0	0.34	0	0.6	0	0	0	0.12	32.985
NA11843	0	0	0	0	0.88	0	0.06	0	0	0.01	0	0	0	0	0	0	0.94	0	0	0	0	0	0	0	0	0	0	0	0	0	0	0	0	0	0	0.11	27.0
NA20778	0	0	0	0	0	0	0	0	0	0.9	0	0	0.01	0	0	0	0	0	0.04	0	0	0	0	0	0	0	0	0	0	0.46	0	0.48	0	0	0	0.11	31.975
NA20541	0	0	0	0	0.94	0	0	0	0	0	0	0.01	0	0	0	0	0.11	0	0	0	0	0	0.78	0	0	0	0	0	0	0	0	0	0	0	0	0.16	27.83
HG00267	0	0	0	0	0.94	0	0	0	0	0	0	0	0	0	0	0	0	0	0	0	0	0	0	0	0	0.01	0	0	0	0.94	0	0	0	0	0	0.11	29.5625
NA19102	0	0	0	0	0.63	0	0.28	0	0	0.21	0	0	0	0	0	0	0.01	0	0.75	0	0	0	0	0	0.01	0	0	0	0	0.01	0	0	0	0	0	0.1	26.9575
NA12272	0	0	0	0	0	0	0	0	0	0	0	0	0	0	0	0	1.34	0	0	0	0	0	0.54	0	0	0	0	0	0	0	0	0	0	0	0	0.12	31.28
NA19141	0	0	0	0	0	0	0	0	0	0	0	1.87	0	0	0	0	0.01	0	0	0	0	0	0	0	0	0	0	0	0	0	0	0	0	0	0	0.12	28.87
NA07048	0	0	0	0	0	0	0	0	0	0	0	0	0	0	0	0	0	0	0	0	0	0	0	0	0	0	0	0	0	0.94	0	0.94	0	0	0	0.12	36.85
NA20769	0	0	0	0	0	0	0.94	0	0	0	0	0	0	0	0	0	0	0	0	0	0	0	0	0	0	0.94	0	0	0	0	0	0	0	0	0	0.12	29.565
NA20773	0	0	0	0	0	0	0	0	0	0	0	0.84	0	0	0	0	0.01	0	0	0	0	0	0	0	0	0	0	0	0	0.94	0	0.09	0	0	0	0.12	32.8225
HG00328	0	0	0	0	0	0	0	0	0	0	0	1.87	0	0	0	0	0.01	0	0	0	0	0	0	0	0	0	0	0	0	0	0	0	0	0	0	0.12	28.87
HG00106	0	0	0	0	0	0	0	0	0	0	0	0	0	0	0	0	0.01	0	0	0	0	0	0	0	0	0.83	0	0	0	1.02	0	0.02	0	0	0	0.12	35.0725
HG00361	0	0	0	0	0.84	0	0	0	0	0	0	0	0	0	0	0	0.01	0	0	0	0	0	1.02	0	0	0	0	0	0	0	0.01	0	0	0	0	0.12	28.43
HG00253	0	0	0	0	0	0	0	0.94	0	0	0	0	0	0	0	0	0.57	0	0	0	0	0	0.38	0	0	0	0	0	0	0	0	0	0	0	0	0.11	29.22
HG00155	0	0	0	0	0	0	0	0	0	0	0	0.94	0	0	0	0	0	0	0	0	0	0	0	0	0	0	0	0	0	0.94	0	0	0	0	0	0.12	32.385
NA20792	0	0	0	0	0	0.45	0	0.49	0	0	0	0.01	0	0	0	0	0	0	0	0.01	0	0	0	0	0	0	0	0	0	0.93	0	0	0	0	0	0.11	30.945
NA20759	0	0	0	0	0	0.88	0	0.06	0	0	0	0	0	0	0	0	0	0	0	0	0	0	0.83	0	0	0	0	0	0	0	0	0	0	0	0	0.23	29.03
NA18934	0	0	0	0	0	0	0	0	0	0	0	0	0	0	0	0	0.18	0	0.94	0	0	0	0.76	0	0	0	0	0	0	0	0	0	0	0	0	0.12	31.5
NA11840	0	0	0	0	0	0	0	0	0	0	0	0.22	0	0	0	0	0.42	0	0	0	0	0	0.28	0.03	0	0.01	0	0	0	0.06	0	0.51	0	0.37	0	0.1	34.6425
HG00109	0	0	0	0	0.01	0	0	0	0	0.93	0	0	0	0	0	0	0	0	0	0	0.94	0	0	0	0	0	0	0	0	0	0	0	0	0	0	0.12	29.545
NA18511	0	0	0	0	0.58	0	0.36	0	0	0.01	0	0.65	0	0	0	0	0.29	0	0	0	0	0	0	0	0	0	0	0	0	0	0	0	0	0	0	0.11	26.65
HG01334	0	0	0	0	0	0	0	0	0	0	0	0.94	0	0	0	0	0	0	0	0.94	0	0	0	0	0	0	0	0	0	0	0	0	0	0	0	0.12	30.505
NA12842	0	0	0	0	0	0	0	0	0	0	0	0.01	0	0	0	0	0.94	0	0	0	0	0	0	0	0	0	0	0	0	0.03	0	0.91	0	0	0	0.11	34.205
HG00338	0	0	0	0	0	0	0	0	0	0	0	0	0	0	0.01	0	0	0	0	0	0.94	0	0	0	0	0.19	0	0	0	0.75	0	0	0	0	0	0.11	33.8175
HG00269	0	0	0	0	0.94	0	0.01	0	0	0	0	0	0	0	0	0	0	0	0	0	0	0	0	0	0	0.81	0	0	0	0.13	0	0	0	0	0	0.11	28.705
HG00173	0	0	0	0	0	0.94	0	0	0	0	0	0	0	0	0	0	0	0	0	0	0	0	0	0	0	0	0	0	0	0.94	0	0	0	0	0	0.12	30.505
NA06986	0	0	0	0	0	0	0	0	0	0	0	0.05	0	0	0	0	0.34	0	0	0	0	0	0.05	0	0	0	0	0	0.01	0	0	0.94	0	0	0	0.61	35.2675
NA12003	0	0	0	0	0	1.82	0	0.05	0	0	0	0.01	0	0	0	0	0	0	0	0	0	0	0	0	0	0	0	0	0	0	0	0	0	0	0	0.12	25.17
NA20774	0	0	0	0	0	0.63	0	0.32	0	0	0	0	0	0	0	0	0	0	0	0.04	0	0	0	0	0	0.07	0	0	0	0.76	0	0.08	0	0	0	0.1	30.7125
NA20828	0	0	0	0	0	0	0	0	0	0	0	0.94	0	0	0	0	0	0	0	0	0	0	0	0	0	0.1	0	0	0	0.72	0	0.12	0	0	0	0.12	32.405
HG00284	0	0	0	0	0	0.9	0	0.04	0	0	0.01	0	0	0	0	0	0.86	0	0	0	0	0	0	0	0	0	0	0	0	0	0	0	0	0	0	0.19	28.0875
NA12750	0	0	0	0	0	0	0	0	0	0	0	0	0	0	0	0	0	0	0	0	0	0	0	0	0	0.79	0	0	0	1.09	0	0	0	0	0	0.12	35.12
NA18522	0	0	0	0	0.18	0	0.98	0	0	0.71	0	0	0	0	0	0	0	0	0.02	0	0	0	0	0	0	0	0	0	0	0	0	0	0	0	0	0.11	25.64
NA12275	0	0	0	0	0	0	0	0	0	0	0	0	0	0	0	0	0.94	0	0	0	0	0	0.01	0	0	0.94	0	0	0	0	0	0	0	0	0	0.11	32.375
NA20528	0	0	0	0	0	0.01	0	0	0	0	0	0.47	0	0	0.03	0	0	0	0	0.01	0.69	0	0.47	0	0	0.21	0	0	0	0.01	0	0.01	0	0	0	0.09	31.6
NA18910	0	0	0	0	0	0.01	0	0.92	0	0	0	0.01	0	0	0	0	0.57	0	0	0	0	0	0.38	0	0	0	0	0	0	0	0	0	0	0	0	0.11	29.22
HG00272	0	0	0	0	0.02	0	0	0	0	0	0	0.81	0	0	0	0	0.08	0	0	0	0	0	0.04	0	0	0	0	0	0	0	0	0.94	0	0	0	0.11	33.395
HG00138	0	0	0	0	0.94	0.17	0	0	0	0.01	0	0.77	0	0	0	0	0.01	0	0	0	0	0	0	0	0	0	0	0	0	0	0	0	0	0	0	0.1	25.64
HG00159	0	0	0	0	0	0	0	0	0	0	0	0.52	0	0	0	0	0.03	0	0	0.51	0	0	0.39	0	0	0	0	0	0	0.44	0	0.01	0	0	0	0.1	32.2
HG00108	0	0	0	0	0	0	0	0	0	0	0	0	0	0	0	0	0.94	0	0	0	0	0	0.46	0.01	0	0	0	0	0	0	0.48	0	0	0	0	0.11	32.63
NA19256	0	0	0	0	0.47	0	1.4	0	0	0.01	0	0	0	0	0	0	0	0	0	0	0	0	0	0	0	0	0	0	0	0	0	0	0	0	0	0.12	24.64
HG00111	0	0	0	0	0.01	0	0.94	0	0	0	0	0	0	0	0	0	0	0	0	0	0	0	0	0	0	0	0	0	0	0.94	0	0	0	0	0	0.11	30.445
HG00143	0	0	0	0	0	0	0	0	0	0	0	0	0	0.02	0	0	0	0	0	0.17	0	0	0.62	0	0	0.02	0	0	0	0.41	0.03	0.34	0	0	0	0.39	34.55
NA19119	0	0	0	0	0	0	0	0	0	0	0	0.94	0	0	0	0	0	0	0.94	0	0	0	0	0	0	0	0	0	0	0	0	0	0	0	0	0.12	29.8
NA12751	0	0	0	0	0	0	0	0	0	0	0	0.01	0	0	0	0	0.94	0	0	0	0	0	0	0	0	0	0	0	0	0.93	0	0	0	0.01	0	0.11	33.315
HG00121	0	0	0	0	0	0	0	0	0	0	0	0	0	0	0.01	0	0	0	0	0	0.93	0	0	0	0	0.01	0	0	0	0.94	0	0	0	0	0	0.11	34.0175
NA20515	0	0	0	0	0	0.02	0	0.01	0	0	0	0.47	0.94	0	0	0	0.31	0	0	0	0	0	0.12	0	0	0	0	0	0	0.01	0	0.01	0	0	0	0.11	29.415
NA20512	0	0	0	0	0	0.94	0	0	0	0.69	0	0	0.11	0	0	0	0	0	0.1	0	0	0	0	0	0.03	0	0	0	0	0.03	0	0	0	0	0	0.1	26.5025
NA06989	0	0	0	0	0.91	0	0.02	0	0	0.94	0	0	0	0	0	0	0	0	0	0	0	0	0	0	0	0	0	0	0	0	0	0	0	0	0	0.13	25.18
HG00281	0	0	0	0	1.43	0	0.45	0	0	0	0	0	0	0	0	0	0	0	0	0	0	0	0	0	0	0	0	0	0	0	0	0	0	0	0	0.12	23.67
HG00383	0	0	0	0	0.04	0	0	0	0	0.92	0	0.81	0	0	0	0	0.08	0	0	0	0	0	0.04	0	0	0	0	0	0	0	0	0	0	0	0	0.11	27.95
NA12716	0	0	0	0	0	0	0	0	0	0	0	0	0	0	0	0	0	0	0	0	0	0	0.93	0	0	0	0	0	0	0.68	0	0.26	0	0	0	0.13	34.535
NA12718	0	0	0	0	0.94	0	0	0	0	0	0	0.94	0	0	0	0	0	0	0	0	0	0	0.01	0	0	0	0	0	0	0	0	0	0	0	0	0.11	26.03
HG00137	0	0	0	0	0	0	0	0	0	0	0	0	0	0	0	0	0.24	0	0	0	0	0	1.38	0	0	0	0	0	0	0	0	0	0	0	0	0.38	32.64
NA20790	0	0	0	0	0	0	0	0	0	0	0	0	0	0	0	0	0	0	0	0.83	0	0	0.94	0	0	0.11	0	0	0	0	0	0	0	0	0	0.12	32.495
NA18489	0	0	0	0	0	0	0.94	0	0	0	0	0	0	0	0	0	0	0	0	0.69	0	0	0	0	0	0.25	0	0	0	0	0	0	0	0	0	0.12	28.875
HG00334	0	0	0	0	0	0	0	0	0	0	0	0	0	0	0	0	0	0	0.94	0	0	0	0	0	0	0	0	0	0	0	0	0.94	0	0	0	0.12	34.265
NA20803	0	0	0	0	0	0.3	0	0	0	0	0	0.64	0	0	0	0	0.15	0	0	0	0	0	0.5	0	0	0	0	0	0	0	0	0	0	0	0	0.41	30.28
NA11892	0	0	0	0	0	0.94	0	0	0	0	0	0	0	0	0	0	0	0	0	0	0	0	0	0	0	0.17	0	0	0	0.77	0	0	0	0	0	0.12	30.335
HG00232	0	0	0	0	0	0	0	0	0	0	0	0	0	0	0	0	0.57	0	0	0.02	0.9	0	0.38	0	0	0.02	0	0	0	0.01	0	0	0	0	0	0.1	31.8325
HG00369	0	0	0	0	0.94	0	0	0	0	0	0	0	0	0	0	0	0	0	0	0	0	0	0	0	0	0	0	0	0	0.94	0	0	0	0	0	0.12	29.565
NA19152	0	0	0	0	0	0	0	0	0	0	0	0.94	0	0	0	0	0.94	0	0	0	0	0	0	0	0	0	0	0	0	0	0	0	0	0	0	0.12	29.8
NA07037	0	0	0	0	0.94	0	0.83	0	0	0.12	0	0	0	0	0	0	0	0	0	0	0	0	0	0	0	0	0	0	0	0	0	0	0	0	0	0.11	24.23
NA11831	0	0	0	0	0	0	0.01	0	0	0.11	0	0	0.01	0	0	0	0.94	0	0.61	0	0	0	0	0	0.21	0	0	0	0	0	0	0	0	0	0	0.11	30.67
HG00133	0	0	0	0	0	0	0	0.94	0	0	0	0	0	0	0	0	0	0	0	0	0	0	0	0	0	0.01	0	0	0	0.94	0	0	0	0	0	0.11	31.4425
NA19248	0	0	0	0	0	0	0	0	0	0	0	0.94	0	0	0	0	0.94	0	0	0	0	0	0	0	0	0	0	0	0	0	0	0	0	0	0	0.12	29.8
NA11830	0	0	0	0	0	0	1.86	0	0	0.01	0	0	0	0	0	0	0	0	0	0	0	0	0	0	0	0	0	0	0	0	0	0	0	0	0	0.13	25.16
HG00126	0	0	0	0	0	0	0	0.01	0	0	0	0.9	0	0	0	0	0.02	0	0	0	0	0	0.94	0	0	0	0	0	0	0	0	0.03	0	0	0	0.1	30.8325
NA20813	0	0	0	0	0.86	0	0.08	0	0	0	0	0.15	0	0	0	0	0.79	0	0	0	0	0	0	0	0	0	0	0	0	0	0	0	0	0	0	0.12	26.91
NA11994	0	0	0	0	0.94	0.94	0	0	0	0	0	0	0	0	0	0	0	0	0	0	0	0	0	0	0	0	0	0	0	0	0	0	0	0	0	0.12	24.16
NA19209	0	0	0	0	0	0	0	0	0	0	0	0	0	0	0	0	0.94	0	0	0.11	0	0	0	0	0	0.83	0	0	0	0	0	0	0	0	0	0.12	32.275
HG00255	0	0	0	0	0	0	0.94	0	0	0	0	0.94	0	0	0	0	0.01	0	0	0	0	0	0	0	0	0	0	0	0	0	0	0	0	0	0	0.11	26.96
NA19225	0	0	0	0	0	0.73	0	0.19	0	0	0	0.03	0	0	0	0	0	0	0	0.12	0	0	0	0	0	0.83	0	0	0	0	0	0	0	0	0	0.1	29.6425
NA20532	0	0	0	0	0	0	0	0.01	0	0	0	1	0	0	0	0	0.37	0.01	0	0	0	0	0.22	0.06	0	0	0	0	0	0	0	0	0	0	0	0.33	30.42
NA18923	0	0	0	0	0	0	0	0	0	0	0	0	0	0	0	0	1.88	0	0	0	0	0	0	0	0	0	0	0	0	0	0	0	0	0	0	0.12	30.74
NA20812	0	0	0	0	0	0.94	0	0	0	0	0	0	0	0	0	0	0	0	0	0	0	0	0.25	0	0	0	0	0	0	0	0	0	0	0	0	0.81	29.55
HG00250	0	0	0	0	1.86	0	0.01	0	0	0	0	0	0	0	0	0	0	0	0	0	0	0	0	0	0	0	0	0	0	0	0	0	0	0	0	0.13	23.29
HG00256	0	0	0	0	0	0	0	0.15	0	0	0	0.8	0	0	0	0	0.38	0	0	0	0	0	0.56	0	0	0	0	0	0	0	0	0	0	0	0	0.11	30.18
HG00262	0	0	0	0	0	0	0	0	0	0.94	0	0	0	0	0	0	0	0	0	0.93	0	0	0	0	0	0.01	0	0	0	0	0	0	0	0	0	0.12	29.575
NA12348	0	0	0	0	0	0.01	0	0	0.33	0.62	0	0	0	0	0	0	0.32	0	0	0	0	0	0.56	0	0	0	0	0	0	0	0	0	0	0	0	0.16	29.45
NA18858	0	0	0	0	0	0	0	0	0	0.19	0	0.67	0	0	0	0	0.27	0	0.75	0	0	0	0	0	0	0	0	0	0	0	0	0	0	0	0	0.12	29.69
NA20754	0	0	0	0	0	0	0	0.8	0	0	0	0	0	0	0	0	0.01	0	0	0	0	0	0.14	0	0	0	0	0	0	0.94	0	0	0	0	0	0.11	31.845
NA12775	0	0	0	0	1.88	0	0	0	0	0	0	0	0	0	0	0	0	0	0	0	0	0	0	0	0	0	0	0	0	0	0	0	0	0	0	0.12	23.22
NA20510	0	0	0	0	0.89	0	0	0	0	0	0	0.84	0	0	0	0	0.02	0	0	0	0	0	0.07	0	0	0	0	0	0	0	0	0	0	0	0	0.18	26.53
NA11930	0	0	0	0	1.07	0	0.81	0	0	0	0	0	0	0	0	0	0	0	0	0	0	0	0	0	0	0	0	0	0	0	0	0	0	0	0	0.12	24.03
NA19138	0	0	0	0	0	0	0	0	0	0	0	0	0	0	0	0	1.88	0	0	0	0	0	0	0	0	0	0	0	0	0	0	0	0	0	0	0.12	30.74
NA18499	0	0	0	0	0	0	0.04	0	0.06	0.58	0	0	0.14	0	0	0	0	0	0.97	0	0	0	0	0	0.02	0	0	0	0	0.08	0	0	0	0	0	0.11	29.42
NA19093	0	0	0	0	0	0	0	0	0	0	0	0.94	0.91	0	0	0	0.01	0	0	0	0	0	0.01	0	0	0	0	0	0	0	0	0	0	0	0	0.13	28.92
HG00367	0	0	0	0	0	0.94	0	0	0	0	0	0	0	0	0	0	0.48	0	0	0	0	0	0.01	0	0	0	0	0	0	0	0	0	0	0	0	0.57	28.83
NA19108	0	0	0	0	0	0	0.97	0	0.04	0.73	0	0	0.09	0	0	0	0	0	0	0	0	0	0	0	0	0	0	0	0	0.06	0	0	0	0	0	0.11	26.345
NA19200	0	0	0	0	0	0	0	0.01	0	0	0	0.03	0.73	0	0	0.01	0.07	0	0.94	0	0	0.01	0.06	0	0	0	0	0	0	0	0.01	0	0	0	0	0.13	30.075
HG00278	0	0	0	0	0.94	0	0	0	0	0	0	0	0	0	0	0	0	0	0	0	0	0	0	0	0	0	0	0	0	0	0	0.94	0	0	0	0.12	30.505
HG00309	0	0	0	0	0.89	0	0.01	0	0	0	0	0	0	0	0	0	0	0	0	0	0	0	0	0	0	0	0	0	0	0.94	0	0.01	0	0	0	0.15	29.8325
HG00139	0	0	0	0	0	0.94	0.91	0	0	0.04	0	0	0	0	0	0	0	0	0	0	0	0	0	0	0	0	0	0	0	0	0	0	0	0	0	0.11	25.09
NA19098	0	0	0	0	0	0.01	0	0	0	0	0	1.84	0	0	0	0	0.03	0	0	0	0	0	0	0	0	0	0	0	0	0	0	0	0	0	0	0.12	28.87
HG00271	0	0	0	0	0.94	0	0	0	0	0	0	0.08	0	0	0	0	0.22	0	0	0	0	0	0.02	0	0	0	0	0	0	0.62	0	0	0	0	0	0.12	28.625
NA20520	0	0	0	0	0	0	0	0	0	0	0	0	0	0	0	0	0	0	0	0	0	0	0	0	0	0.01	0	0	0	1.76	0	0.11	0	0	0	0.12	36.01
HG00246	0	0	0	0	0	0.94	0	0	0	0	0.16	0	0	0	0	0.29	0.04	0	0	0	0	0.03	0.13	0	0	0	0	0	0	0	0	0	0	0	0	0.41	28.38
NA12045	0	0	0	0	0	0	0.94	0	0	0.01	0	0	0	0	0	0	0	0	0	0	0	0	0	0	0	0	0	0	0	0	0	0.94	0	0	0	0.11	31.405
NA12889	0	0	0	0	0	0.04	0	0	0	0	0	0.32	0	0	0	0	0.43	0	0	0	0	0	0.01	0	0	0.94	0	0	0	0.16	0	0	0	0	0	0.1	32.355
HG00276	0	0	0	0	0	0	0	0	0	0	0	0.93	0	0	0	0	0.01	0	0	0	0	0	0	0	0	0	0	0	0	0.02	0	0.92	0	0	0	0.12	33.315
NA12830	0	0	0	0	0	0	0	0	0	0	0	0	0	0	0	0	0	0	0.94	0	0	0	0	0	0	0.67	0	0	0	0	0	0.27	0	0.01	0	0.11	32.9525
NA18519	0	0	0	0	0	0	0	0	0	0	0	1.88	0	0	0	0	0	0	0	0	0	0	0	0	0	0	0	0	0	0	0	0	0	0	0	0.12	28.86
NA06984	0	0	0	0	0.72	0.72	0	0.22	0	0	0	0	0	0	0	0	0.23	0	0	0	0	0	0	0	0	0	0	0	0	0	0	0	0	0	0	0.11	25.24
HG00320	0	0	0	0	0	0	0	0	0	0	0	0	0	0.01	0	0	0.94	0	0	0.92	0	0	0	0	0	0.01	0	0	0	0	0	0	0	0	0	0.12	31.445
NA19223	0	0	0	0	0.79	0	0	0	0	0	0	0	0	0	0	0	0	0	0.15	0.08	0	0	0	0	0	0.86	0	0	0	0	0	0	0	0	0	0.12	29.145
NA19107	0	0	0	0	0	0	0	0	0	0	0	0.94	0	0	0	0	0.94	0	0	0	0	0	0	0	0	0	0	0	0	0	0	0	0	0	0	0.12	29.8
HG00382	0	0	0	0	0.91	0	0	0	0	0.03	0	0	0	0	0	0	0	0	0	0	0	0	0.01	0	0	0	0	0	0	0	0	0.01	0	0	0	1.04	28.9275
HG00119	0	0	0	0	0	0.94	0	0.01	0	0	0	0	0	0	0	0	0	0	0	0	0	0	0	0	0	0	0	0	0	0.42	0	0.52	0	0	0	0.11	30.985
