	9	10	11	11	12	13	14	15	15	16	16	18	19	17	Beta
NA19131	0	0.02	0.02	0	0	0	0.05	0	0.27	0	0.62	0	0	1.02	32.43
NA19198	0	0	0	0	0	0	0	0	1.3	0	0.01	0	0	0.69	31.39
HG00273	0	0	0	0	0	0	0	0	0.69	0	1.27	0	0	0.04	31.35
HG00150	0	0	0	0	0	0.03	0.98	0	0.02	0	0.83	0.01	0	0.13	30.08
HG00145	0	0	0.12	0	0	0	0.05	0	0.71	0	0.98	0	0	0.14	30.73
HG00339	0	0	0	0	0	0	0.02	0	0.04	0	1.83	0.01	0	0.1	32.04
HG00102	0	0	0	0	0	0	0	0	0.98	0	0.98	0	0	0.04	31.06
NA18523	0	0.03	0.81	0	0.03	0	0.9	0	0.05	0	0.03	0	0	0.15	25.95
HG00346	0	0	0.01	0	0	0	0	0	0.98	0	0.98	0.01	0	0.02	31.01
NA12249	0	0	0	0	0	0	0	0	1.24	0	0	0	0	0.76	31.52
HG00266	0	0	0	0	0	0	0	0	0.98	0	0.96	0	0	0.06	31.08
NA12413	0	0	0	0	0	0	0	0	0.08	0	1.87	0	0	0.05	31.97
NA19236	0	0	0	0	0	0	0	0	0.98	0	0	0	0	1.02	32.04
NA20544	0	0	0	0	0	0	0	0	0	0	1.95	0	0	0.05	32.05
NA19204	0	0.03	0.12	0	0	0	0.01	0	1.79	0	0.02	0	0	0.03	29.44
HG00103	0	0	0	0	0	0	0	0	1.03	0	0.93	0	0	0.04	31.01
NA20582	0	0	0	0	0	0	0	0	1.95	0	0	0	0	0.05	30.1
NA19172	0	0.98	0.16	0	0	0	0	0	0.76	0	0.03	0	0	0.07	24.63
NA20815	0	0	0	0	0	0	0	0	1.54	0	0.41	0	0	0.05	30.51
HG00375	0	0	0	0	0	0	0	0	0.98	0	0.98	0	0	0.04	31.06
NA18933	0	0.13	0	0	0.01	0	0.1	0	0.52	0	1.13	0	0	0.11	30.57
HG00245	0	0	0.01	0	0.01	0.09	0	0	0.03	0	1.76	0.01	0	0.09	31.72
HG00319	0	0	0.98	0	0	0	0	0	0	0	0.98	0	0	0.04	27.14
NA12155	0	0	0	0	0	0	0	0	0.98	0	0.98	0	0	0.04	31.06
NA12749	0	0	0	0	0	0	0.03	0	0.9	0	1.01	0	0	0.06	31.1
HG00341	0	0	0	0	0	0	0.98	0	0	0	0	0	0	1.02	31.06
NA20771	0	0	0	0	0	0	0.01	0	1.87	0	0.04	0	0	0.08	30.19
NA20761	0	0	0	0	0	0.98	0	0	0	0	0.98	0	0	0.04	29.1
NA12341	0	0	0	0	0	0	0	0	0.06	0	0.98	0	0	0.96	32.9
HG00380	0	0	0	0	0	0	0	0	1.95	0	0	0	0	0.05	30.1
NA12763	0	0	0	0	0	0	0	0	0.99	0	0.96	0	0	0.05	31.06
NA18917	0	0	0.02	0	0	0	0.81	0	0.38	0	0.03	0	0	0.76	30.66
HG00116	0	0	0.02	0	0	0	0	0	1.94	0	0	0	0	0.04	30.0
HG00260	0	0	0	0	0	0	0.12	0	1.36	0	0.39	0	0	0.13	30.53
NA18907	0	0	0.46	0	0	0	0.01	0	0.64	0	0.85	0	0	0.04	29.08
NA20770	0	0	0	0	0	0	0.98	0	0.98	0	0	0	0	0.04	29.1
NA20807	0	0	0.98	0	0	0	0	0	0.98	0	0	0	0	0.04	26.16
NA20796	0	0	0	0	0.04	0	0	0	0	0	1.01	0	0	0.95	32.79
NA19160	0	0	0.98	0	0	0	0	0	0.98	0	0	0	0	0.04	26.16
NA20810	0	0	0	0	0	0	0	0	0.98	0	0.97	0	0	0.05	31.07
NA20787	0	0	0	0	0	0	0	0	1.46	0	0	0	0	0.54	31.08
NA07347	0	0	0	0	0	0	0	0	0.98	0	0	0	0	1.02	32.04
HG00101	0	0	0	0	0.03	0	0	0	0	0	1.77	0	0	0.2	32.08
HG00160	0	0	0.98	0	0	0	0	0	0	0	0.98	0	0	0.04	27.14
HG00251	0	0	0	0	0	0	0	0	1.95	0	0	0	0	0.05	30.1
HG00146	0	0	0	0	0	0	0	0	1.95	0	0	0	0	0.05	30.1
NA20819	0	0	0.98	0	0	0	0	0	0	0	0.98	0	0	0.04	27.14
NA12778	0	0	0	0	0	0	0	0	1.93	0	0.03	0	0	0.04	30.11
NA12890	0	0	0	0	0	0	0	0	0.98	0	0.08	0	0	0.94	31.96
NA20535	0	0	0	0	0	0	0	0	0.88	0	1.02	0	0	0.1	31.22
NA19116	0	0	0.02	0	0	0	0.01	0	0.88	0	0.07	0	0	1.02	32.02
NA20506	0	0	0	0	0	0	0	0	0.98	0	0.98	0	0	0.04	31.06
HG00330	0	0	0	0	0	0	0	0	0.98	0	0.02	0.94	0	0.06	32.96
HG00189	0	0	0.98	0	0	0	0	0	0	0	0	0.33	0	0.69	28.45
HG00233	0	0	0	0	0	0	0.02	0	0.27	0.03	1.52	0.13	0	0.03	31.98
NA12546	0	0	0.84	0	0	0	0	0	1.04	0	0.08	0	0	0.04	26.8
NA19129	0	0.01	0	0	0	0	0.96	0	0.02	0	0	0	0	1.01	31.01
NA20525	0	0	0	0	0	0	0	0	0.04	0	1.85	0	0	0.11	32.07
NA19144	0	0	0.01	0	0	0	0.03	0	1.22	0	0.18	0	0	0.56	31.23
NA12058	0	0	0.98	0	0.01	0	0	0	0.05	0	0.93	0	0	0.03	27.04
NA20516	0	0	0	0	0	0	0.98	0	0.01	0	0.98	0	0	0.03	30.06
NA20797	0	0	0	0	0	0	0.16	0	0.3	0	1.4	0	0	0.14	31.52
HG00178	0	0	0	0	0	0	0	0	1.95	0	0	0	0	0.05	30.1
NA11832	0	0	0	0	0	0	0	0	0.94	0	1.01	0	0	0.05	31.11
NA18520	0	0.98	0	0	0	0	0	0	0.02	0	0.96	0	0	0.04	26.14
HG00263	0	0	0	0	0	0	0	0	0.98	0	0.98	0	0	0.04	31.06
HG00127	0	0	0.98	0	0	0	0	0	0.02	0	0.03	0	0	0.97	28.05
HG00326	0	0	0.98	0	0	0	0	0	0.98	0	0	0	0	0.04	26.16
NA20531	0	0	0	0	0	0	0	0	0.98	0	0.98	0	0	0.04	31.06
HG00310	0	0	0.98	0	0	0	0	0	0	0	0.98	0	0	0.04	27.14
HG00378	0	0	0	0	0.13	0	0	0	0.98	0	0.84	0	0	0.05	30.55
NA12342	0	0	0	0	0	0	0	0	0	0	1.93	0	0	0.07	32.07
NA19206	0	0	0.97	0	0.02	0	0.02	0	0.16	0	0.18	0	0	0.65	27.52
NA20752	0	0	0.98	0	0	0	0	0	0.94	0	0.05	0	0	0.03	26.19
HG00157	0	0	0	0	0	0	0	0	0.29	0	1.64	0	0	0.07	31.78
HG00258	0	0	0	0	0	0	0	0	0.26	0	0.99	0	0	0.75	32.49
HG00177	0	0	0	0	0	0	0	0	1.15	0	0.8	0	0	0.05	30.9
HG00353	0	0	0	0	0	0	0	0	0.95	0	1.01	0	0	0.04	31.09
NA19114	0	0.98	0	0	0	0	0	0	0	0	0	0	0	1.02	27.14
HG00131	0	0	0	0	0	0	0	0	0	0	1.95	0	0	0.05	32.05
HG00372	0	0	0	0	0.13	0	0	0	0.9	0	0.88	0	0	0.09	30.67
NA19092	0	1.07	0.59	0	0	0	0	0	0.2	0	0.01	0	0	0.13	22.56
NA10847	0	0	0	0	0	0	0	0	0.94	0	1.01	0	0	0.05	31.11
HG00277	0	0	0	0	0	0	0	0	0.98	0	0.98	0	0	0.04	31.06
NA18510	0	0	0	0	0	0	0	0	0.98	0	0	0	0	1.02	32.04
NA12399	0	0	0	0	0	0	0	0	0.07	0	1.89	0	0	0.04	31.97
HG00327	0	0	0	0	0	0	0	0	0.98	0	0	0	0	1.02	32.04
NA19247	0	1.95	0	0	0	0	0	0	0	0	0	0	0	0.05	20.35
HG00332	0	0	0	0	0	0	0	0	0.93	0	1.03	0	0	0.04	31.11
NA18504	0	0	0	0	0	0.01	0.07	0	0.34	0	1.36	0	0	0.22	31.71
HG00252	0	0	0	0	0	0	0.01	0	0.96	0	0.01	0	0	1.02	32.04
HG00238	0	0	0	0	0	0	0.98	0	0	0	0.98	0	0	0.04	30.08
HG00342	0	0	0	0	0	0	0	0	0.98	0	0.98	0	0	0.04	31.06
NA20581	0	0	0	0	0	0	0	0	1.95	0	0.01	0	0	0.04	30.09
HG00268	0	0	0	0	0	0	0	0	1.95	0	0	0	0	0.05	30.1
HG00154	0	0	0	0	0	0.01	0.08	0	1.13	0	0.65	0	0	0.13	30.81
HG00371	0	0	0	0	0	0	0	0	0.98	0	0.98	0	0	0.04	31.06
NA18870	0	0	0	0	0	0.01	0	0	0.51	0	0.88	0	0	0.6	32.06
NA20505	0	0	0	0	0	0	0	0	1.95	0	0	0	0	0.05	30.1
NA20538	0	0	0.98	0	0	0	0	0	0.72	0	0.26	0	0	0.04	26.42
HG00182	0	0	0	0	0	0	0.04	0	1.15	0	0.75	0	0	0.06	30.83
NA19207	0	0	0.98	0	0	0	0	0	0	0	0	0	0	1.02	28.12
HG00373	0	0	0	0	0	0	0	0	0.46	0	0.76	0	0	0.78	32.32
NA20800	0	0	0.89	0	0	0	0	0	0.18	0	0.9	0	0	0.03	27.4
HG00151	0	0	0.98	0	0	0	0.4	0	0.49	0	0.08	0	0	0.05	25.86
NA11829	0	0	0	0	0	0	0.11	0	0.86	0	0.99	0	0	0.04	30.96
HG00324	0	0	0	0	0.02	0	0	0	0.94	0	0.73	0	0	0.31	31.29
HG00120	0	0	0.98	0	0	0	0	0	0.98	0	0	0	0	0.04	26.16
NA12828	0	0	0.98	0	0	0	0.98	0	0	0	0	0	0	0.04	25.18
NA12777	0	0	0.98	0	0	0.01	0.02	0	0	0	0.79	0.02	0	0.18	27.25
NA20539	0	0	0	0	0	0	0.03	0	0.94	0	0.99	0	0	0.04	31.04
NA19213	0	0	0	0	0	0	0	0	0.98	0	0	0	0	1.02	32.04
NA19147	0	0	0	0	0	0	0.99	0	0.96	0	0.02	0	0	0.03	29.09
HG00379	0	0	0.98	0	0	0	0	0	0	0	0.98	0	0	0.04	27.14
HG00158	0	0	0	0	0	0	0	0	1	0	0.96	0	0	0.04	31.04
HG00329	0	0	0	0	0	0	0	0	1.95	0	0	0	0	0.05	30.1
HG00344	0	0	0	0	0	0	0	0	0.78	0	1.14	0	0	0.08	31.3
NA11931	0	0	0.98	0	0.02	0	0	0	0	0	0.81	0	0	0.19	27.21
HG00142	0	0	0	0	0	0	0	0	0.67	0	0.69	0	0	0.64	31.97
HG00100	0	0	0	0	0	0	0	0	0.97	0	0.01	0	0	1.02	32.05
NA12843	0	0	0.98	0	0	0	0	0	0.98	0	0	0	0	0.04	26.16
NA18909	0	0	0	0	0	0	0	0	0.99	0	0.97	0	0	0.04	31.05
HG00243	0	0	0	0	0	0	0	0	1.63	0	0.03	0	0	0.34	30.71
NA20806	0	0	0	0	0.01	0	0	0	1.81	0	0	0	0	0.18	30.33
NA20768	0	0	0	0	0	0	0.01	0	0.2	0	0.78	0	0	1.01	32.79
HG00123	0	0	0.02	0	0.03	0	0	0	0.97	0	0.8	0	0	0.18	30.99
NA20529	0	0	0	0	0.02	0	0	0	1.86	0	0.06	0	0	0.06	30.12
HG00122	0	0	0	0	0	0	0	0	0.98	0	0.98	0	0	0.04	31.06
NA18853	0	0	0.02	0	0.03	0	0.93	0	0.5	0	0.39	0	0	0.13	29.55
NA19189	0	0.01	0.53	0	0.01	0	0.01	0	0.21	0	0.22	0	0	1.01	30.03
HG00148	0	0	0.98	0	0	0	0	0	0.97	0	0.01	0	0	0.04	26.17
HG00171	0	0	0.98	0	0	0	0	0	0.98	0	0	0	0	0.04	26.16
HG00331	0	0	0	0	0	0	0	0	0.95	0	0.08	0	0	0.97	32.02
HG00381	0	0	0	0	0	0	0.06	0	1.03	0	0.86	0	0	0.05	30.9
NA18856	0	0.02	0.02	0	0	0	0.05	0	0.27	0	0.65	0	0	0.99	32.4
HG00345	0	0	0.98	0	0	0	0	0	0	0	0.98	0	0	0.04	27.14
NA18861	0	0	0	0	0	0	0	0	0	0	0	0	0	2.0	34.0
HG00185	0	0	0	0	0	0	0	0	0.79	0	1.17	0	0	0.04	31.25
NA07051	0	0	0	0	0	0.02	0	0	0.98	0	0.73	0.18	0	0.09	31.41
NA20527	0	0	0.03	0	0.01	0	0.01	0	0.12	0	0.69	0.16	0	0.98	32.97
NA20783	0.02	0	0.92	0	0	0	0	0	0.04	0	0.98	0	0	0.04	27.26
NA19137	0	0	0.98	0	0	0	0	0	0.98	0	0	0	0	0.04	26.16
NA19201	0	0	0.44	0	0.01	0.01	0.01	0	1.24	0	0.22	0	0	0.07	28.54
NA18488	0	0.01	0	0	0	0	0.59	0	0.33	0	0.07	0	0	1.0	31.43
HG00311	0	0	0	0	0	0	0	0	0.44	0	1.42	0	0	0.14	31.7
HG00337	0	0	0	0	0	0	0	0	0	0	1.95	0	0	0.05	32.05
HG00257	0	0	0	0	0	0	0	0	0	0	1.95	0	0	0.05	32.05
HG00136	0	0	0	0	0	0	0.96	0	0.01	0	0.05	0	0	0.98	31.05
NA20826	0	0	0	0	0	0	0	0	1.53	0	0.42	0	0	0.05	30.52
NA20518	0	0	0	0	0	0	0.98	0	0	0	0.98	0	0	0.04	30.08
NA20786	0	0	0	0	0.02	0.01	0	0	0	0	1.76	0	0	0.21	32.1
NA20760	0	0	0.48	0	0	0	0.3	0	0.71	0	0.47	0	0	0.04	28.33
HG00114	0	0	0	0	0	0	0	0	0.98	0	0.98	0	0	0.04	31.06
HG00117	0	0	0	0	0	0	0	0	0.72	0	1.24	0	0	0.04	31.32
NA20534	0	0	0	0	0	0	0.85	0	1.09	0	0.02	0	0	0.04	29.25
NA20809	0	0	0	0	0.02	0	0	0	0.99	0	0.83	0.02	0	0.14	31.11
NA12273	0	0	0	0	0	0	0	0	0.98	0	0.98	0	0	0.04	31.06
NA20808	0	0	0	0	0	0	0.02	0	0.06	0	1.88	0	0	0.04	31.94
NA19197	0	0	0.96	0	0	0.02	0	0	0.01	0	0.96	0	0	0.05	27.18
NA11918	0	0	0	0	0	0	0.34	0	0	0	0.67	0	0	0.99	32.31
NA20509	0	0	0.98	0	0	0	0	0	0.98	0	0	0	0	0.04	26.16
NA20757	0	0	0	0	0.03	0	0.04	0	1.79	0	0.11	0	0	0.03	30.04
HG00125	0	0	0	0	0	0	0	0	1.95	0	0	0	0	0.05	30.1
NA11894	0	0	0.98	0	0	0	0	0	0	0	0.88	0	0	0.14	27.24
NA18517	0	0.05	0.25	0	0	0	0.11	0	0.03	0	0.02	0	0	1.54	31.74
NA20798	0	0	0	0	0	0	0	0	0.94	0	1.02	0	0	0.04	31.1
NA20588	0	0	0	0	0	0	0.02	0	0.98	0	0.96	0	0	0.04	31.02
HG00285	0	0	0	0	0	0	0	0	1	0	0.96	0	0	0.04	31.04
NA19153	0	0	0	0	0	0	0	0	0	0	0	0	0	2.0	34.0
NA20804	0	0	0	0	0	0	0	0	0.98	0	0.98	0	0	0.04	31.06
HG00306	0	0	0.07	0	0	0	0	0	0.91	0	0	0	0	1.02	31.76
NA19210	0	0	0	0	0	0	0	0	1.95	0	0	0	0	0.05	30.1
NA18908	0	0	0	0	0	0	0.01	0	0	0	1.95	0	0	0.04	32.02
NA20585	0	0	0.98	0	0	0	0	0	0.12	0	0.86	0	0	0.04	27.02
NA20543	0	0	0	0	0	0	0	0	0.5	0	1.39	0	0	0.11	31.61
NA20508	0	0	0	0	0	0	0	0	0.64	0	1.32	0	0	0.04	31.4
NA18916	0	0.14	0.35	0	0	0	0	0	1.32	0	0.04	0	0	0.15	28.24
NA20799	0	0	0	0	0	0	0	0	0.98	0	0.98	0	0	0.04	31.06
NA19235	0	0	0	0	0	0	0	0	1.95	0	0	0	0	0.05	30.1
HG00240	0	0	0	0	0	0	0	0	0.98	0	0.98	0	0	0.04	31.06
NA20765	0	0	0.01	0	0	0	0.03	0	1.42	0	0.49	0	0	0.05	30.52
NA18516	0	0	0.98	0	0	0	0	0	0.98	0	0	0	0	0.04	26.16
NA20801	0	0	0	0	0.03	0	0	0	1.87	0	0.05	0	0	0.05	30.06
NA18867	0	0	0.96	0	0	0	0	0	0.01	0	0	0	0	1.03	28.22
NA20524	0	0	0	0	0	0	0.17	0	0.72	0	0.1	0.01	0	1.0	31.96
HG00323	0	0	0	0	0	0	0	0	1.95	0	0	0	0	0.05	30.1
NA20589	0	0	0	0	0	0	0	0	0.69	0	1.27	0	0	0.04	31.35
NA11893	0	0	0	0	0	0	0	0	1.9	0	0.05	0	0	0.05	30.15
NA20502	0	0	0.03	0	0	0	0	0	1.75	0	0.17	0	0	0.05	30.15
HG00282	0	0	0	0	0	0	0	0	1.91	0	0.05	0	0	0.04	30.13
NA19171	0	0	0	0	0	0	0.33	0	0.13	0	0.42	0.44	0	0.68	32.77
NA12761	0	0	0	0	0	0	0.03	0	1.1	0	0.82	0	0	0.05	30.89
NA20795	0	0	0.98	0	0	0	0.98	0	0	0	0	0	0	0.04	25.18
NA19238	0	0.01	0	0	0	0	0	0	0.03	0	0	0	0	1.96	33.87
NA19159	0.01	0	0.24	0.01	0.02	0	0.02	0	0.98	0	0.22	0	0	0.5	30.08
HG00366	0	0	0	0	0	0	0	0	0.98	0	0.25	0	0	0.77	31.79
NA11992	0	0	0	0	0	0	0	0	1.22	0	0.74	0	0	0.04	30.82
HG00141	0	0	0.98	0	0	0	0	0	0.97	0	0.01	0	0	0.04	26.17
NA18873	0	0	0	0	0.57	0	0.03	0	0.23	0	1.09	0	0	0.08	29.51
HG00336	0	0	0.98	0	0	0	0	0	0.98	0	0	0	0	0.04	26.16
NA06994	0	0	0	0	0	0	0	0	0.98	0	0	0	0	1.02	32.04
NA19190	0	0.01	0.08	0	0	0	0.02	0	0.47	0	0.29	0	0	1.13	32.16
HG00186	0	0	0	0	0	0	0	0	0	0	1.72	0	0	0.28	32.28
NA20805	0	0	0	0	0	0	0	0	0.98	0	0.98	0	0	0.04	31.06
HG00325	0	0	0	0	0	0	0.02	0	0.22	0	1.02	0	0	0.74	32.48
NA20766	0	0	0	0	0	0	0.01	0	1.24	0	0.72	0	0	0.03	30.77
HG00183	0	0	0	0	0	0	0	0	0.49	0	1.1	0	0	0.41	31.92
NA12827	0	0	0	0	0	0	0	0	0.01	0	1.95	0	0	0.04	32.03
NA12400	0	0	1.95	0	0	0	0	0	0	0	0	0	0	0.05	22.3
NA12760	0	0	0	0	0	0	0.01	0	0.01	0	1.94	0	0	0.04	32.01
NA20540	0	0	0	0	0.02	0	0.06	0	1.48	0	0.41	0	0	0.03	30.35
NA20772	0	0	0	0	0	0.05	0	0	0.98	0	0.55	0	0	0.42	31.29
NA07056	0	0	0	0	0	0	0	0	0.98	0	0.98	0	0	0.04	31.06
NA12154	0	0	0	0	0	0	0	0	0.98	0	0.98	0	0	0.04	31.06
HG00149	0	0	0	0	0	0	0	0	0	0	1.6	0	0	0.4	32.4
NA18912	0	0	0.26	0	0	0	0	0	0	0	0.03	0	0	1.71	32.41
HG00343	0	0	0	0	0	0	0.02	0	1.43	0	0.15	0	0	0.4	30.93
NA19130	0	0	0.34	0	0.02	0.02	0.02	0	0.19	0	1.21	0	0	0.2	30.13
NA12286	0	0.01	0	0	0	0	0	0	0.2	0	0.04	0.1	0	1.65	33.59
NA12340	0	0	0.98	0	0	0	0	0	0	0	0.98	0	0	0.04	27.14
HG00118	0	0	0	0	0	0	0	0	0.98	0	0.86	0	0	0.16	31.18
HG00275	0	0	0	0	0	0	0	0	0.98	0	0.98	0.01	0	0.03	31.07
NA19143	0	0	0.28	0	0	0	0	0	1.01	0	0.05	0	0	0.66	30.25
HG00280	0	0	0	0	0.97	0	0	0	0.19	0	0.76	0	0	0.08	28.01
NA12383	0	0	0	0	0	0	0	0	0.98	0	0.98	0	0	0.04	31.06
NA12717	0	0	0	0	0	0	0.88	0	0.12	0	0.7	0	0	0.3	30.42
NA20814	0	0	0	0	0	0.24	0	0	0.98	0	0.73	0	0	0.05	30.35
NA18501	0	0	0	0	0	0	0	0	0.39	0	0	0	0	1.61	33.22
HG00231	0	0	0	0	0	0	0	0	0.98	0	0.01	0	0	1.01	32.03
HG00242	0	0	0	0	0	0	0.23	0	1.62	0	0.1	0	0	0.05	29.97
NA18486	0	0	0	0	0.11	0	0	0	0.85	0	0.03	0	0	1.01	31.72
HG00274	0	0	0	0	0.27	0	0	0	0.02	0	0.44	0	0	1.27	32.17
HG00335	0	0	0.98	0	0	0	0	0	0	0	0.98	0	0	0.04	27.14
HG00259	0	0	0.03	0	0.01	0	0	0	0	0	1.33	0	0	0.63	32.44
NA20530	0	0	0	0	0	0	0.03	0	0.83	0	0.12	0	0	1.02	32.13
HG00096	0	0	0.98	0	0	0	0	0	0.98	0	0	0	0	0.04	26.16
NA18871	0	0	0	0	0	0	0	0	0.02	0	1.93	0	0	0.05	32.03
NA20802	0.01	0	0.98	0	0	0	0	0	0.96	0	0.01	0	0	0.04	26.11
HG00236	0	0	0	0	0	0	0	0	0.07	0	1.75	0.01	0	0.17	32.12
NA11920	0	0	0.96	0.02	0	0	0.01	0	0.93	0	0.05	0	0	0.03	26.18
HG00239	0	0	0	0	0	0	0.02	0	1.19	0	0.75	0	0	0.04	30.81
HG00265	0	0	0	0	0	0	0.02	0	1.41	0	0.52	0	0	0.05	30.6
HG00115	0	0	0	0	0	0	0	0	0.95	0	1.01	0	0	0.04	31.09
HG00244	0	0	0.25	0	0	0	0	0	1.65	0	0.06	0	0	0.04	29.14
NA18868	0	0	0.22	0	0.09	0	0	0	0.8	0	0.06	0	0	0.83	30.57
HG00110	0	0	0	0	0	0	0	0	1.95	0	0	0	0	0.05	30.1
HG00181	0	0	0.98	0	0	0	0.96	0	0	0	0.03	0	0	0.03	25.21
HG00187	0	0	0	0	0.15	0	0	0	0.04	0	1.77	0	0	0.04	31.4
HG00188	0	0	0	0	0	0	0	0	0.98	0	0.98	0	0	0.04	31.06
NA20542	0	0	0.05	0	0	0	0.44	0	1.4	0	0.08	0	0	0.03	29.5
HG00264	0	0	0	0	0	0	0.13	0	0.06	0	1.54	0	0	0.27	31.95
HG00315	0	0	0.98	0	0	0	0	0	0.98	0	0	0	0	0.04	26.16
HG00376	0	0	0	0	0.18	0	0	0	0.15	0	1.61	0	0	0.06	31.19
NA20811	0	0	0.36	0	0.01	0	0	0	1.4	0	0.12	0	0	0.11	28.87
NA20785	0	0	0.94	0	0	0	0	0	0	0	1.02	0	0	0.04	27.34
HG00176	0	0	0.98	0	0	0	0	0	0.91	0	0.07	0	0	0.04	26.23
NA18507	0	0	0	0	0	0	0	0	0	0	0	0	0	2.0	34.0
HG00261	0	0	0	0	0	0	0	0	0.98	0	0.98	0	0	0.04	31.06
HG00179	0	0	0	0	0	0	0.98	0	0.89	0	0.08	0	0	0.05	29.2
NA12776	0	0	0	0	0	0	0	0	0.46	0	1.5	0	0	0.04	31.58
NA20758	0	0	0	0	0	0	0	0	0.97	0	0.99	0	0	0.04	31.07
NA18498	0	0	0.8	0	0	0.01	0	0	0.49	0	0.5	0	0	0.2	27.68
HG00321	0	0	0	0	0	0	0	0	1.95	0	0	0	0	0.05	30.1
HG00313	0	0	0	0	0	0	0	0	0.95	0	1.01	0	0	0.04	31.09
HG00174	0	0	0.98	0	0.02	0	0	0	0	0	0.69	0	0	0.31	27.33
NA12287	0	0	0	0	0	0	0	0	0.03	0	0.98	0	0	0.99	32.96
NA20756	0	0	0.98	0	0	0	0.98	0	0	0	0	0	0	0.04	25.18
HG00180	0	0	0.98	0	0	0	0	0	0.98	0	0	0	0	0.04	26.16
NA19257	0	0	0.98	0	0	0	0	0	0.98	0	0	0	0	0.04	26.16
HG00112	0	0	0.99	0	0	0	0	0	0.97	0	0	0	0	0.04	26.12
NA20586	0	0	0	0	0	0	0.01	0	0.33	0	0.75	0	0	0.91	32.56
NA12347	0	0	0	0	0	0	0.99	0	0	0	0.02	0	0	0.99	31.01
NA20517	0	0	0	0	0	0	0	0	0	0	1.95	0	0	0.05	32.05
HG00384	0	0	0.01	0	0.01	0	0	0	0.82	0	1.06	0.02	0	0.08	31.21
NA12283	0	0	0.98	0	0	0	0	0	0	0	0	0	0	1.02	28.12
NA11843	0	0	0	0	0	0	0	0	0.98	0	0.98	0	0	0.04	31.06
NA20778	0	0	0	0	0	0	0	0	0.98	0	0.98	0	0	0.04	31.06
NA20541	0	0	0	0	0	0	0.31	0	1.37	0	0.27	0	0	0.05	30.06
HG00267	0.04	0.02	0.92	0	0	0	0	0	0.02	0	0.98	0	0	0.02	27.0
NA19102	0	0	0	0	0.11	0	0	0	0.85	0	1.01	0	0	0.03	30.74
NA12272	0	0	0	0	0	0	0	0	0.21	0	1.75	0	0	0.04	31.83
NA19141	0	0.05	0	0	0.01	0	0.79	0	0.13	0	1	0	0	0.02	29.97
NA07048	0	0	0	0	0	0	0.01	0	0.92	0	0.08	0	0	0.99	32.05
NA20769	0	0	0	0	0	0	0	0	0.98	0	0.98	0	0	0.04	31.06
NA20773	0	0	0	0	0	0	0.01	0	1.5	0	0.45	0	0	0.04	30.52
HG00328	0	0	0	0	0	0	0	0	0.98	0	0.98	0	0	0.04	31.06
HG00106	0	0	0	0	0	0	0.69	0	0.18	0	1.03	0	0	0.1	30.54
HG00361	0	0	0	0	0	0	0	0	1.9	0	0.05	0	0	0.05	30.15
HG00253	0	0	0	0	0	0	0	0	1.67	0	0.01	0.02	0	0.3	30.67
HG00155	0	0	0	0	0.03	0.01	0	0	0.02	0	1.88	0	0	0.06	31.89
NA20792	0	0	0.32	0	0	0	0.03	0	0.99	0	0	0	0	0.66	30.01
NA20759	0	0	0.91	0	0	0	0.96	0	0.08	0	0.01	0	0	0.04	25.49
NA18934	0	0.01	0	0	0	0	0.98	0	0.97	0	0	0	0	0.04	29.05
NA11840	0	0	0.02	0	0	0	0	0	1.93	0	0.01	0	0	0.04	30.01
HG00109	0	0	0	0	0	0	0	0	0.98	0	0.98	0	0	0.04	31.06
NA18511	0	0.03	0.03	0	0	0	0.08	0	0.21	0	0.64	0	0	1.01	32.31
HG01334	0	0	0	0	0	0	0	0	0.32	0	0.67	0	0	1.01	32.69
NA12842	0	0	0.98	0	0	0	0	0	0.98	0	0.01	0	0	0.03	26.15
HG00338	0	0	0	0	0	0	0	0	0	0	1.95	0	0	0.05	32.05
HG00269	0.04	0.02	0.92	0	0	0	0	0	0.02	0	0.34	0	0	0.66	27.64
HG00173	0	0	0	0	0	0	0.06	0	0.93	0	0.98	0	0	0.03	30.98
NA06986	0	0	0	0	0	0	0	0	1.92	0	0.02	0	0	0.06	30.14
NA12003	0	0	1.85	0	0	0	0	0	0.02	0	0.09	0	0	0.04	22.77
NA20774	0	0	0	0	0	0	0	0	0.01	0	1.82	0	0	0.17	32.16
NA20828	0	0	0	0	0	0	0	0	0.98	0	0.98	0	0	0.04	31.06
HG00284	0	0	0	0	0	0	0	0	0.98	0	0.98	0	0	0.04	31.06
NA12750	0	0	0	0	0	0	0	0	1.92	0	0.03	0	0	0.05	30.13
NA18522	0	0	0.01	0	0	0	0.01	0	1.88	0	0.06	0	0	0.04	30.09
NA12275	0	0	0.98	0	0.01	0	0	0	0	0	0.71	0	0	0.3	27.36
NA20528	0.02	0	0.96	0	0.07	0	0	0	0.01	0	0.83	0.02	0	0.09	26.9
NA18910	0	0	0	0	0	0	0	0	1	0	0.96	0	0	0.04	31.04
HG00272	0	0	0.1	0	0	0	0	0	1.79	0	0.07	0	0	0.04	29.75
HG00138	0	0	0	0	0	0.07	0.03	0	0.07	0	1.7	0.01	0	0.12	31.8
HG00159	0	0	0.22	0	0	0	0	0	0.96	0	0.78	0	0	0.04	29.98
HG00108	0	0	0	0	0	0	0	0	0.98	0	0.98	0	0	0.04	31.06
NA19256	0	0	0	0	0	0	0	0	0	0	0	0	0	2.0	34.0
HG00111	0	0	0	0	0	0	0	0	0.98	0	0.98	0	0	0.04	31.06
HG00143	0	0	0	0	0	0	0	0	0.98	0	0.54	0	0	0.48	31.5
NA19119	0	0.51	0.74	0	0	0.01	0.04	0	0.17	0	0.34	0	0	0.19	25.15
NA12751	0.02	0	0.97	0	0	0	0	0	0.02	0	0.89	0	0	0.1	27.09
HG00121	0	0	0	0	0.01	0	0	0	0.34	0	0.37	0	0	1.28	32.9
NA20515	0	0	0	0	0	0	0.97	0	0.99	0	0	0	0	0.04	29.11
NA20512	0	0	0.08	0	0	0	0.03	0	1.83	0	0.02	0	0	0.04	29.75
NA06989	0	0	0	0	0	0.35	0	0	0.83	0	0.4	0	0	0.42	30.54
HG00281	0	0	0	0	0	0	0	0	0.98	0	0.98	0	0	0.04	31.06
HG00383	0	0	0.98	0	0	0	0	0	0.95	0	0.03	0	0	0.04	26.19
NA12716	0	0	0.98	0	0	0	0	0	0	0	0.98	0	0	0.04	27.14
NA12718	0	0	0	0	0	0	0	0	1.94	0	0.02	0	0	0.04	30.1
HG00137	0	0	0	0	0	0	0	0	0	0	1.61	0	0	0.39	32.39
NA20790	0	0	0	0	0	0	0.01	0	1.64	0	0.02	0.02	0	0.31	30.69
NA18489	0	0.32	1.54	0	0	0	0.03	0	0.05	0	0.03	0	0	0.03	22.3
HG00334	0	0	0.98	0	0	0	0	0	0.98	0	0	0	0	0.04	26.16
NA20803	0	0	0	0	0	0	0.05	0	0.13	0	1.51	0	0	0.31	32.08
NA11892	0	0	0.98	0	0	0	0	0	0	0	0.7	0	0	0.32	27.42
HG00232	0	0	0	0	0	0	0.8	0	0	0	1.15	0	0	0.05	30.45
HG00369	0	0	0.98	0	0	0	0.01	0	0.95	0	0.03	0	0	0.03	26.16
NA19152	0	0.24	0.37	0	0	0	0.01	0	1.14	0	0.07	0	0	0.17	27.72
NA07037	0	0	0	0	0	0	0.01	0	0.75	0	1.16	0	0.01	0.07	31.33
NA11831	0	0	0	0	0	0	0	0	0.33	0	1.56	0	0	0.11	31.78
HG00133	0	0	0	0	0.98	0	0.96	0	0	0	0.02	0	0	0.04	26.2
NA19248	0	0.08	0.46	0	0	0	0.97	0	0.15	0	0.01	0	0	0.33	27.46
NA11830	0	0	0.98	0	0	0	0.09	0	0.88	0	0.02	0	0	0.03	26.07
HG00126	0	0	0.98	0	0	0	0	0	0	0	0.98	0	0	0.04	27.14
NA20813	0	0	0	0	0	0	0	0	0.98	0	0.98	0	0	0.04	31.06
NA11994	0	0	0	0	0.01	0	0	0	0.98	0	0.62	0	0	0.39	31.37
NA19209	0	0.28	0.02	0	0	0	0	0	0.87	0	0.09	0	0	0.74	30.09
HG00255	0	0	0	0	0	0	0	0	0	0	0.98	0	0	1.02	33.02
NA19225	0	0.89	0	0	0	0	0.08	0	0.99	0	0	0	0	0.04	25.55
NA20532	0	0	0.98	0	0	0	0	0	0.98	0	0	0	0	0.04	26.16
NA18923	0	0.49	0.1	0	0	0	0.09	0	0.69	0	0.09	0	0	0.54	28.23
NA20812	0	0	0	0	0	0	0.01	0	1.77	0	0.09	0	0	0.13	30.34
HG00250	0	0	0	0	0.01	0	0.05	0	0.85	0	1.06	0	0	0.03	31.04
HG00256	0	0	0	0	0	0	0	0	1.95	0	0	0	0	0.05	30.1
HG00262	0	0	0	0	0	0	0	0	0	0	1.94	0	0	0.06	32.06
NA12348	0	0	0	0	0.01	0	0	0	0.98	0	0.91	0	0	0.1	31.08
NA18858	0	0.28	0.35	0	0	0.02	0.15	0	0.05	0	0.93	0	0	0.22	28.38
NA20754	0	0	0	0	0	0	0	0	0.91	0	1.04	0	0	0.05	31.14
NA12775	0	0	0	0	0	0	0.98	0	0.98	0	0	0	0	0.04	29.1
NA20510	0	0	0	0	0	0	0	0	0.07	0	0.94	0.01	0	0.98	32.93
NA11930	0	0	0.98	0	0	0	0	0	0.01	0	0.98	0	0	0.03	27.12
NA19138	0	0	0	0	0	0	0	0	1.95	0	0	0	0	0.05	30.1
NA18499	0	0	0.69	0	0	0	0	0	1.22	0	0.05	0	0	0.04	27.37
NA19093	0	0	0	0	0	0	0.17	0	0.51	0	1.28	0	0	0.04	31.19
HG00367	0	0	0	0	0	0	0	0	1.95	0	0	0	0	0.05	30.1
NA19108	0	0	0	0	0	0	0	0	0.01	0	0.98	0	0	1.01	33.0
NA19200	0	0	0.98	0	0	0	0	0	0.94	0	0.04	0	0	0.04	26.2
HG00278	0	0	0	0	0	0	0	0	0	0	1.02	0	0	0.98	32.98
HG00309	0	0	0	0	0	0	0	0	0.99	0	0.02	0	0	0.99	32.0
HG00139	0	0	0	0	0	0	0	0	1.12	0	0.83	0	0	0.05	30.93
NA19098	0	0	0.01	0	0.02	0	0.03	0	1.64	0	0.12	0	0	0.18	30.35
HG00271	0	0	0	0	0	0	0.98	0	0	0	0.98	0	0	0.04	30.08
NA20520	0	0	0	0	0.09	0	0	0	1.84	0	0.02	0	0	0.05	29.85
HG00246	0	0	0	0	0	0	0	0	0.98	0	0.98	0	0	0.04	31.06
NA12045	0	0	0	0	0.01	0.01	0.01	0	0.28	0	1.66	0	0	0.03	31.66
NA12889	0	0	0	0	0	0	0	0	1.95	0	0.01	0	0	0.04	30.09
HG00276	0	0	0.98	0	0	0	0	0	0	0	0.98	0	0	0.04	27.14
NA12830	0	0	0.98	0	0	0	0	0	0	0	0.98	0	0	0.04	27.14
NA18519	0	0.99	0	0	0	0	0.01	0	0.88	0	0.07	0	0	0.05	25.21
NA06984	0	0	0	0	0.01	0	0.01	0	0.07	0	1.87	0.01	0	0.03	31.92
HG00320	0	0	0	0	0	0	0	0	1.42	0	0	0	0	0.58	31.16
NA19223	0	0.16	0	0	0	0	0.32	0	0.35	0	0.01	0	0	1.16	31.21
NA19107	0	0.98	0	0	0	0	0.98	0	0	0	0	0	0	0.04	24.2
HG00382	0	0	0	0	0	0	0.03	0	1.01	0	0.89	0.02	0	0.05	31.02
HG00119	0	0	0	0	0.04	0	0	0	0.01	0	1.74	0.01	0	0.2	32.05
