	14	16	16	16	17	17	18	18	18	18	18	19	19	19	19	19	20	20	20	20	20	20	21	21	21	21	21	22	22	22	22	23	23	23	23	24	24	24	24	24	25	25	25	25	26	26	26	26	27	29	23	Beta
NA19131	0	0.91	0	0	0	0	0	0	0	0.91	0	0	0	0	0	0	0	0	0	0	0	0	0	0	0	0	0	0	0	0	0	0	0	0	0	0	0	0	0	0	0	0	0	0	0	0	0	0	0	0	0.18	35.08
NA19198	0	0	0	0	0.91	0	0	0	0	0	0	0	0	0	0	0	0	0	0	0	0	0	0	0	0	0	0	0	0	0	0	0	0	0	0	0	0	0	0.76	0	0	0	0.11	0	0	0	0	0	0	0	0.22	41.52
HG00273	0	0	0	0.23	0.58	0	0	0	0.11	0.01	0	0	0	0.01	0.07	0	0	0	0.26	0	0.58	0	0	0.01	0	0	0	0	0	0	0	0	0	0	0	0	0	0	0	0	0	0	0	0	0	0	0	0	0	0	0.14	37.45
HG00150	0	0	0	0	0	0	0	0	0	0.08	0	0	0	0	0.39	0	0.1	0	0.1	0	0.24	0	0	0.02	0	0	0	0	0	0	0	0	0	0	0	0	0	0	0.07	0	0	0	0.73	0	0	0	0	0	0.11	0	0.16	44.65
HG00145	0	0	0	0	0	0	0	0	0	0	0	0	0	0	0	0	0	0	0.9	0	0	0	0	0.02	0	0	0	0	0	0	0	0	0	0	0	0	0	0	0.87	0	0	0	0.03	0	0	0	0	0	0	0	0.18	44.19
HG00339	0	0	0	0	0.25	0	0	0	0.67	0	0	0	0	0	0	0	0	0	0	0	0	0	0	0	0	0	0	0	0	0	0	0	0	0	0	0	0	0.01	0.01	0	0	0	0.9	0	0	0.01	0	0	0	0	0.15	43.0
HG00102	0	0	0	0	0	0	0	0	0	0	0	0	0	0	0	0	0	0	0	0	0	0.21	0	0	0	0	0	0	0	0.01	0.92	0	0	0	0	0	0	0	0.01	0	0	0	0.01	0	0	0.01	0	0	0	0	0.83	44.5
NA18523	0	0	0	0.32	0.56	0	0	0	0.04	0	0	0	0	0	0	0	0	0	0	0	0	0	0	0	0	0	0	0	0	0	0	0	0	0	0	0	0	0	0.07	0	0	0	0.79	0	0	0.06	0	0	0	0	0.16	42.03
HG00346	0	0	0.89	0	0.03	0	0	0	0.01	0	0	0	0	0	0.91	0	0	0	0	0	0	0	0	0	0	0	0	0	0	0	0	0	0	0	0	0	0	0	0	0	0	0	0	0	0	0	0	0	0	0	0.16	35.9
NA12249	0	0	0	0	0.01	0	0	0	0	0.91	0	0	0	0	0	0	0	0	0	0	0	0	0	0	0	0	0	0	0	0	0	0	0	0	0	0	0	0.02	0.01	0	0	0	0.01	0.87	0	0	0	0	0	0	0.17	43.18
HG00266	0	0	0	0	0	0	0	0	0	0	0	0	0	0	0	0	0	0	0	0	0	0.91	0	0	0	0	0	0	0	0	0	0	0	0	0	0	0	0	0.25	0	0	0	0.07	0	0	0	0	0	0	0	0.77	43.66
NA12413	0	0	0	0	0	0	0	0	0	0	0	0	0	0	0	0	0	0	0	0	0	0	0	0	0	0	0	0	0	0	0	0	0	0	0	0	0	0	0.91	0	0	0	0	0.91	0	0	0	0	0	0	0.18	48.73
NA19236	0	0	0	0	0	0	0	0	0	0	0	0	0	0	0.74	0	0	0	0.13	0	0.01	0	0	0.04	0	0	0	0	0	0	0	0	0	0	0	0	0	0	0.01	0	0	0	0	0	0	0	0	0	0	0	1.07	42.55
NA20544	0	0	0	0	0	0	0	0	0	0	0	0	0	0	0	0	0	0	0	0	0	0	0	0	0	0.01	0	0	0	0.91	0	0	0	0	0	0	0	0	0.91	0	0	0	0	0	0	0	0	0	0	0	0.17	45.98
NA19204	0	0	0	0	0	0	0	0	0	0	0	0	0	0	0.91	0	0	0	0.01	0	0	0	0	0	0	0	0	0	0	0	0	0	0	0	0	0	0	0	0.18	0	0	0.03	0.71	0	0	0	0	0	0	0	0.16	43.99
HG00103	0	0	0	0	0	0	0	0	0	0	0	0	0	0	0.05	0	0	0.05	0.82	0	0	0	0	0	0	0	0	0	0	0	0	0	0	0	0	0	0	0	0.1	0.09	0	0	0.13	0.09	0	0	0	0	0	0	0.67	43.82
NA20582	0	0	0	0	0	0	0	0	0	0	0	0	0	0	0	0	0	0	0	0	0	0	0	0	0	0	0.91	0	0	0	0.91	0	0	0	0	0	0	0	0	0	0	0	0	0	0	0	0	0	0	0	0.18	43.27
NA19172	0	0	0	0	0	0	0	0	0	0	0	0	0	0	0	0	0	0	0	0	0	0	0	0.91	0	0	0	0	0	0	0	0	0	0	0	0	0	0	0.03	0.14	0	0	0.01	0.14	0	0	0	0	0	0	0.77	44.65
NA20815	0	0	0	0	0.91	0	0	0	0.01	0	0	0	0	0	0	0	0	0	0	0	0	0	0	0	0	0	0	0	0	0	0	0	0	0	0	0	0	0	0	0	0	0	0	0.39	0	0	0.53	0	0	0	0.16	42.86
HG00375	0	0	0	0	0	0	0	0	0	0.91	0	0	0	0	0	0	0	0	0	0	0	0	0	0	0	0	0	0	0	0	0	0	0	0	0	0	0	0	0.04	0	0	0	0	0	0	0	0	0	0	0	1.05	41.49
NA18933	0	0	0	0	0	0	0	0	0	0	0	0	0	0	0.91	0	0	0	0	0	0	0.91	0	0	0	0	0	0	0	0	0	0	0	0	0	0	0	0	0	0	0	0	0	0	0	0	0	0	0	0	0.18	39.63
HG00245	nan																																																			
HG00319	0	0	0	0.04	0.01	0	0	0	0.03	0	0	0	0	0.06	0.75	0	0	0	0.04	0	0	0	0	0	0	0	0	0	0	0	0	0	0	0	0	0	0	0	0.01	0	0	0	0.81	0	0	0	0	0	0	0	0.25	43.78
NA12155	0	0	0	0.83	0.84	0	0	0	0.15	0	0	0	0	0	0	0	0	0.02	0	0	0	0	0	0	0	0	0	0	0	0	0	0	0	0	0	0	0	0	0	0	0	0	0	0	0	0	0	0	0	0	0.16	34.34
NA12749	0	0	0	0.19	1.42	0	0	0	0.23	0	0	0	0	0	0	0	0	0	0	0	0	0	0	0	0	0	0	0	0	0	0	0	0	0	0	0	0	0	0	0	0	0	0	0	0	0	0	0	0	0	0.16	35.0
HG00341	0	0	0	0	0.91	0	0	0	0	0	0	0	0	0	0.14	0	0	0	0.61	0	0.17	0	0	0	0	0	0	0	0	0	0	0	0	0	0	0	0	0	0	0	0	0	0	0	0	0	0	0	0	0	0.17	37.64
NA20771	0	0	0	0.03	1.2	0	0	0	0.06	0	0	0	0	0	0.01	0	0	0	0.01	0	0	0	0	0	0	0	0	0	0	0	0.01	0	0	0	0.01	0	0	0	0.17	0.03	0	0	0.2	0	0	0	0	0	0	0	0.27	38.81
NA20761	0	0	0	0.23	0.54	0	0	0	0.09	0.06	0.01	0	0	0	0.09	0	0	0	0	0	0	0	0	0	0	0	0	0	0	0	0	0	0	0	0.7	0	0.01	0.01	0.01	0	0	0	0.09	0	0	0	0	0	0	0	0.16	40.2
NA12341	0	0	0	0.22	1.07	0	0	0	0.54	0	0	0	0	0	0	0	0	0	0	0	0	0	0	0	0	0	0	0	0	0	0	0	0	0	0	0	0	0	0	0	0	0	0	0	0	0	0	0	0	0	0.17	35.34
HG00380	0	0	0	0	0.91	0	0	0	0.91	0	0	0	0	0	0	0	0	0	0	0	0	0	0	0	0	0	0	0	0	0	0	0	0	0	0	0	0	0	0	0	0	0	0	0	0	0	0	0	0	0	0.18	35.99
NA12763	0	0	0	0	0	0	0	0	0	0	0	0	0	0	0	0	0	0	0.91	0	0	0	0	0	0	0	0	0	0	0	0	0	0	0	0	0	0	0	0	0	0	0	0.91	0	0	0	0	0	0	0	0.18	45.09
NA18917	0.01	0	0	0.19	0.59	0	0	0	0.12	0.01	0.01	0	0	0	0	0	0	0	0	0	0	0	0	0	0	0	0	0	0	0	0	0	0	0	0	0	0	0	0	0	0	0	0	0	0	0	0	0	0	0	1.07	40.34
HG00116	0	0	0	0	0.01	0	0	0	0	0	0	0	0	0	0	0	0	0	0.38	0	0	0	0	0	0	0	0	0	0	0	0.01	0	0	0	0	0	0	0	0.34	0	0	0	0.7	0.02	0	0.01	0.01	0	0.22	0	0.3	47.51
HG00260	0	0	0	0	0.05	0	0	0	0.01	0	0	0	0	0	0.01	0	0	0	0	0	0	0	0	0	0	0	0	0	0	0	0	0	0	0	0	0	0	0	1.34	0	0	0	0.38	0	0	0	0	0	0	0	0.21	47.71
NA18907	0	0	0	0	0	0	0	0	0	0	0	0	0	0	0	0	0	0	0	0	0	0.01	0	0	0	0	0.44	0	0	0	0.45	0	0	0	0	0	0	0	0	0	0	0	0.83	0	0	0	0	0	0	0	0.27	46.3
NA20770	0	0	0	0.03	0.89	0	0	0	0	0	0	0	0	0.01	0	0	0	0	0	0	0	0.91	0	0	0	0	0	0	0	0	0	0	0	0	0	0	0	0	0	0	0	0	0	0	0	0	0	0	0	0	0.16	37.68
NA20807	0	0	0	0.05	0.84	0	0	0	0.03	0	0	0	0	0	0.01	0	0	0	0	0	0.91	0	0	0	0	0	0	0	0	0	0	0	0	0	0	0	0	0	0	0	0	0	0	0	0	0	0	0	0	0	0.16	37.69
NA20796	0	0	0	0.09	0.78	0	0	0	0.05	0	0	0	0	0	0	0	0	0	0.01	0	0	0	0	0	0	0	0	0	0	0	0	0	0	0	0	0	0	0	0.71	0	0	0	0.01	0	0	0	0	0	0	0	0.35	41.14
NA19160	0	0	0	0	0	0	0	0	0	0	0	0	0.06	0.86	0	0	0	0	0	0	0	0	0	0.91	0	0	0	0	0	0	0	0	0	0	0	0	0	0	0	0	0	0	0	0	0	0	0	0	0	0	0.17	40.5
NA20810	0	0	0	0	0	0	0	0	0	0.13	0	0	0	0	0.64	0	0	0	0.01	0	0	0	0	0.13	0	0	0	0	0	0	0	0	0	0	0	0	0	0	0.44	0	0	0	0.43	0	0	0	0	0	0	0	0.22	43.8
NA20787	0	0	0	0.01	0.89	0	0	0	0.02	0.06	0	0	0	0	0.86	0	0	0	0	0	0	0	0	0	0	0	0	0	0	0	0	0	0	0	0	0	0	0	0	0	0	0	0	0	0	0	0	0	0	0	0.16	36.75
NA07347	0	0	0	0	0.91	0	0	0	0	0	0	0	0	0	0	0	0	0	0	0	0	0	0	0	0	0	0	0	0	0	0	0	0	0	0	0	0	0	0.27	0	0	0	0	0	0	0	0	0	0	0	0.82	40.81
HG00101	0	0	0	0	0	0	0	0	0	0	0	0	0	0	0	0	0	0	0.85	0	0	0	0	0.07	0	0	0	0	0	0	0	0	0	0	0	0	0	0	0.9	0	0	0	0.01	0	0	0	0	0	0	0	0.17	44.23
HG00160	0	0	0	0	0	0	0	0	0	0.02	0	0	0	0	0.89	0	0	0	0	0	0	0	0	0	0	0	0	0	0	0	0	0	0	0	0	0	0	0	0	0	0	0	0.91	0	0	0	0	0	0	0	0.18	44.16
HG00251	0	0	0.03	0.02	0.48	0	0	0	0.32	0	0	0	0	0.01	0.91	0	0	0	0	0	0	0	0	0	0	0	0	0	0	0	0	0	0	0	0	0	0	0	0.02	0	0	0	0.05	0	0	0	0	0	0	0	0.16	37.61
HG00146	0	0	0	0.31	0.52	0	0	0	0.09	0	0	0	0	0	0	0	0	0	0	0	0	0	0	0	0	0	0	0	0	0	0	0	0	0	0	0	0	0	0.9	0	0	0	0.01	0	0	0	0	0	0	0	0.17	41.18
NA20819	0	0	0	0.89	0.03	0	0	0	0.01	0.61	0	0	0	0	0.03	0	0.01	0	0.18	0	0.01	0	0	0.07	0	0	0	0	0	0	0	0	0	0	0	0	0	0	0	0	0	0	0	0	0	0	0	0	0	0	0.16	35.63
NA12778	0	0	0	0.01	0.83	0	0	0	0.08	0	0	0	0	0	0	0	0	0	0	0	0	0	0	0	0	0	0.02	0	0	0	0.56	0	0	0	0	0	0	0	0	0	0	0	0	0	0	0	0	0	0	0	0.5	39.95
NA12890	0	0	0	0	0	0	0	0	0	0	0	0	0	0	0	0	0	0	0	0	0	0	0	0	0	0	0	0	0	0.19	0.01	0	0	0	0	0	0	0.02	0.2	0.1	0	0	0.97	0.02	0	0.03	0.09	0	0.06	0	0.31	48.7
NA20535	0	0	0	0	0	0	0	0	0.01	0	0	0	0	0	0.01	0	0	0	0.68	0	0.91	0	0	0.13	0	0	0	0.11	0	0	0	0	0	0	0	0	0	0	0	0	0	0	0	0	0	0	0	0	0	0	0.15	40.77
NA19116	0	0	0	0	0.05	0	0	0	0.01	0.01	0	0	0	0.93	0.07	0	0	0.02	0.1	0	0.03	0.01	0	0.03	0	0	0.01	0.01	0.51	0	0.03	0	0	0	0.01	0	0	0	0.01	0.01	0	0	0.01	0	0	0	0	0	0	0	0.14	40.53
NA20506	0	0	0	0.06	1.75	0	0	0	0.01	0	0	0	0	0	0	0	0	0	0	0	0	0	0	0	0	0	0	0	0	0	0	0	0	0	0	0	0	0	0	0	0	0	0	0	0	0	0	0	0	0	0.18	35.03
HG00330	0	0	0	0.01	0	0	0	0	0	0	0	0	0	0.02	1.47	0	0	0	0.28	0	0.01	0	0	0.05	0	0	0	0	0	0	0.01	0	0	0	0	0	0	0	0	0	0	0	0	0	0	0	0	0	0	0	0.15	38.99
HG00189	0	0	0	0	0	0	0	0	0	0.01	0	0	0	0.1	0.22	0	0	0	1.46	0	0.04	0	0	0.02	0	0	0	0	0	0	0	0	0	0	0	0	0	0	0	0	0	0	0	0	0	0	0	0	0	0	0.15	40.13
HG00233	0	0	0	0	0	0	0	0	0	0	0	0	0	0	0.02	0	0	0	0.34	0	0	0	0	0.01	0	0	0	0.56	0	0	0	0	0	0	0	0	0	0	0	0.73	0	0	0	0.02	0	0	0.18	0	0	0	0.14	45.63
NA12546	0	0	0	0	0.91	0	0	0	0	0	0	0	0	0	0	0	0	0	0	0	0	0.91	0	0	0	0	0	0	0	0	0	0	0	0	0	0	0	0	0	0	0	0	0	0	0	0	0	0	0	0	0.18	37.81
NA19129	0	0	0	0	0	0	0	0	0	0	0	0	0	0	0.68	0	0	0	0.24	0	0	0	0	0	0	0	0	0	0	0	0.91	0	0	0	0	0	0	0	0	0	0	0	0	0	0	0	0	0	0	0	0.17	41.65
NA20525	0	0	0	0.16	0.76	0	0	0	0	0	0	0	0	0	0	0	0	0	0	0	0	0	0	0	0	0	0	0	0	0	0	0	0	0	0	0	0	0	0.11	0	0	0	0.81	0	0	0	0	0	0	0	0.16	42.05
NA19144	0	0	0	0	0.01	0	0	0	0.02	0	0	0	0	0	0.3	0	0	0	0.03	0	0	0	0	0	0	0.01	0.01	0	0.04	0.5	0.91	0	0	0.01	0	0	0	0	0.01	0	0	0	0	0	0	0	0	0	0	0	0.15	43.07
NA12058	0	0	0	0	0.01	0	0	0	0	0	0	0	0	0	0	0	0	0	0	0	0	0	0	0	0	0	0	0	0	0	0	0	0	0	0	0	0	0	0.02	0.01	0	0	0.01	0.01	0	0	0	0	0	0	1.94	46.01
NA20516	0	0	0	0	0	0	0	0	0	0	0	0	0	0	0	0	0	0	0	0	0	0	0	0	0	0	0	0	0	0	0.03	0	0	0	0	0	0	0	1.19	0.06	0	0	0.08	0.03	0	0	0	0	0	0	0.61	47.44
NA20797	0	0	0	0	0	0	0	0	0	0.01	0	0	0	0	0.86	0	0	0	0.03	0	0.01	0	0	0.01	0	0	0	0.01	0	0	0.02	0	0	0	0	0	0	0	0.01	0	0	0	0	0	0	0	0	0	0	0	1.04	42.35
HG00178	0	0	0	0	0.83	0	0	0	0.09	0	0	0	0	0	0	0	0	0	0	0	0.91	0	0	0	0	0	0	0	0	0	0	0	0	0	0	0	0	0	0	0	0	0	0	0	0	0	0	0	0	0	0.17	37.84
NA11832	0	0	0	0	0.91	0	0	0	0	0	0	0	0	0	0	0	0	0	0	0	0	0	0	0	0	0	0	0	0	0	0	0	0	0	0	0	0	0	0.48	0	0	0	0.14	0	0	0	0	0	0	0	0.47	41.3
NA18520	0	0	0	0	0	0	0	0	0	0	0	0	0	0	0	0	0	0	0	0	0	0	0	0	0	0	0.25	0	0	0	0.67	0	0	0	0	0	0	0	0	0	0	0	0	0	0	0	0	0	0	0	1.08	44.83
HG00263	0	0	0	0	0.02	0	0	0	0	0.97	0	0	0	0.29	0.13	0	0	0.02	0.22	0	0.02	0	0	0.18	0	0	0	0.01	0	0	0	0	0	0	0	0	0	0	0	0	0	0	0	0	0	0	0	0	0	0	0.14	38.2
HG00127	0	0	0	0	0	0	0	0	0	0	0	0	0	0	0	0	0	0	0.91	0	0	0	0	0	0	0	0	0	0	0	0	0	0	0	0	0	0	0	0.17	0	0	0	0.56	0.01	0	0.09	0.06	0	0.04	0	0.16	45.19
HG00326	0	0	0	0	0	0	0	0	0	0	0	0	0	0	0	0	0	0	0	0	0.91	0	0	0	0	0	0	0	0	0	0	0	0	0	0	0	0	0	0	0	0	0	0.32	0	0	0.6	0	0	0	0	0.17	45.71
NA20531	0	0	0	0.1	0.66	0	0	0	0.98	0.08	0	0	0	0.01	0	0	0	0	0	0	0	0	0	0	0	0	0	0	0	0	0	0	0	0	0	0	0	0	0	0	0	0	0	0	0	0	0	0	0	0	0.17	36.0
HG00310	0	0	0	0	0.79	0	0	0	0.13	0	0	0	0	0	0.91	0	0	0	0	0	0	0	0	0	0	0	0	0	0	0	0	0	0	0	0	0	0	0	0	0	0	0	0	0	0	0	0	0	0	0	0.17	36.97
HG00378	0	0	0	0	0	0	0	0	0	0	0	0	0	0	0.91	0	0	0	0	0	0	0	0	0	0	0	0	0	0	0	0	0	0	0	0	0	0	0	0.08	0	0	0	0.32	0	0	0	0.51	0	0.01	0	0.17	44.65
NA12342	0	0	0	0.05	0.83	0	0	0	0.03	0	0	0	0	0	0	0	0	0	0.01	0	0	0	0	0	0	0	0	0	0	0	0	0	0	0	0	0	0	0	0.01	0	0	0	0.87	0.01	0	0.01	0.02	0	0.01	0	0.15	42.39
NA19206	0	0	0	0.01	0.89	0	0	0	0.01	0	0	0	0	0	0	0	0	0	0	0	0	0	0	0	0	0	0.91	0	0	0	0	0	0	0	0	0	0	0	0	0	0	0	0	0	0	0	0	0	0	0	0.18	38.72
NA20752	0	0	0	0	0	0	0	0	0	0	0	0	0	0	0	0	0	0	0.87	0	0	0	0	0.05	0	0	0	0	0	0	0.02	0	0	0	0	0	0	0	0.04	0.02	0	0	0.05	0.02	0	0	0	0	0	0	0.93	43.47
HG00157	0	0	0	0.23	0.45	0	0	0	0.03	0.34	0	0	0	0	0.2	0	0.06	0	0.07	0	0.46	0	0	0.01	0	0	0	0	0	0	0	0	0	0	0	0	0	0	0	0	0	0	0	0	0	0	0	0	0	0	0.15	37.25
HG00258	0	0	0	0.28	0.47	0	0	0	0.09	0.08	0	0	0	0	0	0	0	0	0	0	0	0	0	0	0	0	0	0	0	0	0	0	0	0	0	0	0	0.06	0.09	0	0	0	0.75	0	0	0.03	0	0	0	0	0.15	42.11
HG00177	0	0	0	0	0	0	0	0	0	0	0	0	0	0	0	0	0	0	0	0	0	0	0	0	0	0	0	0	0	0	0	0	0	0	0	0	0	0	0.01	0	0	0	1.81	0	0	0	0	0	0	0	0.18	49.63
HG00353	0	0	0	0.02	0.88	0	0	0	0.01	0	0	0	0	0	0.92	0	0	0	0	0	0	0	0	0	0	0	0	0	0	0	0	0	0	0	0	0	0	0	0	0	0	0	0	0	0	0	0	0	0	0	0.17	36.85
NA19114	0	0	0	0	0.32	0	0	0	0	0	0	0	0	0.54	0	0	0	0	0	0	0	0	0	0.91	0	0	0	0	0	0	0	0	0	0	0	0	0	0	0	0	0	0	0.06	0	0	0	0	0	0	0	0.17	40.22
HG00131	0	0	0	0	0	0	0	0	0	0	0	0	0	0	0	0	0	0	0	0	0	0	0	0.91	0	0	0	0	0	0	0	0	0	0	0	0	0	0	0.01	0	0	0	0.85	0	0	0.06	0	0	0	0	0.17	46.07
HG00372	0	0	0	0	0.8	0	0	0	0.12	0	0	0	0	0	0	0	0	0	0	0	0	0	0	0	0	0	0	0	0	0	0	0	0	0	0.01	0	0	0.06	0.14	0	0.06	0	0.65	0	0	0.01	0	0	0	0	0.15	42.25
NA19092	0	0	0	0	0	0	0	0	0	0	0	0	0	0.91	0	0	0	0	0	0	0	0	0	0	0	0	0	0	0	0	0	0	0	0	0	0	0	0	0.91	0	0	0	0	0	0	0	0	0	0	0	0.18	43.27
NA10847	0	0	0	0	0	0	0	0	0	0	0	0	0	0	0	0	0	0.91	0	0	0.91	0	0	0	0	0	0	0	0	0	0	0	0	0	0	0	0	0	0	0	0	0	0	0	0	0	0	0	0	0	0.18	40.54
HG00277	0	0	0	0	0	0	0	0	0	0	0	0	0	0	0	0	0	0	0	0	0	0	0	0	0	0	0	0	0	0	0.05	0	0	0	0	0	0	0	0.15	0.06	0	0	0.1	0.03	0	0	0	0	0	0	1.61	46.42
NA18510	0	0	0	0	0	0	0	0	0	0	0	0	0	0	0	0	0	0.91	0	0	0	0	0	0	0	0	0	0	0	0	0.91	0	0	0	0	0	0	0	0	0	0	0	0	0	0	0	0	0	0	0	0.18	42.36
NA12399	0	0	0	0.23	0.35	0	0	0	0.12	0.22	0	0	0	0	0	0	0	0	0	0	0	0	0	0	0	0	0	0	0	0	0	0	0	0	0	0	0	0	0	0	0	0	0.91	0	0	0	0	0	0	0	0.17	42.41
HG00327	0	0	0	0	0	0	0	0	0	0	0	0	0	0	0	0	0	0	0	0	0.91	0	0	0	0	0	0	0	0	0	0	0	0	0	0	0	0	0	0	0	0	0	0	0	0	0	0	0	0	0	1.09	43.27
NA19247	0	0	0.02	0.02	0.26	0	0	0	0.22	0.07	0	0	0	0.01	0.12	0	0	0	0.04	0	0	0.02	0	0.13	0	0	0.01	0	0.33	0.04	0.12	0	0	0	0	0	0	0.01	0.07	0.01	0	0	0.11	0.01	0	0.07	0.01	0	0	0	0.3	41.81
HG00332	0	0	0	0	0	0	0	0	0	0	0	0	0	0	0.01	0	0	0	0	0	0	0	0	0	0	0	0	0	0	0	0.01	0	0	0	0	0	0	0	0.06	0	0	0	0.01	0.02	0	0	0.9	0	0	0	0.99	48.77
NA18504	0	0	0	0	0	0	0	0	0	0	0	0	0	0	0	0	0	0	0	0	0	0.21	0	0	0	0	0	0	0	0.01	0.05	0	0	0	0	0.01	0	0	0	0	0	0	0.17	0	0	0.01	0	0	0	0	1.54	45.69
HG00252	0	0	0	0	0.91	0	0	0	0	0	0	0	0	0	0.91	0	0	0	0	0	0	0	0	0	0	0	0	0	0	0	0	0	0	0	0	0	0	0	0	0	0	0	0	0	0	0	0	0	0	0	0.18	36.9
HG00238	0	0	0	0	1.82	0	0	0	0	0	0	0	0	0	0	0	0	0	0	0	0	0	0	0	0	0	0	0	0	0	0	0	0	0	0	0	0	0	0	0	0	0	0	0	0	0	0	0	0	0	0.18	35.08
HG00342	0	0	0	0	0.03	0	0	0	0	0.03	0	0	0	0	0.89	0	0	0	0.01	0	0	0	0	0	0	0	0	0	0	0	0.01	0	0	0	0	0	0	0	0.25	0	0	0	0.01	0	0	0	0	0	0	0	0.77	42.34
NA20581	0	0	0	0.01	0.89	0	0	0	0.13	0	0	0	0	0	0.81	0	0	0	0	0	0	0	0	0	0	0	0	0	0	0	0	0	0	0	0	0	0	0	0	0	0	0	0	0	0	0	0	0	0	0	0.16	36.7
HG00268	0	0	0	0	0	0	0	0	0	0	0	0	0	0	0.91	0	0	0	0	0	0	0	0	0	0	0	0	0	0	0	0	0	0	0	0	0	0	0	0	0	0	0	0.25	0	0	0.67	0	0	0	0	0.17	44.87
HG00154	0	0	0	0.9	0.02	0	0	0	0	0	0	0	0	0	0	0	0	0	0.91	0	0	0	0	0	0	0	0	0	0	0	0	0	0	0	0	0	0	0	0	0	0	0	0	0	0	0	0	0	0	0	0.17	36.85
HG00371	0	0	0	0.84	0.08	0	0	0	0	0	0	0	0	0	0.91	0	0	0	0	0	0	0	0	0	0	0	0	0	0	0	0	0	0	0	0	0	0	0	0	0	0	0	0	0	0	0	0	0	0	0	0.17	36.0
NA18870	0	0	0	0.07	0.42	0	0	0	0.09	0	0	0	0	1.14	0.01	0	0	0	0	0	0	0	0	0	0	0	0	0	0	0	0	0	0	0	0	0	0	0	0	0	0	0	0	0	0	0	0	0	0	0	0.27	37.94
NA20505	0	0	0	0	0	0	0	0	0	0	0	0	0	0.91	0	0	0	0	0	0	0	0	0	0	0	0	0	0	0	0	0	0	0	0	0	0	0	0.04	0.13	0	0	0	0.71	0	0	0.05	0	0	0	0	0.16	44.1
NA20538	0	0	0	0	0	0	0	0	0	0	0	0	0	0	0	0	0	0	0	0	0	0.01	0	0	0	0	0	0	0	0	0	0	0	0	0	0	0	0.01	0.71	0.03	0	0	1.03	0.02	0	0.01	0.02	0	0	0	0.16	48.91
HG00182	0	0	0	0.21	0.62	0	0	0	0.08	0.01	0.01	0	0	0	0	0	0	0	0	0	0	0	0	0	0	0	0	0	0	0	0	0	0	0	0	0	0	0	0	0	0	0	0	0	0	0.01	0	0	0	0	1.06	40.34
NA19207	0	0	0	0	0	0	0	0	0	1.82	0	0	0	0	0	0	0	0	0	0	0	0	0	0	0	0	0	0	0	0	0	0	0	0	0	0	0	0	0	0	0	0	0	0	0	0	0	0	0	0	0.18	36.9
HG00373	0	0	0	0	0	0	0	0	0	0	0	0	0	0	0	0	0	0	1.82	0	0	0	0	0.01	0	0	0	0	0	0	0	0	0	0	0	0	0	0	0	0	0	0	0	0	0	0	0	0	0	0	0.17	40.52
NA20800	0	0	0	0	0	0	0	0	0	0	0	0	0	0	0	0	0	0	0	0	0	0	0	0	0	0	0	0	0	0	0	0	0	0	0	0	0	0	0.01	0	0	0	0.91	0.91	0	0	0	0	0	0	0.17	49.65
HG00151	0	0	0	0	0.91	0	0	0	0.01	0	0	0	0	0	0	0	0	0	0	0	0	0	0	0	0	0	0	0	0	0	0	0	0	0	0	0	0	0	0.11	0	0	0	0.63	0	0	0	0.09	0	0.09	0	0.16	42.49
NA11829	0	0	0	0.06	0	0	0	0	0	0	0	0	0	0	0.01	0	0	0	0.84	0	0	0	0	0.03	0	0	0	0	0	0	0	0	0	0	0.47	0	0.2	0.17	0	0	0	0	0	0	0.07	0	0	0	0	0	0.15	43.54
HG00324	0	0	0	0	0.65	0	0	0	0.27	0	0	0	0	0	0	0	0	0	0	0	0	0	0	0	0	0	0	0	0	0	0	0	0	0	0	0	0	0	0.32	0	0	0	0.08	0	0	0	0	0	0	0	0.68	41.23
HG00120	0	0	0	0	0	0	0	0	0	0	0	0	0	0	0	0	0	0	0	0	0.91	0.91	0	0	0	0	0	0	0	0	0	0	0	0	0	0	0	0	0	0	0	0	0	0	0	0	0	0	0	0	0.18	40.54
NA12828	0	0	0	0.05	0.81	0	0	0	0.05	0	0	0	0	0	0	0	0	0	0	0	0	0	0	0	0	0	0	0	0	0	0	0	0	0	0	0	0	0	0	0	0	0	0	0	0	0	0	0	0	0	1.09	40.54
NA12777	0	0	0	0	0	0	0	0	0	0	0	0	0	0	0	0	0	0	0	0	0.91	0	0	0	0	0	0	0	0	0	0	0	0	0	0	0	0	0	0.06	0	0	0.01	0.85	0	0	0	0	0	0	0	0.17	45.05
NA20539	0	0	0	0	0	0	0	0	0	0.51	0	0	0	0	0.01	0	0	0	0.41	0	0	0	0	0	0	0	0	0	0	0	0	0	0	0	0	0	0	0	0.06	0	0	0	0.8	0	0	0.06	0	0	0	0	0.15	44.02
NA19213	0	0	0	0	0	0	0	0	0	0	0	0	0	0	0	0	0	0	0	0	0	0.01	0	0	0	0	0	0	0	0	0.92	0	0	0	0	0	0	0	0	0	0	0	0	0	0	0	0	0	0	0	1.07	45.05
NA19147	0	0	0	0	0	0	0	0	0	0	0	0	0	0	0	0	0	0	0.91	0	0	0	0	0	0	0	0	0	0	0	0	0	0	0	0	0	0	0	0	0	0	0	0	0	0	0	0	0	0	0	1.09	43.27
HG00379	0	0	0	0	0.01	0	0	0	0	0.04	0	0	0	0	0.37	0	0	0.01	0.43	0	0.01	0	0	0.05	0	0	0	0.01	0	0	0	0	0	0	0	0	0	0	0	0	0	0	0	0.03	0	0	0.89	0	0	0	0.15	45.53
HG00158	0	0	0	0.01	0.08	0	0	0	0.02	0.13	0	0	0	0.01	0.06	0	0	0	0.06	0	0.08	0	0	0.16	0	0	0	0	0	0	0	0	0	0	0	0	0	0.01	0.29	0	0	0	0.95	0	0	0.01	0.01	0	0	0	0.12	45.94
HG00329	0	0	0	0	0	0	0	0	0	0	0	0	0	0	0	0	0	0	0	0	0	0	0	0	0	0	0	0	0	0	0	0	0	0	0	0	0	0	0.01	0	0	0	1.72	0	0	0	0	0	0	0	0.27	49.45
HG00344	0	0	0.01	0	0.15	0	0	0	0.76	0	0	0	0	0.01	0.91	0	0	0	0	0	0	0	0	0	0	0	0	0	0	0	0	0	0	0	0	0	0	0	0	0	0	0	0	0	0	0	0	0	0	0	0.16	37.55
NA11931	0	0	0.01	0	0.95	0	0	0	0.86	0	0	0	0	0.01	0	0	0	0	0	0	0	0	0	0	0	0	0	0	0	0	0	0	0	0	0	0	0	0	0	0	0	0	0	0	0	0	0	0	0	0	0.17	35.89
HG00142	0	0	0	0	0.88	0	0	0	0.04	0	0	0	0	0	0	0	0	0	0	0	0	0	0	0	0	0	0	0	0	0	0	0	0	0	0	0	0	0.06	0.05	0	0	0.03	0.78	0	0	0	0	0	0	0	0.16	42.25
HG00100	0	0	0.01	0	0.15	0	0	0	0.73	0	0	0	0	0.02	0	0	0	0	0	0	0	0	0	0	0	0	0	0.91	0	0	0	0	0	0	0	0	0	0	0	0	0	0	0	0	0	0	0	0	0	0	0.18	40.39
NA12843	0	0	0	0	1.77	0	0	0	0.06	0	0	0	0	0	0	0	0	0	0	0	0	0	0	0	0	0	0	0	0	0	0	0	0	0	0	0	0	0	0	0	0	0	0	0	0	0	0	0	0	0	0.17	35.08
NA18909	0	0	0	0	0.91	0	0	0	0	0	0	0	0	0	0	0	0	0	0	0	0	0	0	0	0	0	0	0	0	0	0	0	0	0	0	0	0	0	0.3	0	0	0	0	0	0	0	0	0	0	0	0.79	40.84
HG00243	0	0	0	0	0.79	0	0	0	0.13	0	0	0	0	0	0	0	0	0	0	0	0	0	0	0	0	0	0.02	0	0	0	0.87	0	0	0	0	0	0	0	0	0	0	0	0	0	0	0	0	0	0	0	0.19	39.7
NA20806	0	0	0	0	0	0	0	0	0	0.01	0	0	0	0	0.91	0	0	0	0	0	0	0	0	0	0	0	0	0	0	0	0	0	0	0	0	0	0	0.03	0.03	0	0	0	0.81	0	0	0.05	0	0	0	0	0.16	44.14
NA20768	0	0	0	0.01	0.9	0	0	0	0.01	0	0	0	0	0	0	0	0	0	0	0	0	0	0	0	0	0	0	0	0	0	0.05	0	0	0	0	0	0	0	0.12	0.08	0	0	0.09	0.03	0	0	0	0	0	0	0.71	40.87
HG00123	0	0	0	0	0	0	0	0	0	0.01	0	0	0	0	0.22	0	0	0	0.54	0.03	0	0	0	0.03	0	0	0	0.1	0	0	0	0	0	0	0	0	0	0	0.62	0	0	0	0.24	0	0	0.02	0.01	0	0.01	0	0.17	44.43
NA20529	0	0	0	0.67	0.23	0	0	0	0.03	0	0	0	0	0	0.01	0	0	0	0	0	0	0	0	0	0	0	0	0	0	0	0	0	0	0	0.11	0	0.76	0.05	0	0	0	0	0	0	0	0	0	0	0	0	0.14	40.55
HG00122	0	0	0	0.35	0.41	0	0	0	0.15	0.01	0.01	0	0	0	0	0	0	0	0	0	0.91	0	0	0	0	0	0	0	0	0	0	0	0	0	0	0	0	0	0	0	0	0	0	0	0	0	0	0	0	0	0.16	37.51
NA18853	0	0	0	0	0	0	0	0	0	0.91	0	0	0	0	0	0	0	0	0	0	0	0	0	0	0	0	0	0	0	0	0	0	0	0	0	0	0	0	0.91	0	0	0	0	0	0	0	0	0	0	0	0.18	42.36
NA19189	0	0	0	0	0	0	0	0	0.01	0	0	0	0	0	0	0	0	0	0	0	0	0	0	0	0	0	0	0	0	0.91	0	0	0	0	0	0	0	0	0.04	0	0	0	0	0	0	0	0	0	0	0	1.04	45.08
HG00148	0	0	0	0.05	0.86	0	0	0	0.02	0	0	0	0	0	0	0	0	0	0	0	0	0	0	0	0	0	0	0	0	0	0	0	0	0	0	0	0	0	0.76	0	0	0	0.14	0	0	0	0	0	0	0	0.17	41.43
HG00171	0	0	0	0	0	0	0	0	0	0	0	0	0	0	0	0	0	0	0.81	0	0	0	0	0.1	0	0	0	0	0	0	0	0	0	0	0	0	0	0	0	0	0	0	0.91	0	0	0	0	0	0	0	0.18	45.19
HG00331	0	0	0	0.28	0.55	0	0	0	0.08	0.01	0.01	0	0	0	0	0	0	0	0	0	0	0	0	0	0	0	0	0	0	0	0	0	0	0	0	0	0	0	0.16	0	0	0	0.72	0	0	0	0	0	0	0	0.19	41.84
HG00381	0	0	0	0	0	0	0	0	0	0	0	0	0	0	0	0	0	0	0	0	0	0	0	0	0	0	0	0	0	0	0	0	0	0	0	0	0	0	0.02	0	0	0	1.81	0	0	0	0	0	0	0	0.17	49.64
NA18856	0	0	0	0	0	0	0	0	0	0	0	0	0	0	0	0	0	0	0	0	0	0	0	0.91	0	0	0	0	0	0.91	0	0	0	0	0	0	0	0	0	0	0	0	0	0	0	0	0	0	0	0	0.18	43.27
HG00345	0	0	0	0	0	0	0	0	0	0	0	0	0	0	0	0	0	0	0.22	0	0	0	0	0.7	0	0	0	0	0	0.01	0.05	0	0	0	0	0	0	0.02	0.43	0.01	0	0	0.19	0.01	0	0	0	0	0	0	0.36	44.74
NA18861	0	0	0	0	0.02	0	0	0	0	0	0	0	0	0	0.01	0	0	0	0	0	0	0	0	0	0	0.08	0.68	0	0	0.73	0.24	0	0	0	0	0	0	0	0.03	0	0	0	0.03	0	0	0	0	0	0	0	0.18	43.44
HG00185	0	0	0	0	0.88	0	0	0	0.03	0	0	0	0	0	0	0	0	0	0.91	0	0	0	0	0	0	0	0	0	0	0	0	0	0.01	0	0	0	0	0	0	0	0	0	0	0	0	0	0	0	0	0	0.17	37.84
NA07051	0	0	0	0	0	0	0	0	0	0	0	0	0	0	0.91	0	0	0	0.01	0	0	0	0	0	0	0	0	0	0	0	0	0	0	0	0	0	0	0	0.91	0	0	0	0	0	0	0	0	0	0	0	0.17	43.24
NA20527	0	0	0	0.06	1.69	0	0	0	0.08	0	0	0	0	0	0	0	0	0	0	0	0	0	0	0	0	0	0	0	0	0	0	0	0	0	0	0	0	0	0	0	0	0	0	0	0	0	0	0	0	0	0.17	35.04
NA20783	0.01	0	0	0.25	0.63	0	0	0	0.13	0.01	0.01	0	0	0	0.02	0	0	0	0	0	0	0	0	0.01	0	0	0	0	0	0	0.06	0	0	0	0.01	0	0.01	0.01	0.19	0	0	0	0.02	0	0	0	0	0	0	0	0.63	39.72
NA19137	0	0.7	0	0	0.02	0	0	0	0	0	0	0	0	0	0.01	0	0	0	0.06	0	0.01	0.01	0	0	0.1	0	0	0	0	0	0	0.01	0	0	0	0	0	0	0.01	0	0	0	0	0	0	0	0	0	0	0	1.07	40.51
NA19201	0	0	0	0	0.91	0	0	0	0	0	0	0	0	0	0	0	0	0	0	0	0	0	0	0	0	0	0	0	0	0	0.91	0	0	0	0	0	0	0	0	0	0	0	0	0	0	0	0	0	0	0	0.18	39.63
NA18488	0	0.91	0	0	0.9	0	0	0	0.01	0	0	0	0	0	0	0	0	0	0	0	0	0	0	0	0	0	0	0	0	0	0	0	0	0	0	0	0	0	0	0	0	0	0	0	0	0	0	0	0	0	0.18	34.18
HG00311	0	0	0	0	0	0	0	0	0	0	0	0	0	0.11	0	0	0	0	0.81	0	0	0	0	0	0	0	0	0	0	0	0	0	0	0	0	0	0	0	0.01	0	0	0	0.9	0	0	0	0	0	0	0	0.17	44.94
HG00337	0	0	0	0.04	1.77	0	0	0	0.02	0	0	0	0	0	0	0	0	0	0	0	0	0	0	0	0	0	0	0	0	0	0	0	0	0	0	0	0	0	0	0	0	0	0	0	0	0	0	0	0	0	0.17	35.0
HG00257	0	0	0	0	0.88	0	0	0	0.04	0	0	0	0	0	0	0	0	0	0	0	0	0	0	0	0	0	0	0	0	0	0	0	0	0	0	0	0	0	0	0	0	0	0	0	0	0.91	0	0	0	0	0.17	43.25
HG00136	0	0	0	0.04	0.85	0	0	0	0.03	0	0	0	0	0	0	0	0	0	0	0	0	0	0	0	0	0	0	0	0	0	0	0	0	0	0	0	0	0	0.13	0.01	0	0	0.59	0	0	0	0.13	0	0.09	0	0.13	42.54
NA20826	0	0	0	0.53	0.33	0	0	0	0.05	0	0.01	0	0	0	0	0	0	0	0	0	0	0	0	0	0	0	0	0	0	0	0.06	0	0	0	0	0	0	0	0.14	0.08	0	0	0.05	0.02	0	0	0	0	0	0	0.73	40.31
NA20518	0	0	0	0.01	0.9	0	0	0	0.01	0	0	0	0	0	0	0	0	0	0	0	0	0	0	0	0	0	0	0	0	0	0	0	0	0	0	0	0	0	0.13	0	0	0	0	0	0	0	0	0	0	0	0.95	40.61
NA20786	0	0	0	0.24	0.56	0	0	0	1.02	0.01	0.01	0	0	0	0	0	0	0	0	0	0	0	0	0	0	0	0	0	0	0	0	0	0	0	0	0	0	0	0	0	0	0	0	0	0	0	0	0	0	0	0.16	35.76
NA20760	0	0	0	0	0.9	0	0	0	0.01	0	0	0	0	0	0	0	0	0	0	0	0	0	0	0	0	0	0	0	0	0	0.01	0	0	0	0	0	0	0	0.03	0	0	0	0	0	0	0	0	0	0	0	1.05	40.57
HG00114	0	0	0	0.06	0.83	0	0	0	0.03	0	0	0	0	0	0	0	0	0	0.91	0	0	0	0	0	0	0	0	0	0	0	0	0	0	0	0	0	0	0	0	0	0	0	0	0	0	0	0	0	0	0	0.17	37.72
HG00117	0	0	0	0	0	0	0	0	0	0	0	0	0	0	0	0	0	0	0	0	0	0	0	0	0	0	0	0	0	0	0	0	0	0	0.01	0	0	0.91	0.18	0	0	0	0.51	0	0	0	0.01	0	0	0	0.38	48.14
NA20534	0	0	0	0	0	0	0	0	0	0.91	0	0	0	0	0	0	0	0	0	0	0	0	0	0	0	0	0	0	0	0	0	0	0	0	0	0	0	0	0.22	0	0	0	0.7	0	0	0	0	0	0	0	0.17	43.07
NA20809	0	0	0	0	0.91	0	0	0	0	0	0	0	0	0	0	0	0	0	0	0	0	0	0	0	0	0	0.13	0	0	0	0.55	0	0	0	0	0	0	0	0.04	0	0	0	0.01	0	0	0	0	0	0	0	0.36	39.79
NA12273	0	0	0	0	0	0	0	0	0	0	0	0	0	0	0.91	0	0	0	0	0	0	0	0	0	0	0	0	0	0	0	0	0	0	0	0	0	0	0	0.01	0	0	0	0.91	0	0	0	0	0	0	0	0.17	44.19
NA20808	0	0	0.01	0.89	0.47	0	0	0	0.46	0	0	0	0	0.01	0	0	0	0	0	0	0	0	0	0	0	0	0	0	0	0	0	0	0	0	0	0	0	0	0	0	0	0	0	0	0	0	0	0	0	0	0.16	34.54
NA19197	0	0	0	0	0	0	0	0	0	0	0	0	0	0	0	0	0	0	0	0	0	0	0	0	0	0	0.91	0	0	0	0	0	0	0	0	0	0	0	0	0	0	0	0	0	0	0	0	0	0	0	1.09	44.18
NA11918	0	0	0	0	0	0	0	0	0	0.04	0	0	0	0	0.82	0	0	0	0.03	0	0	0	0	0.03	0	0	0	0	0	0	0	0	0	0	0	0	0	0	0.04	0.01	0	0	0.02	0.01	0	0	0	0	0	0	1.0	42.48
NA20509	0	0	0	0.16	0.76	0	0	0	0.92	0	0	0	0	0	0	0	0	0	0	0	0	0	0	0	0	0	0	0	0	0	0	0	0	0	0	0	0	0	0	0	0	0	0	0	0	0	0	0	0	0	0.16	35.72
NA20757	0	0	0	0.02	0.59	0	0	0	0.31	0	0	0	0	0	0	0	0	0	0.91	0	0	0	0	0	0	0	0	0	0	0	0	0	0	0	0	0	0	0	0	0	0	0	0	0	0	0	0	0	0	0	0.17	38.04
HG00125	0	0	0	0	0	0	0	0	0.91	0	0	0	0	0	0	0	0	0	0	0	0	0	0	0	0	0	0	0	0	0	0	0	0	0	0	0	0	0	0.71	0	0	0	0.21	0	0	0	0	0	0	0	0.17	42.58
NA11894	0	0	0	0.01	0.91	0	0	0	0.01	0	0	0	0	0	0	0	0	0	0	0	0.91	0	0	0	0	0	0	0	0	0	0	0	0	0	0	0	0	0	0	0	0	0	0	0	0	0	0	0	0	0	0.16	37.69
NA18517	0	0	0	0	0	0	0	0	0	0	0	0	0	0	0	0	0	0	0	0	0	0	0	0	0	0	0	0	0	0	0.91	0	0	0	0	0	0	0	0.06	0	0	0	0	0	0	0	0	0	0	0	1.03	45.15
NA20798	0	0	0	0.23	1.42	0	0	0	0.14	0.03	0.01	0	0	0	0	0	0	0	0	0	0	0	0	0	0	0	0	0	0	0	0	0	0	0	0	0	0	0	0	0	0	0	0	0	0	0	0	0	0	0	0.17	34.97
NA20588	0	0	0	0	0	0	0	0	0	0	0	0	0	0	0.91	0	0	0	0	0	0	0	0	0	0	0	0	0	0	0	0	0	0	0	0	0	0	0	0.12	0.09	0	0	0.14	0.09	0	0	0	0	0	0	0.65	43.03
HG00285	0	0	0	0.3	0.47	0	0	0	0.14	0.01	0.01	0	0	0	0.91	0	0	0	0	0	0	0	0	0	0	0	0	0	0	0	0	0	0	0	0	0	0	0	0	0	0	0	0	0	0	0	0	0	0	0	0.16	36.64
NA19153	0	0	0	0	0	0	0	0	0	0	0	0	0	0	0	0	0	0	0	0	0	0	0	0	0	0.91	0	0	0.91	0	0	0	0	0	0	0	0	0	0	0	0	0	0	0	0	0	0	0	0	0	0.18	43.27
NA20804	0	0	0	0.26	0.23	0.02	0	0	0.4	0	0.01	0	0	0	0	0	0	0	0	0	0	0	0	0	0	0	0	0	0	0	0	0	0	0	0.01	0	0	0.91	0	0	0	0	0	0	0	0	0	0	0	0	0.16	41.54
HG00306	0	0	0	0	0	0	0	0	0	0.11	0	0	0	0.01	0.6	0	0	0.01	1.08	0	0	0	0	0.03	0	0	0	0	0	0	0	0	0	0	0	0	0	0	0	0	0	0	0	0	0	0	0	0	0	0	0.16	39.68
NA19210	0	0.91	0	0	0	0	0	0	0	0	0	0	0	0	0	0	0	0	0	0	0	0	0	0	0	0	0	0	0	0	0	0	0	0	0	0	0	0	0	0	0	0	0	0	0	0	0	0	0	0	1.09	39.63
NA18908	0	0	0	0	0	0	0	0	0	0	0	0	0	0	0	0	0	0	0.91	0	0	0	0	0	0	0	0	0	0	0	0	0	0	0	0	0	0	0	0.91	0	0	0	0	0	0	0	0	0	0	0	0.18	44.18
NA20585	0	0	0	0	0	0	0	0	0	0	0	0	0	0	0	0	0	0	0.91	0	0	0	0	0	0	0	0	0	0	0	0	0	0	0	0	0	0	0	0.42	0	0	0	0.22	0	0	0	0	0	0	0	0.45	44.13
NA20543	0	0	0	0	0.91	0	0	0	0.01	0	0	0	0	0	0	0	0	0	0.9	0	0	0	0	0.02	0	0	0	0	0	0	0	0	0	0	0	0	0	0	0	0	0	0	0	0	0	0	0	0	0	0	0.16	37.75
NA20508	0.01	0	0	0.25	0.52	0	0	0	0.13	0.01	0.01	0	0	0.52	0.04	0	0	0.22	0.1	0	0.03	0	0	0.01	0	0	0	0.01	0	0	0	0	0	0	0	0	0	0	0	0	0	0	0	0	0	0	0	0	0	0	0.14	36.97
NA18916	0	0	0	0	0.01	0	0	0.05	0	0	0	0	0	0	0	0	0	0.91	0	0	0	0	0	0	0	0.04	0	0	0	0.2	0	0.63	0	0	0	0	0	0	0	0	0	0	0	0	0	0	0	0	0	0	0.16	42.68
NA20799	0	0	0	0.35	0.2	0.34	0	0	0.03	0	0.01	0	0	0	0	0	0	0	0	0	0	0	0	0	0	0	0	0	0	0	0	0	0	0	0	0	0	0	0	0	0	0	0	0	0	0	0	0	0	0	1.07	40.11
NA19235	0	0.91	0	0	0	0	0	0	0	0	0	0	0	0	0	0	0	0	0	0	0	0	0	0	0	0	0	0	0	0	0.91	0	0	0	0	0	0	0	0	0	0	0	0	0	0	0	0	0	0	0	0.18	38.72
HG00240	0	0	0	0	0	0	0	0	0	0	0	0	0	0	0.01	0	0	0	0	0	0	0.31	0	0	0	0	0.53	0.91	0	0	0.08	0	0	0	0	0	0	0	0	0	0	0	0	0	0	0	0	0	0	0	0.16	42.98
NA20765	0	0	0.09	0	0.79	0	0	0	0.05	0	0	0	0	0	0.91	0	0	0	0.01	0	0	0	0	0	0	0	0	0	0	0	0	0	0	0	0	0	0	0	0	0	0	0	0	0	0	0	0	0	0	0	0.15	36.71
NA18516	0	0.91	0	0	0	0	0	0	0	0	0	0	0	0	0	0	0	0	0	0	0	0	0	0	0	0	0	0	0	0	0.91	0	0	0	0	0	0	0	0	0	0	0	0	0	0	0	0	0	0	0	0.18	38.72
NA20801	0	0	0	0.1	0.39	0	0	0	0.45	0.14	0	0	0	0	0.14	0	0	0	0.47	0	0.13	0	0	0.04	0	0	0	0	0	0	0	0	0	0	0	0	0	0	0	0	0	0	0.01	0	0	0	0	0	0	0	0.13	37.59
NA18867	0	0	0	0	0	0	0	0	0	0	0	0	0	0	0	0	0	0	0	0	0	0.04	0	0	0.1	0.01	0.02	0	0.29	0.14	0	0	0	0	0	0	0	0.01	0.14	0.02	0	0	0.19	0.83	0	0.01	0.01	0	0	0	0.19	47.46
NA20524	0	0	0	0.13	0.62	0.01	0	0	0.11	0	0.05	0	0	0	0	0	0	0	0	0	0	0.82	0	0	0	0	0.08	0	0	0	0	0	0	0	0	0	0	0	0	0	0	0	0	0	0	0	0	0	0	0	0.18	37.89
HG00323	0	0	0	0	0	0	0	0	0	0.91	0	0	0	0	0	0	0	0	0	0	0	0	0	0	0	0	0	0	0	0	0	0	0	0	0	0	0	0	0.49	0	0	0	0.39	0	0	0	0.01	0	0	0	0.2	42.75
NA20589	0	0	0	0	0	0	0	0	0	0.05	0	0	0	0.01	0.82	0	0	0	0.04	0	0	0	0	0.91	0	0	0	0	0	0	0	0	0	0	0	0	0	0	0	0	0	0	0	0	0	0	0	0	0	0	0.17	40.49
NA11893	0	0	0	0	0	0	0	0	0	0	0	0	0	0	0	0	0	0	0	0	0	0	0	0	0	0	0	0	0	0	0	0	0	0	0	0	0	0	0.23	0.08	0	0	0.7	0.08	0	0	0	0	0	0	0.91	47.87
NA20502	0	0	0	0.2	0.65	0	0	0	0.07	0	0	0	0	0	0	0	0	0	0	0	0	0	0	0	0	0	0	0	0	0	0	0	0	0	0	0	0	0.04	0.12	0	0	0	0.74	0	0	0.02	0	0	0	0	0.16	42.05
HG00282	0	0	0	0.02	0.02	0	0	0	0	0.01	0	0	0	0.01	0.95	0	0	0	0.81	0	0	0	0	0.03	0	0	0	0	0	0	0	0	0	0	0	0	0	0	0	0	0	0	0	0	0	0	0	0	0	0	0.15	39.36
NA19171	0	0	0	0	0	0	0	0	0	0	0	0	0	0	0	0	0	0	0	0	0	0	0	0	0	0	0	0	0	0	0	0	0	0	0	0	0	0	0	0	0	0	0	0	0	0	0	0	0	0	2.0	46.0
NA12761	0	0	0	0	0	0	0	0	0	0.13	0	0	0	0.01	0.09	0	0	0	0.48	0	0.91	0	0	0.22	0	0	0	0	0	0	0	0	0	0	0	0	0	0	0	0	0	0	0	0	0	0	0	0	0	0	0.16	40.34
NA20795	0	0	0	0	0	0	0	0	0	0	0	0	0	0	0	0	0	0	0	0	0	0	0	0	0	0	0	0	0	0	0	0	0	0	0	0	0	0	0.51	0.29	0	0	0.65	0.01	0	0	0	0	0	0	0.54	48.12
NA19238	0	0	0	0	0.91	0	0	0	0.01	0	0	0	0	0	0	0	0	0	0	0	0	0	0	0	0	0	0	0	0.91	0	0	0	0	0	0	0	0	0	0	0	0	0	0	0	0	0	0	0	0	0	0.17	39.58
NA19159	0	0	0	0.09	0.52	0	0	0	0.26	0	0	0	0	0	0	0	0	0.01	0	0	0	0	0	0.91	0	0	0	0	0	0	0	0	0	0.01	0	0	0	0	0	0	0	0	0	0	0	0	0	0	0	0	0.2	39.1
HG00366	0	0	0	0	0	0	0	0	0	0	0	0	0	0	0	0	0	0	0	0	0.91	0	0	0	0	0	0	0	0	0	0	0	0	0	0	0	0	0	0.79	0	0	0	0.08	0	0	0	0	0	0	0	0.22	44.22
NA11992	0	0	0	0	0	0	0	0	1.51	0	0	0	0	0.32	0	0	0	0	0	0	0	0	0	0	0	0	0	0	0	0	0	0	0	0	0	0	0	0	0	0	0	0	0	0	0	0	0	0	0	0	0.17	37.17
HG00141	0	0	0	0	0	0	0	0	0	0	0	0	0	0	0	0	0	0	0	0	0	0.01	0	0	0	0	0	0	0	0	0	0	0	0	0	0	0	0	0.92	0	0	0	0.87	0	0	0.02	0.01	0	0.01	0	0.16	48.76
NA18873	0	0	0.01	0.27	1.11	0	0	0	0.37	0.02	0.01	0	0	0	0	0	0	0.01	0	0	0	0	0	0	0	0	0	0	0	0	0	0	0	0.01	0	0	0	0	0	0	0	0	0	0	0	0	0	0	0	0	0.19	35.35
HG00336	0	0	0	0.01	0.03	0	0	0	0.92	0.01	0	0	0	0.03	0.8	0	0	0	0.04	0	0	0	0	0.01	0	0	0	0	0	0	0	0	0	0	0	0	0	0	0	0	0	0	0	0	0	0	0	0	0	0	0.15	37.64
NA06994	0	0	0	0	0	0	0	0	0	0	0	0	0	0	0	0	0	0	0	0	0	0	0	0	0	0	0	0	0	0	0	0	0	0	0	0	0	0	0.03	0	0	0	0	0	0	0	0	0	0	0	1.97	46.03
NA19190	0	0	0	0	0	0	0	0	0	0	0	0	0	0.91	0	0	0	0	0	0	0	0	0	0	0	0	0	0	0	0	0	0	0	0	0	0	0	0	0.91	0	0	0	0	0	0	0	0	0	0	0	0.18	43.27
HG00186	0	0	0	0	0.91	0	0	0	0	0	0	0	0	0	0	0	0	0	0	0	0	0	0	0	0	0	0	0	0	0	0	0	0	0	0	0	0	0	0.01	0	0	0	0.9	0	0	0.01	0.01	0	0	0	0.16	42.41
NA20805	0	0	0	0.14	0.72	0	0	0	0.07	0	0	0	0	0	0	0	0	0	0	0	0	0	0	0	0	0	0	0	0	0	0	0	0	0	0	0	0	0	0.89	0	0	0	0.03	0	0	0	0	0	0	0	0.15	41.3
HG00325	0	0	0	0	0	0	0	0	0	0	0	0	0	0	0	0	0	0	0	0	0	0	0	0	0	0	0	0	0	0	0	0	0	0	0	0	0	0	0.02	0	0	0	1.55	0	0	0	0	0	0	0	0.43	49.12
NA20766	0	0	0	0.01	0.9	0	0	0	0	0	0	0	0	0.16	0	0	0	0	0.75	0	0	0	0	0	0	0	0	0	0	0	0	0	0	0	0	0	0	0	0	0	0	0	0	0	0	0	0	0	0	0	0.18	37.64
HG00183	0	0	0	0	0	0	0	0	0	0	0	0	0	0	0	0	0	0	0	0	0	0.01	0	0	0	0	0	0	0	0	0.04	0	0	0	0	0	0	0.01	0.84	0	0.08	0	0.66	0	0	0.02	0.02	0	0	0	0.32	48.38
NA12827	0	0	0	0	0	0	0	0	0	0	0	0	0	0	0	0	0	0	0	0	0	0	0	0	0	0	0	0	0	0	0	0	0	0	0	0	0	0	0.89	0	0	0	0	0	0	0	0	0	0	0	1.11	46.89
NA12400	0	0	0	0	0	0	0	0	0	0	0	0	0	0	0.89	0	0	0	0.03	0	0	0	0	0	0	0	0	0	0	0	0	0	0	0	0	0	0	0	0.71	0	0	0	0.12	0	0	0	0.08	0	0.01	0	0.16	43.58
NA12760	0	0	0	0	0	0	0	0	0	0	0	0	0	0	0.04	0	0	0.04	0.84	0	0	0.91	0	0	0	0	0	0	0	0	0	0	0	0	0	0	0	0	0	0	0	0	0	0	0	0	0	0	0	0	0.17	40.47
NA20540	0	0	0	0	0	0	0	0	0	0.05	0	0	0	0.01	0.28	0	0.02	0	0.4	0	0.06	0	0	0.12	0	0	0	0	0	0	0.02	0	0	0	0	0	0	0	0.1	0.41	0	0	0.01	0	0	0	0	0	0	0	0.52	43.42
NA20772	0	0	0	0.91	0	0	0	0	0	0	0	0	0	0	0	0	0	0	0	0	0	0	0	0	0	0	0	0	0	0	0.06	0	0	0	0	0	0	0	0.16	0.04	0	0	0.09	0.01	0	0	0	0	0	0	0.73	39.97
NA07056	0	0	0	0	0	0	0	0	0	0	0	0	0	0	1.69	0	0	0	0.14	0	0	0	0	0	0	0	0	0	0	0	0	0	0	0	0	0	0	0	0	0	0	0	0	0	0	0	0	0	0	0	0.17	38.82
NA12154	0	0	0	0	0.05	0	0	0	0	0	0	0	0	0	0	0	0	0	0	0	0	0	0	0	0	0	0	0	0	0.65	0.15	0	0	0	0.23	0	0.01	0.43	0.15	0.01	0	0	0.12	0	0.01	0	0	0	0	0	0.19	45.77
HG00149	0	0	0	0	0.91	0	0	0	0	0.02	0	0	0	0	0.9	0	0	0	0	0	0	0	0	0	0	0	0	0	0	0	0	0	0	0	0	0	0	0	0	0	0	0	0	0	0	0	0	0	0	0	0.17	36.84
NA18912	0	0	0	0	0	0	0	0	0	0.91	0	0	0	0	0	0	0	0	0	0	0	0	0	0	0	0	0	0	0	0	0	0	0	0	0	0	0	0	0	0	0	0	0	0	0	0	0	0	0	0	1.09	41.45
HG00343	0	0	0	0	0	0	0	0	0	0	0	0	0	0	0	0	0	0	0	0	0	0	0	0	0	0	0	0	0	0	0	0	0	0	0	0	0	0	0.6	0	0	0	1.21	0	0	0	0	0	0	0	0.19	49.02
NA19130	0	0	0	0	0	0	0	0	0	0	0	0	0	0	0	0	0	0	0	0	0	0	0	0.92	0	0	0	0	0	0	0.91	0	0	0	0	0	0	0	0	0	0	0	0	0	0	0	0	0	0	0	0.17	43.25
NA12286	0	0	0	0.22	0.57	0	0	0	0.13	0	0	0	0	0.01	0	0	0	0	0	0	0	0	0	0	0	0	0	0	0	0	0	0	0	0	0	0	0	0	0.19	0	0	0	0.38	0.33	0	0.01	0.01	0	0.01	0	0.14	42.06
NA12340	0	0	0	0	0	0	0	0	0	0	0	0	0	0	0	0	0	0	0.78	0	0.91	0	0	0.14	0	0	0	0	0	0	0	0	0	0	0	0	0	0	0	0	0	0	0	0	0	0	0	0	0	0	0.17	40.65
HG00118	0	0	0	0	0	0	0	0	0.91	0	0	0	0	0	0	0	0	0	0	0	0	0	0	0	0	0	0	0	0	0	0	0	0	0	0	0	0	0.04	0.08	0	0	0	0.76	0	0	0.04	0	0	0	0	0.17	43.21
HG00275	0	0	0	0	0.58	0	0	0	0	0	0	0	0	0.16	0	0	0	0.18	0	0	0	0	0	0	0	0	0	0	0	0	0	0	0	0	0	0	0	0	0.17	0	0	0	0.5	0.02	0	0.02	0.16	0	0.06	0	0.15	43.33
NA19143	0	0	0	0	0	0	0	0	0	0	0	0	0	0	0	0	0	0	0	0	0	0	0	0	0	0	0	0	0	0	0	0	0	0	0	0	0	0	0.87	0	0	0	0	0	0	0	0	0	0	0	1.13	46.87
HG00280	0	0	0	0	0	0	0	0	0	0	0	0	0	0	0.91	0	0	0	0	0	0	0	0	0	0	0	0	0	0	0	0	0	0	0	0	0	0	0	0	0	0	0	0	0.01	0	0	0.9	0	0	0	0.18	45.08
NA12383	0	0	0	0	0	0	0	0	0	0	0	0	0	0	0.91	0	0	0	0	0	0	0	0	0	0	0	0	0	0	0	0	0	0	0	0.91	0	0	0	0	0	0	0	0	0	0	0	0	0	0	0	0.18	42.36
NA12717	0	0	0	0	0	0	0	0	0	0.79	0	0	0	0	1.04	0	0	0	0	0	0	0	0	0	0	0	0	0	0	0	0	0	0	0	0	0	0	0	0	0	0	0	0	0	0	0	0	0	0	0	0.17	37.89
NA20814	0	0	0.01	0.2	1.3	0	0	0	0.27	0	0	0	0	0.05	0	0	0	0	0	0	0	0	0	0	0	0	0	0	0	0	0	0	0	0	0	0	0	0	0	0	0	0	0	0	0	0	0	0	0	0	0.17	35.18
NA18501	0	0.35	0	0	0.02	0	0	0	0	0.01	0	0	0	0.01	0.03	0	0	0.01	0.04	0	0.01	0	0	0.06	0	0	0	0	0.91	0	0.01	0	0	0	0	0	0	0	0.39	0	0	0	0	0	0	0	0	0	0	0	0.15	42.39
HG00231	0	0	0	0	0	0	0	0	0	0	0	0	0	0	0.01	0	0	0	0.18	0	0	0	0	0	0	0	0	0.73	0	0	0	0	0	0	0	0	0	0	0.91	0	0	0	0	0	0	0	0	0	0	0	0.17	45.6
HG00242	0	0	0	0.03	0.87	0	0	0	0.02	0	0	0	0	0	0	0	0	0	0	0	0	0	0	0	0	0	0	0	0	0	0	0	0	0	0	0	0	0	0	0	0	0	0.91	0	0	0	0	0	0	0	0.17	42.29
NA18486	0	0	0	0	0	0	0	0	0	0	0	0	0	0	0	0	0	0	0	0	0	0	0	0.91	0	0.91	0	0	0	0	0	0	0	0	0	0	0	0	0	0	0	0	0	0	0	0	0	0	0	0	0.18	42.36
HG00274	0	0	0	0	0	0	0	0	0	0	0	0	0	0	0	0	0	0	0	0	0	0	0	0	0	0	0	0	0	0	0	0	0	0	0	0	0	0	0.44	0	0	0	1.33	0	0	0.06	0	0	0	0	0.17	49.28
HG00335	0	0	0	0	0	0	0	0	0	0	0	0	0	0	0	0	0	0	1.08	0	0	0	0	0.75	0	0	0	0	0	0	0	0	0	0	0	0	0	0	0	0	0	0	0	0	0	0	0	0	0	0	0.17	41.26
HG00259	0	0	0	0	0	0	0	0	0	0	0	0	0	0	0	0	0	0	0	0	0	0	0	0	0	0	0	0	0	0	0	0	0	0	0	0	0	0	0.76	0	0	0	0.91	0	0	0	0	0	0	0	0.33	48.58
NA20530	0	0	0	0	0	0	0	0	0	0	0	0	0	0	0	0	0	0	0	0	0	0	0	0	0	0	0	0	0	0	0	0	0	0	0	0	0	0	0.07	0	0	0	0	0	0	0.91	0	0	0	0	1.02	48.8
HG00096	0	0	0	0	0	0	0	0	0	0.27	0	0	0	0	0.91	0	0	0	0.66	0	0	0	0	0	0	0	0	0	0	0	0	0	0	0	0	0	0	0	0	0	0	0	0	0	0	0	0	0	0	0	0.16	39.03
NA18871	0	0.41	0.51	0	0	0	0	0	0	0	0	0	0	0	0.04	0	0	0	0	0	0	0.01	0	0.01	0	0.38	0.02	0	0	0.26	0	0	0	0	0	0	0	0.03	0.08	0.01	0	0	0.07	0	0	0.01	0	0	0	0	0.16	38.58
NA20802	0	0	0	0.11	0.6	0.05	0	0	0.14	0	0.02	0	0	0	0	0	0	0	0	0	0	0.91	0	0	0	0	0	0	0	0	0	0	0	0	0	0	0	0	0	0	0	0	0	0	0	0	0	0	0	0	0.17	37.8
HG00236	0	0	0	0	0	0	0	0	0	0	0	0	0.07	0.25	0	0	0	0.6	0	0	0	0	0	0	0	0	0	0	0	0	0	0	0	0	0	0	0	0.06	0.09	0	0	0	0.75	0	0	0.02	0	0	0	0	0.16	44.63
NA11920	0	0	0	0.02	0.78	0	0	0	0.11	0	0	0	0	0	0	0	0	0	0	0	0	0.91	0	0	0	0	0	0	0	0	0	0	0	0	0	0	0	0	0	0	0	0	0	0	0	0	0	0	0	0	0.18	37.9
HG00239	0	0	0	0.04	0.87	0	0	0	0.92	0	0	0	0	0	0	0	0	0	0	0	0	0	0	0	0	0	0	0	0	0	0	0	0	0	0	0	0	0	0	0	0	0	0	0	0	0	0	0	0	0	0.17	35.9
HG00265	0	0	0	0	0.91	0	0	0	0.01	0.12	0	0	0	0	0.68	0	0	0	0.01	0	0	0	0	0.11	0	0	0	0	0	0	0	0	0	0	0	0	0	0	0	0	0	0	0	0	0	0	0	0	0	0	0.16	36.92
HG00115	0	0	0	0	0	0	0	0	0	0	0	0	0	0	0.01	0	0	0	0.91	0	0	0	0	0.01	0	0	0	0	0	0	0	0	0	0	0	0	0	0	0.01	0	0	0	0.61	0	0	0	0	0	0.29	0	0.16	45.6
HG00244	0	0	0	0	0	0	0	0	0	0	0	0	0	0	0	0	0	0	0.06	0	0	0	0	0.85	0	0	0	0	0	0	0	0	0	0	0	0	0	0	0	0	0	0	0	0	0	0	0	0	0	0	1.09	44.12
NA18868	0	0	0	0	0	0	0	0	0	0.91	0	0	0	0	0	0	0	0	0	0	0	0	0	0	0	0.05	0	0	0	0.87	0	0	0	0	0	0	0	0	0	0	0	0	0	0	0	0	0	0	0	0	0.17	40.48
HG00110	0	0	0	0.16	0.48	0	0	0	0.11	0	0	0	0	0	0	0	0	0	0	0	0	0	0	0	0	0	0	0	0	0	0	0	0	0	0	0	0	0	0.67	0	0	0	0.09	0	0	0	0	0	0	0	0.49	42.3
HG00181	0	0	0.05	0.02	0.9	0	0	0	0.85	0	0	0	0	0.02	0	0	0	0	0	0	0	0	0	0	0	0	0	0	0	0	0	0	0	0	0	0	0	0	0	0	0	0	0	0	0	0	0	0	0	0	0.16	35.78
HG00187	0	0	0	0	0.83	0	0	0	0.09	0	0	0	0	0	0	0	0	0	0	0	0	0	0	0	0	0	0	0	0	0	0	0	0	0	0	0	0	0	0.08	0	0	0	0.32	0	0	0	0.52	0	0.01	0	0.15	42.89
HG00188	0	0	0	0	0.91	0	0	0	0	0	0	0	0	0	0	0	0	0	0.42	0	0	0	0	0.5	0	0	0	0	0	0	0	0	0	0	0	0	0	0	0	0	0	0	0	0	0	0	0	0	0	0	0.17	38.28
NA20542	0	0	0	0	0	0	0	0	0	0.91	0	0	0	0	0	0	0	0	0	0	0	0	0	0	0	0	0	0	0	0	0	0	0	0	0	0	0	0	0.19	0	0	0	0.73	0	0	0	0	0	0	0	0.17	43.1
HG00264	0	0	0	0.24	0.56	0	0	0	0.11	0	0.01	0	0	0	0.01	0	0.1	0	0.08	0	0.71	0	0	0.03	0	0	0	0	0	0	0	0	0	0	0	0	0	0	0	0	0	0	0	0	0	0	0	0	0	0	0.15	37.59
HG00315	0	0	0	0	0	0	0	0	0	0	0	0	0.21	0.14	0.01	0	0	0.48	0.07	0	0	0	0	0.03	0	0	0	0	0	0	0	0	0	0	0	0	0	0	0	0	0	0	0.91	0	0	0	0	0	0	0	0.15	44.67
HG00376	0	0	0	0	0	0	0	0	0	0	0	0	0	0	0.91	0	0	0	0	0	0	0	0	0	0	0	0	0	0	0	0	0	0	0	0	0	0	0	0.06	0	0	0	0.84	0	0	0	0	0	0	0	0.19	44.1
NA20811	0.14	0	0	0.23	1.29	0	0	0	0.07	0.11	0	0	0	0	0	0	0	0	0	0	0	0	0	0	0	0	0	0	0	0	0	0	0	0	0	0	0	0	0	0	0	0	0	0	0	0	0	0	0	0	0.16	34.49
NA20785	0	0	0	0.38	0.31	0	0	0	0.08	0.16	0	0	0	0	0.01	0	0	0	0.9	0	0	0	0	0.01	0	0	0	0	0	0	0	0	0	0	0	0	0	0	0	0	0	0	0	0	0	0	0	0	0	0	0.15	37.52
HG00176	0	0	0	0	0	0	0	0	0	0	0	0	0	0	0	0	0	0	0	0	0	0	0	0	0	0	0	0	0	0	0	0	0	0	0	0	0	0	0.67	0	0	0	0.99	0	0	0	0	0	0	0	0.34	48.65
NA18507	0	0	0	0	0	0	0	0	0	0	0	0	0	0	0	0	0	0	0	0	0	0.01	0	0	0	0.01	0	0	0	0.01	1.2	0	0	0	0	0	0	0	0.15	0	0	0	0.01	0	0	0	0	0	0	0	0.61	44.91
HG00261	0	0	0	0	0	0	0	0	0	0	0	0	0	0	0.05	0	0	0	0	0	0	0	0	0	0	0	0	0	0	0	0.03	0	0	0	0	0	0	0.07	0.69	0.01	0	0	0.41	0.01	0	0.01	0.01	0	0	0	0.71	47.44
HG00179	0	0	0	0	0	0	0	0	0	0	0	0	0	0	0	0	0	0	0	0	0.91	0	0	0	0	0	0	0	0	0	0	0	0	0	0	0	0	0	0.06	0.03	0	0	0.04	0.01	0	0	0	0	0	0	0.95	43.46
NA12776	0	0	0	0	0.91	0	0	0	0	0	0	0	0	0	0	0	0	0	0	0	0	0	0	0	0	0	0	0	0	0	0	0	0	0	0	0	0	0	0	0	0	0	0	0	0	0	0	0	0	0	1.09	40.54
NA20758	0	0	0	0	0.91	0	0	0	0	0	0	0	0	0	0.34	0	0	0	0.43	0	0	0	0	0.15	0	0	0	0	0	0	0	0	0	0	0	0	0	0	0	0	0	0	0	0	0	0	0	0	0	0	0.17	37.59
NA18498	0	0	0	0	0.02	0	0	0	0.11	0.11	0	0	0	0	0	0	0	0	0	0	0	0.02	0	0	0.91	0	0.01	0	0	0	0	0	0	0	0	0	0	0.04	0.23	0.02	0	0	0.15	0.01	0	0	0.01	0	0	0	0.36	43.52
HG00321	0	0	0	0.91	0.01	0	0	0	0	0	0	0	0	0	0	0	0	0	0.01	0	0	0	0	0.91	0	0	0	0	0	0	0	0	0	0	0	0	0	0	0	0	0	0	0	0	0	0	0	0	0	0	0.16	37.72
HG00313	0	0	0	0	0.93	0	0	0	0	0	0	0	0	0	0	0	0	0	0	0	0	0	0	0	0	0	0	0	0	0.03	0.05	0	0	0	0	0	0	0.01	0.19	0.01	0	0	0.23	0	0	0	0	0	0	0	0.55	41.01
HG00174	0	0	0	0	0	0	0	0	0	0	0	0	0	0	0.3	0	0	0	0.44	0	0.19	0	0	0	0	0	0	0	0	0	0	0	0	0	0	0	0	0	0.08	0	0	0	0.32	0	0	0	0.52	0	0.01	0	0.14	45.23
NA12287	0	0	0	0.01	1.76	0	0	0	0.05	0	0	0	0	0	0	0	0	0	0	0	0	0	0	0	0	0	0	0	0	0	0	0	0	0	0	0	0	0	0	0	0	0	0	0	0	0	0	0	0	0	0.18	35.12
NA20756	0	0	0	0	0.91	0	0	0	0	0	0	0	0	0	0	0	0	0	0	0	0	0	0	0	0	0	0	0	0	0	0.03	0	0	0	0	0	0	0	0.28	0.06	0	0	0.08	0.03	0	0	0	0	0	0	0.61	41.07
HG00180	0.01	0	0	0.11	0.76	0	0	0	0.05	0	0	0	0	0	0	0	0	0	0	0	0	0	0	0	0	0	0	0	0	0	0	0	0	0	0	0	0	0	0.29	0	0	0	0.08	0	0	0	0	0	0	0	0.7	40.78
NA19257	0	0	0	0.29	1.39	0	0	0	0.13	0	0.01	0	0	0	0	0	0	0	0	0	0	0	0	0	0	0	0	0	0	0	0	0	0	0	0	0	0	0	0	0	0	0	0	0	0	0	0	0	0	0	0.18	34.93
HG00112	0	0	0	0	0	0	0	0	0	0	0	0	0	0.05	0.69	0	0	0	0.13	0	0.06	0	0	0	0	0	0	0	0	0	0	0	0	0	0	0	0	0	0.91	0	0	0	0	0	0	0	0	0	0	0	0.16	43.38
NA20586	0	0	0.09	0	0.79	0	0	0	0.05	0	0	0	0	0	0	0	0	0	0	0	0	0	0	0	0	0	0	0	0	0	0	0	0	0	0	0	0	0	0.02	0	0	0	0	0	0	0	0	0	0	0	1.05	40.4
NA12347	0	0	0	0	0	0	0	0	0	0.02	0	0	0	0	0.35	0	0.01	0	0.49	0	0.05	0	0	0.02	0	0.01	0	0	0	0	0	0	0	0	0.03	0	0	0.89	0	0	0	0	0.01	0	0	0	0	0	0	0	0.12	43.7
NA20517	0	0	0	0	0	0	0	0	0	0	0	0	0	0	0	0	0	0	0	0	0	0	0	0	0	0	0	0	0	0	0	0	0	0	0	0	0	0.01	0.14	0.04	0	0.01	0.8	0.04	0	0	0	0	0.01	0	0.95	47.93
HG00384	0	0	0	0	0	0	0	0	0	0.03	0	0	0	0	0.86	0	0	0	0.01	0	0	0	0	0.03	0	0	0	0	0	0	0	0	0	0	0	0	0	0	0.15	0	0	0	0.29	0.04	0	0	0.44	0	0	0	0.15	44.45
NA12283	0	0	0	0	0.91	0	0	0	0	0	0	0	0	0	0.91	0	0	0	0	0	0	0	0	0	0	0	0	0	0	0	0	0	0	0	0	0	0	0	0	0	0	0	0	0	0	0	0	0	0	0	0.18	36.9
NA11843	0	0	0	0.01	0.89	0	0	0	0.02	0	0	0	0	0.01	0.55	0	0	0	0.36	0	0	0	0	0	0	0	0	0	0	0	0	0	0	0	0	0	0	0	0	0	0	0	0	0	0	0	0	0	0	0	0.16	37.17
NA20778	0	0	0	0.18	0.72	0	0	0	0.03	0.16	0	0	0	0	0.75	0	0	0	0	0	0	0	0	0	0	0	0	0	0	0	0	0	0	0	0	0	0	0	0	0	0	0	0	0	0	0	0	0	0	0	0.16	36.47
NA20541	0	0	0	0	0	0	0	0	0	0	0	0	0	0	0	0	0	0	0	0	0	0	0	0	0	0	0	0	0	0	0	0	0	0	0	0	0	0	1.54	0	0	0	0.14	0	0	0	0.03	0	0	0	0.29	47.91
HG00267	0	0	0	0	0	0	0	0	0	0.01	0	0	0	0	1.13	0	0	0	0.64	0	0.04	0	0	0.02	0	0	0	0	0	0	0	0	0	0	0	0	0	0	0	0	0	0	0	0	0	0	0	0	0	0	0.16	39.35
NA19102	0	0	0	0	0	0	0	0	0	0	0	0	0	0	0	0	0	0	0	0	0	0	0	0	0	0	0	0.91	0	0	0.91	0	0.01	0	0	0	0	0	0	0	0	0	0	0	0	0	0	0	0	0	0.17	44.18
NA12272	0	0	0	0	0	0	0	0	0	0	0	0	0	0	0.91	0	0	0	0	0	0	0	0	0	0	0	0	0	0	0	0	0	0	0	0.91	0	0	0	0	0	0	0	0	0	0	0	0	0	0	0	0.18	42.36
NA19141	0	0	0	0.11	0.7	0	0	0	0.11	0.01	0	0	0	0	0	0	0	0.01	0	0	0	0	0	0	0	0.91	0	0	0	0	0	0	0	0	0	0	0	0	0	0	0	0	0	0	0	0	0	0	0	0	0.15	38.58
NA07048	0	0	0	0	0	0	0	0	0	0	0	0	0	0	0.91	0	0	0	0	0	0	0.01	0	0	0	0	0	0	0	0	0	0	0	0	0	0	0	0	0.04	0.38	0	0.01	0.16	0.15	0	0	0.19	0	0	0	0.15	43.96
NA20769	0	0	0	0	0	0	0	0	0	0	0	0	0	0	0	0	0	0	0.91	0	0	0	0	0	0	0	0	0	0	0	0	0	0	0	0	0	0	0	0.91	0	0	0	0	0	0	0	0	0	0	0	0.18	44.18
NA20773	0	0	0	0.88	0.03	0	0	0	0.01	0	0	0	0	0	0	0	0	0	0.91	0	0	0	0	0	0	0	0	0	0	0	0	0	0	0	0	0	0	0	0	0	0	0	0	0	0	0	0	0	0	0	0.17	36.88
HG00328	0	0	0	0	0	0	0	0	0	0	0	0	0	0	0	0	0	0	0.91	0	0	0	0	0.01	0	0	0	0	0	0	0	0	0	0	0	0	0	0	0.49	0	0	0	0.11	0	0	0	0	0	0	0	0.48	43.96
HG00106	0	0	0	0.04	0.69	0	0	0	0.18	0	0	0	0	0.01	0	0	0	0.01	0	0	0	0	0	0.91	0	0	0	0	0	0	0	0	0	0	0	0	0	0	0	0	0	0	0	0	0	0	0	0	0	0	0.16	38.79
HG00361	0	0	0	0.91	0.01	0	0	0	0	0	0	0	0	0	0	0	0	0	0	0	0	0	0	0	0	0	0	0	0	0	0	0	0	0	0	0	0	0	0	0	0	0	0.91	0	0	0	0	0	0	0	0.17	41.39
HG00253	0	0	0	0.15	0.68	0	0	0	0.06	0	0.04	0	0	0	0	0	0	0	0	0	0	0	0	0	0	0	0	0	0	0	0	0	0	0	0	0	0	0	0.38	0	0	0	0.54	0	0	0	0	0	0	0	0.15	41.83
HG00155	0	0	0	0.65	0.18	0	0	0	0.09	0	0.01	0	0	0	0	0	0	0	0	0	0	0	0	0	0	0	0	0	0	0	0	0	0	0	0	0	0	0	0	0	0	0	0.9	0	0	0.02	0	0	0	0	0.15	41.73
NA20792	0	0	0	0.01	1.8	0	0	0	0.02	0	0	0	0	0	0	0	0	0	0	0	0	0	0	0	0	0	0	0	0	0	0	0	0	0	0	0	0	0	0	0	0	0	0	0	0	0	0	0	0	0	0.17	35.03
NA20759	0	0	0	0.01	0.13	0	0	0	0.01	0.52	0	0	0	0	0.4	0	0	0.78	0	0	0	0	0	0	0	0	0	0	0	0	0	0	0	0	0	0	0	0	0	0	0	0	0	0	0	0	0	0	0	0	0.15	38.56
NA18934	0	0	0	0	0.01	0	0	0	0.02	0	0	0	0	0	0.3	0	0	0	0.03	0	0	0	0	0	0	0.01	0.01	0	0.03	0.49	0	0	0	0.01	0	0	0	0	0.01	0	0	0	0	0	0	0	0	0	0	0	1.08	44.0
NA11840	0.01	0	0	0.15	0.05	0	0	0	0.72	0	0	0	0	0	0	0	0	0	0	0	0	0	0	0	0	0	0	0	0	0	0	0	0	0	0	0	0	0	0.47	0	0	0	0.4	0	0	0	0	0	0	0	0.2	42.23
HG00109	0	0	0	0	0.91	0	0	0	0	0	0	0	0	0	0.11	0	0	0	0.8	0	0	0	0	0.01	0	0	0	0	0	0	0	0	0	0	0	0	0	0	0	0	0	0	0	0	0	0	0	0	0	0	0.17	37.68
NA18511	0	0	0	0	0	0	0	0	0	0	0	0	0	0	0.08	0	0	0	0	0	0	0.02	0	0	0	0.72	0.05	0	0	0.49	0	0	0	0	0	0	0	0.11	0.07	0.01	0	0	0.21	0	0	0.03	0	0	0	0	0.21	44.29
HG01334	0	0	0	0	0	0	0	0	0	0	0	0	0	0	0.14	0	0	0	1.34	0.01	0	0	0	0.09	0	0	0	0.26	0	0	0	0	0	0	0	0	0	0	0	0	0	0	0	0	0	0	0	0	0	0	0.16	40.95
NA12842	0	0	0	0	0	0	0	0	0	0	0	0	0	0	0	0	0	0	0	0	0	0.01	0	0	0	0	0	0	0	0	0	0	0	0	0	0	0	0	1.37	0	0	0	0	0	0	0	0	0	0	0	0.62	47.34
HG00338	0	0	0	0.01	0.9	0	0	0	0.01	0	0	0	0	0.9	0.01	0	0	0	0.01	0	0.01	0	0	0	0	0	0	0	0	0	0	0	0	0	0	0	0	0	0	0	0	0	0	0	0	0	0	0	0	0	0.15	36.78
HG00269	0	0	0	0	0	0	0	0	0.91	0	0	0	0	0	0.3	0	0	0	0.45	0	0.18	0	0	0	0	0	0	0	0	0	0	0	0	0	0	0	0	0	0	0	0	0	0	0	0	0	0	0	0	0	0.16	38.36
HG00173	0	0	0	0	0	0	0	0	0	0	0	0	0	0	0	0	0	0	0.91	0	0	0	0	0	0	0	0	0	0	0	0	0	0	0	0	0	0	0	0	0	0	0	0	0	0	0	0	0	0	0	1.09	43.27
NA06986	0	0	0	0	0	0	0	0	0	0	0	0	0	0	0	0	0	0	0	0	0	0	0	0	0	0	0	0	0	0	0.01	0	0	0	0	0	0	0	0.04	0.01	0	0	0.01	0	0	0	0	0	0	0	1.93	46.06
NA12003	0	0	0	0	0.91	0	0	0	0	0.91	0	0	0	0	0	0	0	0	0	0	0	0	0	0	0	0	0	0	0	0	0	0	0	0	0	0	0	0	0	0	0	0	0	0	0	0	0	0	0	0	0.18	35.99
NA20774	0	0	0	0	0	0	0	0	0	0.01	0	0	0	0.08	0.35	0	0	0	0.3	0	0.01	0	0	0.11	0	0	0	0.07	0	0	0	0	0	0	0	0	0	0	0.03	0	0	0	0	0	0	0	0	0	0	0	1.04	43.04
NA20828	0	0	0	0.02	0.38	0	0	0	0.53	0	0	0	0	0	0.91	0	0	0	0.01	0	0	0	0	0	0	0	0	0	0	0	0	0	0	0	0	0	0	0	0	0	0	0	0	0	0	0	0	0	0	0	0.15	37.26
HG00284	0	0	0	0	0	0	0	0	0	0	0	0	0	0	0	0	0	0	0	0	0	0	0	0	0	0	0	0	0	0.01	0.01	0	0	0	0	0	0	0	0.49	0	0	0	0.64	0	0	0	0	0	0	0	0.85	47.75
NA12750	0	0	0	0	0	0	0	0	0	0	0	0	0	0.01	0	0	0	0	0.91	0	0	0	0	0	0	0	0	0	0	0	0	0	0	0	0	0	0	0.03	0.1	0	0	0	0.71	0.06	0	0.04	0	0	0	0	0.14	45.02
NA18522	0	0	0	0	0	0	0	0	0	0	0	0	0	0.91	0	0	0	0	0	0	0	0	0	0	0	0.91	0	0	0	0	0	0	0	0	0	0	0	0	0	0	0	0	0	0	0	0	0	0	0	0	0.18	40.54
NA12275	0	0	0	0.03	0.87	0	0	0	0.02	0	0	0	0	0.9	0	0	0	0.01	0	0	0	0	0	0	0	0	0	0	0	0	0	0	0	0	0	0	0	0	0	0	0	0	0	0	0	0	0	0	0	0	0.17	36.84
NA20528	0	0	0	0	0	0	0	0	0.93	0	0	0	0	0.01	0.89	0	0	0	0	0	0	0	0	0	0	0	0	0	0	0	0	0	0	0	0	0	0	0	0	0	0	0	0	0	0	0	0	0	0	0	0.17	37.75
NA18910	0	0	0	0.22	0.53	0.01	0	0	0.15	0	0.01	0	0	0	0	0	0	0	0	0	0	0	0	0	0	0	0	0	0	0	0	0	0	0	0	0	0	0	0.06	0	0	0	0	0	0	0	0	0	0	0	1.02	40.48
HG00272	0	0	0	0.01	0.35	0	0	0	0.03	0	0	0	0	0	0.24	0	0	0	0.48	0.01	0.22	0.01	0	0	0	0	0.01	0	0	0	0	0	0	0	0	0	0	0	0.02	0.46	0	0	0.01	0	0	0	0	0	0	0	0.15	41.04
HG00138	0	0	0	0	0	0	0	0	0	0	0	0	0	0	0	0	0	0	0	0	0	0	0	0	0	0	0	0	0	0	0	0	0	0	0	0	0	0	1.74	0	0	0	0.05	0	0	0	0	0	0	0	0.21	47.84
HG00159	0	0	0	0	0	0	0	0	0	0.93	0	0	0	0	0.36	0	0.01	0	0.01	0	0.54	0	0	0	0	0	0	0	0	0	0	0	0	0	0	0	0	0	0	0	0	0	0	0	0	0	0	0	0	0	0.15	38.23
HG00108	0	0	0	0	0.91	0	0	0	0	0	0	0	0	0	0	0	0	0	0	0	0	0	0	0	0	0	0	0	0	0	0	0	0	0	0	0	0	0	0.64	0	0	0	0	0.28	0	0	0	0	0	0	0.17	41.74
NA19256	0	0	0	0	0	0	0	0	0	0	0	0	0	0	0	0	0	0	0	0	0	0	0	0	0	0	0	0	0	0	0.91	0	0	0	0	0.91	0	0	0	0	0	0	0	0	0	0	0	0	0	0	0.18	46.0
HG00111	0	0	0	0.01	0.01	0	0	0	0.21	0.02	0	0	0	0.01	0.58	0	0	0	0.08	0	0	0	0	0.01	0	0	0	0	0	0	0	0	0	0	0	0	0	0.01	0.17	0	0	0.01	0.21	0	0	0	0	0	0.03	0	0.64	42.84
HG00143	0	0	0	0.01	0.91	0	0	0	0.01	0	0	0	0	0	0	0	0	0	0.91	0	0	0	0	0	0	0	0	0	0	0	0	0	0	0	0	0	0	0	0	0	0	0	0	0	0	0	0	0	0	0	0.16	37.69
NA19119	0	0	0	0	0	0	0	0	0	0.91	0	0	0	0	0	0	0	0	0	0	0	0	0	0	0	0.07	0	0	0	0.85	0	0	0	0	0	0	0	0	0	0	0	0	0	0	0	0	0	0	0	0	0.17	40.46
NA12751	0	0	0	0	0	0	0	0	0	0.01	0	0	0	0.01	0.24	0	0	0.01	0.5	0	0.01	0	0	0.15	0	0	0	0	0	0	0	0	0	0	0	0	0	0	0.74	0	0	0	0.1	0	0	0	0.01	0	0	0	0.22	44.06
HG00121	0.01	0	0	0.27	0.42	0	0	0	0.22	0.01	0	0	0	0	0.91	0	0	0	0.01	0	0	0	0	0	0	0	0	0	0	0	0	0	0	0	0	0	0	0	0	0	0	0	0	0	0	0	0	0	0	0	0.15	36.68
NA20515	0	0	0	0.01	0.9	0	0	0	0.01	0	0	0	0	0	0	0	0	0	0	0	0.01	0	0	0	0	0	0	0	0	0	0.01	0	0	0	0	0	0	0	0.08	0	0	0	0.01	0.12	0	0	0	0	0	0	0.85	40.78
NA20512	0	0	0	0.33	1.38	0	0	0	0.09	0.03	0.01	0	0	0	0	0	0	0	0	0	0	0	0	0	0	0	0	0	0	0	0	0	0	0	0	0	0	0	0	0	0	0	0	0	0	0	0	0	0	0	0.16	34.76
NA06989	0	0	0	0.01	1.78	0	0	0	0.03	0	0	0	0	0.01	0	0	0	0	0	0	0	0	0	0	0	0	0	0	0	0	0	0	0	0	0	0	0	0	0	0	0	0	0	0	0	0	0	0	0	0	0.17	35.06
HG00281	0	0	0	0	0	0	0	0	0	0	0	0	0	0	0	0	0	0	0	0	0	0	0	0	0	0	0	0	0	0	0	0	0	0	0	0	0	0	0.01	0	0	0	1.75	0	0	0	0	0	0	0	0.24	49.51
HG00383	0	0	0	0	0	0	0	0	0	0	0	0	0	0	1.82	0	0	0	0.01	0	0	0	0	0	0	0	0	0	0	0	0	0	0	0	0	0	0	0	0	0	0	0	0	0	0	0	0	0	0	0	0.17	38.69
NA12716	0	0	0	0	0.91	0	0	0	0.01	0	0	0	0	0	0	0	0	0	0	0	0	0	0	0	0	0	0	0	0	0	0	0	0	0	0	0	0	0	0.89	0	0	0	0.02	0	0	0	0	0	0	0	0.17	41.42
NA12718	0	0	0	0	0	0	0	0	0	0	0	0	0	0	0.91	0	0	0	0	0	0	0	0	0	0	0	0	0	0	0	0.03	0	0	0	0	0	0	0	0.03	0.01	0	0	0.36	0.01	0	0	0	0	0	0	0.65	43.11
HG00137	0	0	0	0.12	1.68	0	0	0	0.03	0	0	0	0	0	0	0	0	0	0	0	0	0	0	0	0	0	0	0	0	0	0	0	0	0	0	0	0	0	0	0	0	0	0	0	0	0	0	0	0	0	0.17	34.93
NA20790	0	0	0	0.1	0.8	0	0	0	0.02	0	0	0	0	0	0	0	0	0	0	0	0	0	0	0	0	0	0	0	0	0	0	0	0	0	0	0	0	0	0	0	0	0	0.91	0	0	0	0	0	0	0	0.17	42.22
NA18489	0	0	0	0	0	0	0	0	0	0.91	0	0	0	0.91	0	0	0	0	0	0	0	0	0	0	0	0	0	0	0	0	0	0	0	0	0	0	0	0	0	0	0	0	0	0	0	0	0	0	0	0	0.18	37.81
HG00334	0	0	0	0	0	0	0	0	0	0.01	0	0	0	0	0.04	0	0	0	0.61	0	0	0	0	0.27	0	0	0	0	0	0	0	0	0	0	0	0	0	0	0.02	0	0	0.04	0.86	0.01	0	0	0	0	0	0	0.14	45.26
NA20803	0	0	0.01	0.18	1.01	0	0	0	0.63	0.01	0	0	0	0	0	0	0	0	0	0	0	0	0	0	0	0	0	0	0	0	0	0	0	0	0	0	0	0	0	0	0	0	0	0	0	0	0	0	0	0	0.16	35.41
NA11892	0	0	0	0.03	0.8	0	0	0	0.07	0	0	0	0	0	0	0	0	0	0.02	0	0	0	0	0	0	0	0	0	0	0	0.01	0	0	0	0	0	0	0	0.01	0	0	0	0	0	0	0.91	0	0	0	0	0.15	43.31
HG00232	0	0	0	0	0	0	0	0	0	0	0	0	0	0	0.01	0	0	0	0	0	0	0.31	0	0	0	0	0.53	0	0	0	0.09	0	0	0	0	0	0	0.02	0.25	0	0	0	0.41	0	0	0	0	0	0	0	0.38	44.97
HG00369	0	0	0	0.05	0.82	0	0	0	0.04	0	0	0	0	0	0	0	0	0	0.01	0	0	0	0	0	0	0	0	0	0	0	0	0	0	0	0	0	0	0	0.04	0	0	0	0.88	0	0	0	0	0	0	0	0.16	42.3
NA19152	0	0	0	0	0	0	0	0	0	0	0	0	0	0	0	0	0	0	0	0	0	0.01	0	0	0	0	0	0	0.91	0	0	0	0	0	0	0	0	0	0	0	0	0	0.73	0	0	0.01	0	0	0	0	0.34	46.55
NA07037	0	0	0	0	0.93	0	0	0	0	0.03	0	0	0	0	0	0	0	0	0.02	0.01	0	0	0	0	0	0	0	0	0	0	0	0	0	0	0.01	0	0	0	0.01	0	0	0	0	0	0	0	0	0	0	0	0.99	40.19
NA11831	0	0	0	0	0	0	0	0	0	0	0	0	0	0	0.96	0	0	0	0.04	0	0	0	0	0.15	0	0	0	0	0	0	0.01	0	0	0	0.05	0	0	0.01	0.1	0.01	0	0	0.26	0	0	0	0.12	0	0.08	0	0.21	43.05
HG00133	0	0	0	0	0	0	0	0	0	0	0	0	0	0	0	0	0	0	0	0	0	0	0	0	0	0	0	0	0	0	0	0	0	0	0	0	0	0	0.38	0	0	0	0.88	0	0	0	0	0	0	0	0.74	48.14
NA19248	0	0	0	0	0	0	0	0	0	0	0	0	0	0	0	0	0	0	0	0	0	0	0	0	0	0	0	0	0	0	0.91	0	0	0	0	0	0	0	0	0	0	0	0	0	0	0	0	0	0	0	1.09	45.09
NA11830	0	0	0	0	0	0	0	0	0	0	0	0	0	0	0	0	0	0	0.43	0	0	0	0	0.49	0	0	0	0	0	0	0	0	0	0	0	0	0	0	0.08	0	0	0	0	0	0	0	0	0	0	0	1.0	43.81
HG00126	0	0	0	0.04	0.89	0	0	0	0.02	0.07	0	0	0	0	0.4	0	0	0	0.04	0	0	0	0	0	0	0	0	0	0	0	0	0	0	0	0.01	0	0	0.01	0.04	0	0	0	0.3	0	0	0.02	0.01	0	0.01	0	0.14	38.99
NA20813	0	0	0	0	0	0	0	0	0	0	0	0	0	0	0.91	0	0	0	0.84	0	0	0	0	0.08	0	0	0	0	0	0	0	0	0	0	0	0	0	0	0	0	0	0	0	0	0	0	0	0	0	0	0.17	39.68
NA11994	0	0	0	0.36	0.46	0	0	0	0.1	0	0	0	0	0	0.91	0	0	0	0	0	0	0	0	0	0	0	0	0	0	0	0	0	0	0	0	0	0	0	0	0	0	0	0	0	0	0	0	0	0	0	0.17	36.58
NA19209	0	0	0	0	0.91	0	0	0	0.01	0	0	0	0	0	0	0	0	0	0	0	0	0	0	0	0	0	0	0	0	0	0	0	0	0	0	0	0	0	0	0	0	0	0	0	0	0	0	0	0	0	1.08	40.49
HG00255	0	0	0	0	0	0	0	0	0	0	0	0	0	0	0	0	0	0	0.35	0	0	0	0.02	1.4	0	0	0	0.06	0	0	0	0	0	0	0	0	0	0	0	0	0	0	0	0	0	0	0	0	0	0	0.17	42.05
NA19225	0	0	0	0	0	0	0	0	0	0	0	0	0	0	0	0	0	0	0	0	0	0	0	0.01	0	0	0	0	0	0	1.82	0	0	0	0	0	0	0	0	0	0	0	0	0	0	0	0	0	0	0	0.17	44.16
NA20532	0	0	0	0	0	0	0	0	0	0	0	0	0	0	0.91	0	0	0	0	0	0	0	0	0	0	0	0	0	0	0	0.91	0	0	0	0	0	0	0	0	0	0	0	0	0	0	0	0	0	0	0	0.18	41.45
NA18923	0	0	0	0	0	0	0	0	0	0.91	0	0	0	0	0	0	0	0	0	0	0	0	0	0	0	0.71	0	0	0	0.21	0	0	0	0	0	0	0	0	0	0	0	0	0	0	0	0	0	0	0	0	0.17	39.82
NA20812	0	0	0	0	0	0	0	0	0	0	0	0	0	0	0.01	0	0	0	1.08	0	0	0	0	0.75	0	0	0	0	0	0	0	0	0	0	0	0	0	0	0	0	0	0	0	0	0	0	0	0	0	0	0.16	41.22
HG00250	0	0	0	0	0	0	0	0	0	0	0	0	0	0	0	0	0	0.91	0	0	0	0.61	0	0	0	0	0.31	0	0	0	0	0	0	0	0	0	0	0	0	0	0	0	0	0	0	0	0	0	0	0	0.17	40.82
HG00256	0	0	0	0	0.91	0	0	0	0	0	0	0	0	0	0	0	0	0	0	0	0	0	0	0	0	0	0	0	0	0	0	0	0	0	0	0	0	0	0.91	0	0	0	0	0	0	0	0	0	0	0	0.18	41.45
HG00262	0	0	0	0	0	0	0	0	0	0	0	0	0	0	0	0	0	0	0.91	0	0	0	0	0	0	0	0	0	0	0	0	0	0	0	0	0	0	0	0.01	0	0	0	0.53	0	0	0	0.38	0	0	0	0.17	45.48
NA12348	0	0	0	0.02	1.02	0	0	0	0.02	0	0	0	0	0	0.01	0	0	0	0.04	0	0	0	0	0	0	0	0	0	0	0	0.01	0	0	0	0.04	0	0	0.01	0.22	0.03	0	0	0.28	0	0	0.03	0	0	0	0	0.27	40.38
NA18858	0	0	0	0	0	0	0	0	0	0	0	0	0	0.91	0	0	0	0	0	0	0	0	0	0.01	0	0	0	0	0	0	0.91	0	0	0	0	0	0	0	0	0	0	0	0	0	0	0	0	0	0	0	0.17	41.43
NA20754	0	0	0	0	0	0	0	0	0	0	0	0	0	0	0.14	0	0	0	0.28	0	0	0	0	0.5	0	0	0	0	0	0	0	0	0	0	0	0	0	0	0.15	0	0	0	0.76	0	0	0	0	0	0	0	0.17	45.27
NA12775	0	0	0	0	0	0	0	0	0	0	0	0	0	0	0	0	0	0	0	0	0	0	0	0	0	0	0	0	0	0	0	0	0	0	0	0	0	0	0	0	0	0	0.91	0	0	0	0	0	0	0	1.09	47.82
NA20510	0	0	0	0	0	0	0	0	0	0	0	0	0	0	0	0	0	0	0	0	0	0	0	0	0	0	0	0	0	0	0	0	0	0	0	0	0	0	0.81	0	0	0	0.01	0	0	0	0	0	0	0	1.18	46.83
NA11930	0	0	0	0	0.91	0	0	0	0.01	0	0	0	0	0.9	0	0	0	0	0	0	0	0	0	0	0	0	0	0	0	0	0	0	0	0	0	0	0	0	0	0	0	0	0	0	0	0	0	0	0	0	0.18	36.89
NA19138	0	0	0	0	0	0	0	0	0	0.91	0	0	0	0	0	0	0	0	0	0	0	0	0	0	0	0	0	0	0.91	0	0	0	0	0	0	0	0	0	0	0	0	0	0	0	0	0	0	0	0	0	0.18	40.54
NA18499	0	0	0	0.22	0.53	0.01	0	0	0.15	0	0.01	0	0	0	0	0	0	0	0	0	0	0	0	0	0	0	0	0	0	0	0.91	0	0	0	0	0	0	0	0	0	0	0	0	0	0	0	0	0	0	0	0.17	39.51
NA19093	0	0	0	0	0	0	0	0	0	0	0	0	0	0	0	0	0	0	0	0	0	0	0	0	0	0	0.61	0	0	0	0.01	0	0	0	0	0	0	0	0	0	0	0	0	0	0	0	0	0	0	0	1.38	44.77
HG00367	0	0	0	0	0	0	0	0	0	0	0	0	0	0	0	0	0	0	0	0	0	0	0	0	0	0	0	0	0	0	0	0	0	0	0	0	0	0	0.2	0	0	0	1.56	0	0	0.05	0	0	0	0	0.19	49.47
NA19108	0	0	0	0	0	0	0	0	0	0	0	0	0	0.91	0	0	0	0	0	0	0	0	0	0	0	0	0.01	0	0.9	0	0	0	0	0.02	0	0	0	0	0	0	0	0	0	0	0	0	0	0	0	0	0.16	41.44
NA19200	0	0	0	0	0	0	0	0	0	0	0	0	0	0.91	0	0	0	0	0	0	0	0	0	0	0	0.91	0	0	0	0	0	0	0	0	0	0	0	0	0	0	0	0	0	0	0	0	0	0	0	0	0.18	40.54
HG00278	0	0	0	0	0.83	0	0	0	0.09	0	0	0	0	0	0	0	0	0	0.91	0	0	0	0	0.01	0	0	0	0	0	0	0	0	0	0	0	0	0	0	0	0	0	0	0	0	0	0	0	0	0	0	0.16	37.82
HG00309	0	0	0	0	0	0	0	0	0	0	0	0	0	0	0	0	0	0	0	0	0	0	0	0	0	0	0	0	0	0	0	0	0	0	0	0	0	0	0.01	0	0	0	1.09	0	0	0.63	0	0	0	0	0.27	50.08
HG00139	0	0	0	0	0.9	0	0	0	0.01	0	0	0	0	0	0.91	0	0	0	0	0	0	0	0	0	0	0	0	0	0	0	0	0	0	0	0	0	0	0	0	0	0	0	0	0	0	0	0	0	0	0	0.18	36.91
NA19098	0	0	0	0	0	0	0	0	0	0	0	0	0	0	0	0	0	0	0	0	0	0	0	0	0	0	0	0	0	0	0.91	0	0	0	0	0	0	0	0.91	0	0	0	0	0	0	0	0	0	0	0	0.18	46.0
HG00271	0	0	0	0.01	0.91	0	0	0	0.05	0	0	0	0	0	0.87	0	0	0	0	0	0	0	0	0	0	0	0	0	0	0	0	0	0	0	0	0	0	0	0	0	0	0	0	0	0	0	0	0	0	0	0.16	36.74
NA20520	0	0	0	0	0.8	0	0	0	0.12	0	0	0	0	0	0	0	0	0	0	0	0	0	0	0	0	0	0	0	0	0	0	0	0	0	0	0	0	0	0	0	0	0	0.91	0	0	0	0	0	0	0	0.17	42.42
HG00246	0	0	0	0	0	0	0	0	0	0	0	0	0	0	0	0	0	0	0.91	0	0	0	0	0	0	0	0	0	0	0	0	0	0	0	0	0	0	0	0.16	0	0	0.03	0.73	0	0	0	0	0	0	0	0.17	44.95
NA12045	0	0	0	0.03	0.81	0	0	0	0.08	0	0	0	0	0	0.03	0	0	0	0.8	0	0	0	0	0.1	0	0	0	0	0	0	0	0	0	0	0	0	0	0	0	0	0	0	0	0	0	0	0	0	0	0	0.15	37.81
NA12889	0	0	0	0	0	0	0	0	0	0	0	0	0	0	0	0	0	0	0	0	0	0	0	0	0	0	0	0	0	0	0	0	0	0	0	0	0	0	0.86	0	0	0	0.95	0	0	0.02	0	0	0	0	0.17	48.82
HG00276	0	0	0	0	0	0	0	0	0	0.01	0	0	0	0	0.01	0	0	0	0.84	0	0.02	0	0	0.05	0	0	0	0	0	0	0	0	0	0	0	0	0	0	0.15	0	0	0	0.63	0.01	0	0.04	0.06	0	0.05	0	0.13	45.16
NA12830	0	0	0	0	0	0	0	0	0	0	0	0	0	0	0	0	0	0	0.91	0	0.91	0	0	0	0	0	0	0	0	0	0	0	0	0	0	0	0	0	0	0	0	0	0	0	0	0	0	0	0	0	0.18	40.54
NA18519	0	0	0	0	0	0	0	0	0	0	0	0	0	0	0	0	0	0	0	0	0	0	0	0	0	0.91	0	0	0	0	0	0	0	0	0	0	0	0	0.3	0	0	0	0	0	0	0	0	0	0	0	0.79	44.48
NA06984	0	0	0	0.01	0.63	0	0	0	0.28	0	0	0	0	0	0	0	0	0	0.01	0	0	0	0	0	0	0	0	0	0	0	0	0	0	0	0	0	0	0	0.13	0	0	0	0	0	0	0	0	0	0	0	0.94	40.85
HG00320	0	0	0	0	0.91	0	0	0	0	0	0	0	0	0	0	0	0	0	0	0	0	0	0	0	0	0	0	0	0	0	0	0	0	0	0	0	0	0	0.76	0	0	0	0.16	0	0	0	0	0	0	0	0.17	41.62
NA19223	0	0.91	0	0.11	0.64	0	0	0	0.12	0	0	0	0	0	0	0	0	0.01	0	0	0	0	0	0	0	0	0	0	0	0	0	0	0	0.01	0	0	0	0	0	0	0	0	0	0	0	0	0	0	0	0	0.2	34.39
NA19107	0	0	0	0	0.05	0	0	0	0.04	0.04	0	0	0	0.01	0.05	0	0	0.01	0.08	0	0.02	0.01	0	0.02	0	0	0.02	0.01	0.37	0	0.02	0	0	0.18	0	0	0	0.01	0.91	0	0	0	0	0	0	0	0	0	0	0	0.15	45.14
HG00382	0	0	0	0	0	0	0	0	0	0	0	0	0	0	0	0	0	0	0	0	0	0	0	0.91	0	0	0	0	0	0	0	0	0	0	0	0	0	0	0	0	0	0	0.14	0	0	0.78	0	0	0	0	0.17	46.8
HG00119	0	0	0	0	0.91	0	0	0	0	0	0	0	0	0	0	0	0	0	0	0	0	0	0	0	0	0	0	0	0	0	0	0	0	0	0	0	0	0	0	0.91	0	0	0	0	0	0	0	0	0	0	0.18	41.45
