	8.25	9.25	9.25	9.5	10.25	10.25	11.25	11.25	12	12.25	12.25	13	13.25	13.25	13.25	14.25	15.25	16.25	17.25	12.25	Beta
NA19131	0	0	0	0	0	0	0.97	0.97	0	0	0	0	0	0	0	0	0	0	0	0.06	22.56
NA19198	0	0	0	0	0.03	0	0.89	0.02	0	0.01	0	0	0	0	0	0.97	0	0	0	0.08	25.47
HG00273	0	0	0	0	0	1.92	0	0.01	0.01	0	0	0	0	0	0	0	0	0	0	0.06	20.6475
HG00150	0	0	0	0	0	0.97	0	0	0	0	0	0	0	0	0	0.97	0	0	0	0.06	24.5
HG00145	0	0	0	0	0	1.9	0	0.04	0	0	0	0	0	0	0	0	0	0	0	0.06	20.66
HG00339	0	0	0	0	0	0.97	0	0	0	0	0	0	0	0	0	0.97	0	0	0	0.06	24.5
HG00102	0	0	0	0	0	0	0	0	0	0	0	0	0	0	0.01	0.82	1.11	0	0	0.06	29.48
NA18523	0	0	0	0	0.04	0	1.87	0	0	0	0	0	0	0	0	0	0	0	0	0.09	22.55
HG00346	0	0	0	0	0.95	0	0.02	0	0	0	0	0	0	0	0	0.97	0	0	0	0.06	24.52
NA12249	0	0	0	0	0	0	0	0	0	0	0	0	0	0	0	1.92	0.01	0	0	0.07	28.37
HG00266	0	0	0	0	0	0	0.01	0	0.96	0	0	0	0	0	0	0.97	0	0	0	0.06	26.19
NA12413	0	0	0	0	0	0	0	0	0	0	0	0	0	0	0	1.12	0.78	0.05	0	0.05	29.28
NA19236	0	0	0	0	0	0	0.67	0	0	0	0	0	0	0	0.14	0.83	0	0	0	0.36	25.63
NA20544	0	0	0	0	0.91	0	1.02	0	0	0	0	0	0	0	0	0	0	0	0	0.07	21.66
NA19204	0	0	0	0	0	0	0	0	0	0	0	0	0	0	0.14	1.79	0	0	0	0.07	28.22
HG00103	0	0.08	0	0	0.2	0	1.59	0	0.06	0	0	0	0	0	0	0.01	0	0	0	0.06	22.275
NA20582	0	0	0	0	0	0	0.97	0	0	0	0	0	0	0	0.07	0.88	0.03	0	0	0.05	25.45
NA19172	0	0	0	0	0	0	0	1.93	0	0	0	0	0	0	0	0	0	0	0	0.07	22.57
NA20815	0	0	0	0	0	0	0	0	0.97	0	0	0	0	0	0	0.97	0	0	0	0.06	26.1975
HG00375	0	0	0	0	0.17	0	0.81	0	0	0	0	0	0	0	0	0.51	0.46	0	0	0.05	25.75
NA18933	0	0	0	0	0	0.01	0.05	0	0.27	0	0	0.59	0	0	0.01	0.06	0.01	0	0	1.0	24.965
HG00245	0	0	0	0	0	0.6	0.97	0.37	0	0	0	0	0	0	0	0	0	0	0	0.06	21.96
HG00319	0	0	0	0	0.97	0	0	0	0.97	0	0	0	0	0	0	0	0	0	0	0.06	22.3175
NA12155	0	0	0	0	0.08	0	0.88	0	0	0	0	0	0	0	0	0.97	0	0	0	0.07	25.4
NA12749	0	0	0	0	0	0.97	0	0	0	0	0	0	0	0	0	0.97	0	0	0	0.06	24.5
HG00341	0	0	0	0	0	0	0.97	0	0	0	0	0	0	0	0	0.97	0	0	0	0.06	25.47
NA20771	0	0	0	0	0	0	0.95	0	0.93	0	0	0	0	0	0	0.06	0	0	0	0.06	23.4375
NA20761	0	0	0	0	0	0	0.81	0	0	0	0	0	0	0	0.01	0.85	0.09	0.03	0	0.21	25.79
NA12341	0	0	0	0	0	0	0.97	0	0	0	0	0	0	0	0	0.26	0.62	0	0.09	0.06	26.36
HG00380	0	0	0	0	0	0	0.78	0	0	0	0	0	0	0	0.49	0.48	0	0	0	0.25	25.17
NA12763	0	0	0	0	0	0	1.93	0	0	0	0	0	0	0	0	0	0	0	0	0.07	22.57
NA18917	0	0	0	0	0	0.01	1.01	0	0.27	0	0	0.59	0	0	0.01	0.06	0.01	0	0	0.04	24.005
HG00116	0	0	0	0	0	0	0	0	0	0	0	0	0	0	0	1.93	0	0	0	0.07	28.36
HG00260	0	0	0	0	0	0	0	0	0	0	0	0	0	0	0	0.97	0.97	0	0	0.06	29.35
NA18907	0	0	0	0	0.99	0	0.89	0.02	0	0.01	0	0	0	0	0	0	0	0	0	0.09	21.61
NA20770	0	0	0	0	0	0	0	0	0.96	0	0	0.01	0	0	0.8	0.14	0.04	0.01	0	0.04	25.5075
NA20807	0	0	0	0	0	0.45	0.97	0.03	0.5	0	0	0	0	0	0	0	0	0	0	0.05	22.475
NA20796	0	0	0	0	0.8	0.96	0.17	0.01	0	0	0	0	0	0	0	0	0	0	0	0.06	20.8
NA19160	0	0	0	0	0	0	0.97	0.97	0	0	0	0	0	0	0	0	0	0	0	0.06	22.56
NA20810	0	0	0	0	0	0	0	0	0.97	0	0	0	0	0	0	0.97	0	0	0	0.06	26.1975
NA20787	0	0	0	0	0	0.97	0.95	0	0	0	0	0	0	0	0	0	0	0	0	0.08	21.61
NA07347	0	0	0	0	0	0.97	0.97	0	0	0	0	0	0	0	0	0	0	0	0	0.06	21.59
HG00101	0	0	0	0	0	0.97	0	0	0	0	0	0	0	0	0.15	0.49	0.32	0.01	0	0.06	24.69
HG00160	0	0	0	0	0	0.97	0	0	0	0	0	0	0	0	0	0.86	0.11	0	0	0.06	24.61
HG00251	0	0	0	0	0	0	0.97	0	0	0	0.05	0	0	0	0.09	0.82	0.02	0	0	0.05	25.32
HG00146	0	0	0	0	0	0	0	0	0	0	0	0	0	0	0	1.14	0.8	0	0	0.06	29.18
NA20819	0	0	0	0	0	0.97	0.97	0	0	0	0	0	0	0	0	0	0	0	0	0.06	21.59
NA12778	0	0	0	0	0	0.97	0	0	0	0	0	0	0	0	0	0.97	0	0	0	0.06	24.5
NA12890	0	0	0	0	0	0	0	0	0	0	0	0	0	0	0	1.56	0.37	0	0	0.07	28.73
NA20535	0	0	0	0	0.01	0	0.96	0	0	0	0	0	0	0	0	0.96	0.02	0	0	0.05	25.5
NA19116	0	0	0	0	0	0	0.97	0	0	0	0	0	0	0	0	0.96	0.01	0	0	0.06	25.48
NA20506	0	0	0	0	0	0	0	0	0	0	0	0	0	0	0	1.93	0.01	0	0	0.06	28.39
HG00330	0	0	0	0	0.02	0	0.96	0	0	0	0	0	0	0	0.01	0.91	0.05	0	0	0.05	25.48
HG00189	0	0	0	0	0	0	0	0	0	0	0	0	0	0	0.97	0.92	0.05	0.01	0	0.05	27.5
HG00233	0	0	0	0	0	0	1.93	0	0	0	0	0	0	0	0	0	0	0	0	0.07	22.57
NA12546	0	0	0	0	0	0	0.96	0	0	0	0	0	0	0	0	0	0	0	0	1.04	23.54
NA19129	0	0	0	0	0.06	0	0.86	0	0	0	0	0	0	0	0	0.97	0	0	0	0.11	25.46
NA20525	0	0	0	0	0	0	0.01	0	0	0	0	0	0	0	0.19	1.54	0.19	0.02	0	0.05	28.41
NA19144	0	0	0	0	0	0	0.54	0	0	0	0	0	0	0	0.4	0.57	0	0	0	0.49	25.5
NA12058	0	0	0	0	0	0.97	0	0	0.97	0	0	0	0	0	0	0	0	0	0	0.06	22.3175
NA20516	0	0	0	0	0	0	0.97	0	0	0	0	0	0.48	0	0	0	0	0	0	0.55	24.01
NA20797	0	0	0	0	0	0.97	0.91	0	0	0	0	0	0	0	0	0	0	0	0	0.12	21.65
HG00178	0	0	0	0	0	0.97	0	0	0	0	0	0	0	0	0	0.97	0	0	0	0.06	24.5
NA11832	0	0	0	0	0	0.97	0.97	0	0	0	0	0	0	0	0	0	0	0	0	0.06	21.59
NA18520	0	0	0	0	0.03	0	1.91	0	0	0	0	0	0	0	0	0	0	0	0	0.06	22.53
HG00263	0	0	0	0	0	0.97	0	0	0	0	0	0	0	0	0.02	0.95	0	0	0	0.06	24.48
HG00127	0	0	0	0	0	0	0	0	0	0	0.01	0	0	0	0.79	1.06	0.01	0	0	0.13	27.44
HG00326	0	0	0	0	0	0	0	0	0	0	0	0	0	0	0.96	0.91	0.06	0.01	0	0.06	27.5
NA20531	0	0	0	0	0.01	0.97	0.96	0	0	0	0	0	0	0	0	0	0	0	0	0.06	21.58
HG00310	0	0	0	0	0.02	0	0.84	0	0	0	0	0	0.11	0	0.01	0.9	0.06	0	0	0.06	25.72
HG00378	0	0	0	0	0	0	0.97	0	0	0	0	0	0	0	0	0.97	0	0	0	0.06	25.47
NA12342	0	0	0	0	0	0	0	0	0	0	0	0	0	0	0	1.6	0.34	0	0	0.06	28.72
NA19206	0	0	0	0	1.24	0.18	0.03	0.15	0.02	0.06	0	0	0	0	0	0.02	0.01	0	0	0.29	21.545
NA20752	0	0	0	0	0	0	0.97	0	0.97	0	0	0	0	0	0	0	0	0	0	0.06	23.2875
HG00157	0	0	0	0	0	0	0.97	0	0	0	0	0	0	0	0	0	0.97	0	0	0.06	26.44
HG00258	0	0	0	0	0	0	1.05	0	0	0	0	0	0	0	0	0	0	0	0	0.95	23.45
HG00177	0	0	0	0	0.97	0	0.97	0	0	0	0	0	0	0	0	0	0	0	0	0.06	21.59
HG00353	0	0	0	0	0	1.57	0	0.37	0	0	0	0	0	0	0	0	0	0	0	0.06	20.99
NA19114	0	0	0	0	0.02	0	0.16	0	0	0	0	0	0	0	0	0.97	0	0	0	0.85	26.24
HG00131	0	0	0	0	0	0	0.97	0	0	0	0	0	0	0	0	0.55	0.42	0	0	0.06	25.89
HG00372	0	0	0	0	0	0	0.02	0	0.95	0	0	0	0	0	0	0.97	0	0	0	0.06	26.1825
NA19092	0	0	0	0	0	0	0	0	0	0	0	0	0	0	0	1.93	0	0	0	0.07	28.36
NA10847	0	0	0	0	0	0	0	0	0	0	0	0	0	0	0.01	1.65	0.1	0.19	0	0.05	28.87
HG00277	0	0	0	0	0	0	1.93	0	0	0	0	0	0	0	0	0	0	0	0	0.07	22.57
NA18510	0	0	0	0	0	0	0	0	0	0	0	0	0	0	0.97	0.97	0	0	0	0.06	27.41
NA12399	0	0	0	0	0	0	0.97	0	0	0	0	0	0	0	0	0.97	0	0	0	0.06	25.47
HG00327	0	0	0	0	0	0	0	0	0	0	0	0	0	0	0	1.93	0	0	0	0.07	28.36
NA19247	0	0	0	0	0.03	0	1.88	0	0	0	0	0	0	0	0	0	0	0	0	0.09	22.56
HG00332	0	0	0	0	0	0	0	0	0	0	0.05	0	0	0	1.02	0.86	0.02	0	0	0.05	27.3
NA18504	0	0	0	0	0.01	0	0.99	0	0	0	0	0	0	0	0	0	0	0	0	1.0	23.49
HG00252	0	0	0	0	0	0	0	0	0	0	0	0	0	0	0	0.96	0.01	0	0	1.03	26.45
HG00238	0	0	0	0	0	0.34	0	0.63	0	0	0	0	0	0	0	0.97	0	0	0	0.06	25.13
HG00342	0	0	0	0	0.39	0	0.58	0	0	0	0	0	0	0	0	0.72	0.25	0	0	0.06	25.33
NA20581	0	0	0	0	0	0	0.97	0	0.97	0	0	0	0	0	0	0	0	0	0	0.06	23.2875
HG00268	0	0	0	0	0	0.97	0	0	0	0	0	0	0	0	0.17	0.56	0.25	0	0	0.05	24.6
HG00154	0	0	0	0	0	0	0.39	0	0	0	0	0	0.09	0	0	0.97	0	0	0	0.55	26.14
HG00371	0	0	0	0	0.16	0.97	0.81	0	0	0	0	0	0	0	0	0	0	0	0	0.06	21.43
NA18870	0	0	0	0	0	0	0.97	0	0	0	0	0	0	0	0	0.97	0	0	0	0.06	25.47
NA20505	0	0	0	0	0	0	0.98	0	0.96	0	0	0	0	0	0	0	0	0	0	0.06	23.28
NA20538	0	0	0	0	0	0	0.98	0	0.69	0	0	0.02	0	0	0	0.26	0	0	0	0.05	23.8825
HG00182	0	0	0	0	0.03	0	1.75	0	0	0	0	0	0.11	0	0	0	0	0	0	0.11	22.8
NA19207	0	0	0	0	0	0	0.97	0	0	0	0	0	0	0	0	0.97	0	0	0	0.06	25.47
HG00373	0	0	0	0	0	0.97	0	0	0	0	0	0	0	0	0	0.97	0	0	0	0.06	24.5
NA20800	0	0	0	0	0	0	0.91	0	0	0	0	0	0	0	0	0.48	0.47	0.03	0	0.11	26.08
HG00151	0	0	0	0	0	0	0.97	0	0	0	0	0	0	0	0	0.87	0.1	0	0	0.06	25.57
NA11829	0	0	0	0	0	0	0.97	0	0	0	0	0	0	0	0	0.97	0	0	0	0.06	25.47
HG00324	0	0	0	0	0	0.96	0.97	0.01	0	0	0	0	0	0	0	0	0	0	0	0.06	21.6
HG00120	0	0	0	0	0	0.97	0	0	0	0	0	0	0	0	0	0.97	0	0	0	0.06	24.5
NA12828	0	0	0	0	0	0	0	0	0	0	0	0	0	0	0.18	1.16	0.6	0	0	0.06	28.8
NA12777	0	0	0	0	0	0	0.96	0	0.96	0	0	0.01	0	0	0	0	0	0	0	0.07	23.3075
NA20539	0	0	0	0	0.16	0	1.51	0	0	0	0	0	0	0	0	0	0	0	0	0.33	22.67
NA19213	0	0	0	0	0	0	1.64	0	0	0	0	0	0	0	0	0	0	0	0	0.36	22.86
NA19147	0	0	0	0	0	0	0.61	0	0	0	0	0	0	0	0	0.97	0	0	0	0.42	25.83
HG00379	0	0	0	0	0.96	0	0.02	0	0	0	0	0	0	0	0	0.97	0	0	0	0.05	24.5
HG00158	0	0	0	0	0	0	0	0.97	0	0	0	0	0	0	0	0.01	0.96	0	0	0.06	26.43
HG00329	0	0	0	0	0	0	1.93	0	0	0	0	0	0	0	0	0	0	0	0	0.07	22.57
HG00344	0	0	0	0	0	0	0.02	0	0.96	0	0	0	0	0	0	0.97	0	0	0	0.05	26.18
NA11931	0	0	0	0	0	0	1.93	0	0	0	0	0	0	0	0	0	0	0	0	0.07	22.57
HG00142	0	0.01	0	0	0.73	0	0.24	0	0	0	0	0	0	0	0.01	0.82	0.15	0	0	0.04	24.87
HG00100	0	0	0	0	0.49	0	0.48	0	0	0	0	0	0	0	0	0.97	0	0	0	0.06	24.98
NA12843	0	0	0	0	0	0.97	0.97	0	0	0	0	0	0	0	0	0	0	0	0	0.06	21.59
NA18909	0	0	0	0	0	0	0	1.93	0	0	0	0	0	0	0	0	0	0	0	0.07	22.57
HG00243	0	0	0	0	0	0	0.97	0	0	0	0	0	0	0	0	0.88	0.08	0.02	0	0.05	25.61
NA20806	0	0	0	0	0	0	0.04	0	0.93	0	0	0.01	0	0	0	0.91	0.04	0.03	0	0.04	26.295
NA20768	0	0	0	0	0	0	0	0	0	0	0	0	0	0	0	1.47	0.47	0	0	0.06	28.85
HG00123	0	0	0	0	0.49	0.91	0.48	0.06	0	0	0	0	0	0	0	0	0	0	0	0.06	21.16
NA20529	0	0	0	0	0	0	0.97	0	0	0	0	0	0	0	0	0.61	0.35	0.02	0	0.05	25.88
HG00122	0	0	0	0	0	0	0.97	0	0	0	0	0	0	0	0	0.97	0	0	0	0.06	25.47
NA18853	0	0	0	0	0	0	0.97	0	0	0	0	0	0	0	0	0.97	0	0	0	0.06	25.47
NA19189	0	0	0	0	0	0	0	0.97	0	0	0	0	0	0	0	0.97	0	0	0	0.06	25.47
HG00148	0	0	0	0	0	0	0	0	0	0	0	0	0	0	0	1.36	0.58	0	0	0.06	28.96
HG00171	0	0	0	0	0	0.97	0	0	0	0	0.02	0	0	0	0.05	0.87	0.04	0	0	0.05	24.47
HG00331	0	0	0	0	0.25	0	0.73	0	0	0	0	0	0	0	0.17	0.56	0.25	0	0	0.04	25.31
HG00381	0	0	0	0	0.97	0	0	0	0	0	0	0	0	0	0	0.97	0	0	0	0.06	24.5
NA18856	0	0	0	0	0	0.01	0.1	0.49	0.03	0.25	0	0	0	0	0.14	0.93	0	0	0	0.05	25.8825
HG00345	0	0	0	0	0	0	0.14	0	0.97	0	0	0	0	0	0	0	0	0	0	0.89	24.1175
NA18861	0	0	0	0	0.01	0	1.06	0	0	0	0	0	0	0	0	0	0	0	0	0.93	23.42
HG00185	0	0	0	0	0	0.97	0	0	0	0	0	0	0	0	0.02	0.86	0.09	0	0	0.06	24.57
NA07051	0	0	0	0	0.05	0	0.01	0	0	0	0	0	0	0	0	0.97	0	0	0	0.97	26.33
NA20527	0	0	0	0	0	0	1.37	0	0	0	0	0	0	0	0	0	0	0	0	0.63	23.13
NA20783	0	0	0	0	0	0	0	0	0	0	0	0	0	0	0.01	1.81	0.09	0.03	0	0.06	28.52
NA19137	0	0	0	0	0.01	0	1.92	0	0	0	0	0	0	0	0	0	0	0	0	0.07	22.56
NA19201	0	0	0	0	0	0	0.68	0	0	0	0	0	0	0	0	0.97	0	0	0	0.35	25.76
NA18488	0	0	0	0	0	0	0.96	0	0	0	0	0	0	0	0	0.97	0	0	0	0.07	25.48
HG00311	0	0	0	0	0.14	0	0.84	0	0	0	0	0	0	0	0.97	0	0	0	0	0.05	24.35
HG00337	0	0	0	0	0	0.97	0.97	0	0	0	0	0	0	0	0	0	0	0	0	0.06	21.59
HG00257	0	0	0	0	0	0	0	0	0.97	0	0	0	0	0	0	0.97	0	0	0	0.06	26.1975
HG00136	0	0	0	0	0	0	0.63	0	0	0	0	0	0	0	0	0.97	0	0	0	0.4	25.81
NA20826	0	0	0	0	0.05	0	0.91	0	0.01	0	0	0	0	0	0.01	0.95	0.02	0	0	0.05	25.4575
NA20518	0	0	0	0	0	0.97	0	0	0	0	0.01	0	0	0	0.43	0.52	0.02	0	0	0.05	24.09
NA20786	0	0	0	0	0	0	0.97	0	0	0	0	0	0	0	0	0.97	0	0	0	0.06	25.47
NA20760	0	0	0	0	0	0	0.97	0	0	0	0	0	0	0	0.01	0.96	0.01	0	0	0.05	25.49
HG00114	0	0	0	0	0.08	0	0.74	0	0.97	0	0	0	0	0	0	0	0	0	0	0.21	23.3575
HG00117	0	0	0	0	0.91	0	1.02	0	0	0	0	0	0	0	0	0	0	0	0	0.07	21.66
NA20534	0	0	0	0	0	0	0.95	0	0.97	0	0	0	0.03	0	0	0	0	0	0	0.05	23.3375
NA20809	0	0	0	0	0.97	0	0	0	0	0	0	0	0	0	0	0.3	0.67	0	0	0.06	25.17
NA12273	0	0	0	0	0.02	0	0.96	0	0	0	0	0	0	0	0	0	0	0	0	1.02	23.5
NA20808	0	0	0	0	0.97	0	0.97	0	0	0	0	0	0	0	0	0	0	0	0	0.06	21.59
NA19197	0	0	0	0	0	0	0.97	0	0	0	0	0	0	0	0	0.49	0.48	0	0	0.06	25.95
NA11918	0	0	0	0	0	0	0	0	0	0	0	0	0	0	0	1.93	0.01	0	0	0.06	28.39
NA20509	0	0	0	0	0	0	0.02	0	0.94	0	0	0.02	0	0	0	0.25	0.34	0.38	0	0.05	27.3
NA20757	0	0	0	0	0	0	0.97	0	0	0	0	0	0	0	0	0.97	0	0	0	0.06	25.47
HG00125	0	0	0	0	0.48	0	0.49	0	0	0	0	0	0	0	0	0.77	0.2	0	0	0.06	25.19
NA11894	0	0	0	0	0	0	0.97	0	0	0	0	0	0	0	0.02	0.93	0.03	0	0	0.05	25.5
NA18517	0	0	0	0	0.31	0.29	0.01	1.25	0	0.07	0	0	0	0	0	0.02	0.01	0	0	0.04	22.11
NA20798	0	0	0	0	0	0	0.97	0	0	0	0	0	0	0	0	0.44	0.53	0	0	0.06	26.0
NA20588	0	0	0	0	0	0	1.93	0	0	0	0	0	0	0	0	0	0	0	0	0.07	22.57
HG00285	0	0	0	0	0.01	0	0.96	0	0	0	0	0	0	0	0.01	0.87	0.1	0	0	0.05	25.57
NA19153	0	0	0	0	0	0	0.48	0	0	0	0	0	0	0	0	0.97	0	0	0	0.55	25.96
NA20804	0	0	0	0	0.96	0	0.01	0	0	0	0	0	0	0	0	0.97	0	0	0	0.06	24.51
HG00306	0	0	0	0	0	0.95	0	0.02	0	0	0	0	0	0	0	0.97	0	0	0	0.06	24.52
NA19210	0	0	0	0	0.04	0	0.9	0	0	0	0	0	0	0	0	0.97	0	0	0	0.09	25.46
NA18908	0	0	0	0	0.02	0	0.88	0.02	0	0.01	0	0	0	0	0	0.05	0.97	0	0	0.05	26.57
NA20585	0	0	0	0	0.01	0	0.94	0	0	0	0	0	0	0	0.66	0.31	0	0	0	0.08	24.82
NA20543	0	0	0	0	0	0	0	0	0	0	0	0	0	0	0.01	1.16	0.77	0	0	0.06	29.14
NA20508	0	0	0	0	0.92	0	0.05	0	0	0	0.03	0	0	0	0	0.79	0.15	0	0	0.06	24.64
NA18916	0	0	0	0	0	0	0	0.97	0	0	0	0	0	0	0	0.97	0	0	0	0.06	25.47
NA20799	0	0	0	0	0	0	0.04	0	0.93	0	0	0	0	0	0	0.91	0.06	0	0	0.06	26.2275
NA19235	0	0	0	0	1	0	0.92	0	0	0	0	0	0	0	0	0	0	0	0	0.08	21.58
HG00240	0	0	0	0	0	0	0	0	0	0	0	0	0	0	0	1.92	0.01	0	0	0.07	28.37
NA20765	0	0	0	0	0	0	0.05	0	0.84	0	0.03	0.08	0	0	0.01	0.39	0.55	0	0	0.05	26.74
NA18516	0	0	0	0	0	0	0	0	0	0	0.01	0	0	0	0.06	1.8	0.07	0	0	0.06	28.37
NA20801	0	0	0	0	0	0.88	0.97	0.09	0	0	0	0	0	0	0	0	0	0	0	0.06	21.68
NA18867	0	0	0	0	0	0	0	0	0	0	0	0	0	0	0.53	1.41	0	0	0	0.06	27.85
NA20524	0	0	0	0	0	0	0	0	0.97	0	0	0	0	0	0	0.97	0	0	0	0.06	26.1975
HG00323	0	0	0	0	0.01	0	0.96	0	0	0	0	0	0	0	0	0.97	0	0	0	0.06	25.46
NA20589	0	0	0	0	0	0.97	0	0	0	0	0	0	0	0	0	0.9	0.08	0	0	0.05	24.6
NA11893	0	0	0	0	0.97	0	0	0	0	0	0	0	0	0	0	0.94	0	0.03	0	0.06	24.56
NA20502	0	0	0	0	0.04	0	0.9	0	0	0	0	0	0	0	0	0.97	0	0	0	0.09	25.46
HG00282	0	0	0	0	0.17	0	1.77	0	0	0	0	0	0	0	0	0	0	0	0	0.06	22.39
NA19171	0	0	0	0	0	0	0.97	0	0	0	0	0	0	0	0.13	0.84	0	0	0	0.06	25.34
NA12761	0	0	0	0	0	0.12	0	0.74	0	0	0	0	0	0.11	0.82	0.16	0	0	0	0.05	24.77
NA20795	0	0	0	0	0	0.97	0.01	0	0.96	0	0	0	0	0	0	0	0	0	0	0.06	22.31
NA19238	0	0	0	0	0	0	0.93	0	0	0	0	0	0	0	0	0.97	0	0	0	0.1	25.51
NA19159	0	0	0	0	0	0	0.97	0	0	0	0.01	0	0	0	0.05	0.85	0.07	0	0	0.05	25.49
HG00366	0	0	0	0	0	0	0.97	0	0	0	0.02	0	0	0	0.06	0.83	0.07	0.02	0	0.03	25.54
NA11992	0	0	0	0	0	0	0.97	0	0	0	0	0	0	0	0.26	0.61	0.09	0	0	0.07	25.28
HG00141	0	0	0	0	0	0	0	0	0	0	0	0	0	0	0	1.93	0	0	0	0.07	28.36
NA18873	0	0	0	0	0	0	0.97	0	0	0	0	0	0	0	0.14	0.83	0	0	0	0.06	25.33
HG00336	0	0	0	0	0	0	1.93	0	0	0	0	0	0	0	0	0	0	0	0	0.07	22.57
NA06994	0	0	0	0	0	0	0.01	0	0	0	0	0	0	0	0.01	1.64	0.28	0	0	0.06	28.62
NA19190	0	0	0	0	0	0	0.68	0	0	0	0	0	0	0	0.14	0.83	0	0	0	0.35	25.62
HG00186	0	0	0	0	1.11	0	0.82	0	0	0	0	0	0	0	0	0	0	0	0	0.07	21.46
NA20805	0	0	0	0	0.97	0.04	0	0.9	0	0	0	0	0	0.04	0	0	0	0	0	0.05	21.62
HG00325	0	0	0	0	0	0	0	0	1.93	0	0	0	0	0	0	0	0	0	0	0.07	24.0175
NA20766	0	0	0	0	0	0	0	0	0	0	0	0	0	0	0	1.82	0.11	0	0	0.07	28.47
HG00183	0	0	0	0	0	0.96	0	0.01	0	0	0	0	0	0	0	0.97	0	0	0	0.06	24.51
NA12827	0	0	0	0	0	0.97	0	0.97	0	0	0	0	0	0	0	0	0	0	0	0.06	21.59
NA12400	0	0	0	0	0	0	1.54	0	0	0	0	0	0	0	0	0	0	0	0	0.46	22.96
NA12760	0	0	0	0	0	0	0	0	0	0	0	0	0	0	0.02	1.86	0.06	0	0	0.06	28.42
NA20540	0	0	0	0	0.93	0	0.35	0	0	0	0	0	0	0	0	0	0	0	0	0.72	22.29
NA20772	0	0	0	0	0	0.01	0	0.96	0	0	0	0	0	0	0	0.97	0	0	0	0.06	25.46
NA07056	0	0	0	0	0	0	0	0	0	0	0	0	0	0	0	1.47	0	0	0.46	0.07	29.74
NA12154	0	0	0	0	0.96	0	0.97	0	0	0	0	0	0	0	0	0	0	0	0	0.07	21.61
HG00149	0	0	0	0	0	0.97	0.82	0	0	0	0	0	0	0	0	0	0	0	0	0.21	21.74
NA18912	0	0	0	0	0	0	0.97	0	0	0	0.01	0	0	0	0.03	0.9	0.04	0	0	0.05	25.48
HG00343	0	0	0	0	0	0	1.93	0	0	0	0	0	0	0	0	0	0	0	0	0.07	22.57
NA19130	0	0	0	0	0	0	0.67	0	0	0	0	0	0	0	0	0.97	0	0	0	0.36	25.77
NA12286	0	0	0	0	0	0.96	0.6	0.01	0	0	0	0	0	0	0	0	0	0	0	0.43	21.97
NA12340	0	0	0	0	0	0	0	0	0	0	0.15	0	0	0	0.83	0.91	0.06	0	0	0.05	27.33
HG00118	0	0	0	0	0	0	0.94	0	0	0	0	0	0	0	0	0.82	0.13	0.03	0	0.08	25.71
HG00275	0	0	0	0	0	0.97	0	0	0	0	0	0	0	0	0	0.97	0	0	0	0.06	24.5
NA19143	0	0	0	0	0.97	0	0	0	0	0	0	0	0	0	0	0.97	0	0	0	0.06	24.5
HG00280	0	0	0	0	0.02	0	0.83	0	0	0	0	0	0.11	0	0	0.73	0.24	0	0	0.07	25.92
NA12383	0	0	0	0	0	0	1.89	0	0	0	0	0	0	0	0	0	0	0	0	0.11	22.61
NA12717	0	0	0	0	0	0.96	0	0.01	0	0	0	0	0	0	0	0	0.97	0	0	0.06	25.48
NA20814	0	0	0	0	0	0	0	0	0	0	0.04	0	0	0	0	1.88	0.02	0	0	0.06	28.32
NA18501	0	0	0	0	0	0	0.49	0	0.49	0	0	0	0	0	0.1	0.87	0	0	0	0.05	25.7275
HG00231	0	0	0	0	0	0	1	0	0	0	0	0	0	0	0.12	0.82	0.01	0	0	0.05	25.29
HG00242	0	0	0	0	0	0	0.97	0	0	0	0	0	0	0	0	0.93	0.04	0	0	0.06	25.51
NA18486	0	0	0	0	0.97	0	0.97	0	0	0	0	0	0	0	0	0	0	0	0	0.06	21.59
HG00274	0	0	0	0	0.97	0	0	0	0	0	0	0	0	0	0	0.97	0	0	0	0.06	24.5
HG00335	0	0	0	0	0	0.97	0.97	0	0	0	0	0	0	0	0	0	0	0	0	0.06	21.59
HG00259	0	0	0	0	0	0.97	0.97	0	0	0	0	0	0	0	0	0	0	0	0	0.06	21.59
NA20530	0	0	0	0	0.08	0	0.9	0	0	0	0	0	0	0	0	0.97	0	0	0	0.05	25.38
HG00096	0	0	0	0	0	0.97	0.97	0	0	0	0	0	0	0	0	0	0	0	0	0.06	21.59
NA18871	0	0	0	0	0	0	0.48	0	0.5	0	0	0	0	0	0.14	0.83	0	0	0	0.05	25.695
NA20802	0	0	0	0	0	0	0.97	0	0.97	0	0	0	0	0	0	0	0	0	0	0.06	23.2875
HG00236	0	0	0	0	0	0	0	0	0	0	0.39	0	0	0	1.55	0	0	0	0	0.06	26.05
NA11920	0	0	0	0	0	0	0.97	0	0	0	0	0	0	0	0.07	0.31	0.6	0	0	0.05	26.02
HG00239	0	0	0	0	0	0.97	0	0	0.97	0	0	0	0	0	0	0	0	0	0	0.06	22.3175
HG00265	0	0	0	0	0	0	0.97	0	0	0	0	0	0	0	0	0.97	0	0	0	0.06	25.47
HG00115	0	0	0	0	0	0	0.97	0	0	0	0	0	0	0	0	0.97	0	0	0	0.06	25.47
HG00244	0	0	0	0	0	0	0.97	0	0	0	0	0	0	0	0	0.63	0.34	0.01	0	0.05	25.85
NA18868	0	0	0	0	0	0	0	0	0	0	0	0	0	0	0.13	1.8	0	0	0	0.07	28.23
HG00110	0	0	0	0	0	0.97	0.97	0	0	0	0	0	0	0	0	0	0	0	0	0.06	21.59
HG00181	0	0	0	0	0.03	0.97	0.41	0	0	0	0	0	0.52	0	0	0	0	0	0	0.07	22.61
HG00187	0	0	0	0	0	0	0	0	0.97	0	0	0	0	0	0	0.73	0.24	0	0	0.06	26.4375
HG00188	0	0	0	0	0	0	1.91	0	0	0	0	0	0	0	0	0	0	0	0	0.09	22.59
NA20542	0	0	0	0	0	0	0	0	0.97	0	0	0	0	0	0	0.01	0.96	0	0	0.06	27.1575
HG00264	0	0	0	0	0	1.93	0	0	0	0	0	0	0	0	0	0	0	0	0	0.07	20.64
HG00315	0	0	0	0	0	0	0	0	0	0	0	0	0	0	0.01	1.6	0.21	0.13	0	0.05	28.86
HG00376	0	0	0	0	0	0	0.97	0	0	0	0	0	0	0	0	0.97	0	0	0	0.06	25.47
NA20811	0	0	0	0	0	0	0.5	0	0.47	0	0	0	0	0	0	0.97	0	0	0	0.06	25.8225
NA20785	0	0	0	0	0.02	0	1.92	0	0	0	0	0	0	0	0	0	0	0	0	0.06	22.54
HG00176	0	0	0	0	0	0	0.97	0	0	0	0	0	0	0	0	0.97	0	0	0	0.06	25.47
NA18507	0	0	0	0	0	0	0.97	0	0	0	0	0	0	0	0	0.49	0.48	0	0	0.06	25.95
HG00261	0	0	0	0	0	0	0	0	0	0	0	0	0	0	0	0.94	0.03	0	0	1.03	26.47
HG00179	0	0	0	0	0	0.97	0	0	0	0	0	0	0	0	0	0.97	0	0	0	0.06	24.5
NA12776	0	0	0	0	0	0.87	0	0.1	0	0	0	0	0	0	0.01	0.93	0.04	0	0	0.05	24.65
NA20758	0	0	0	0	0.95	0	0.72	0	0	0	0	0	0	0	0	0	0	0	0	0.33	21.88
NA18498	0	0	0	0	0	0	0.01	0	0	0	0	0	0	0	0.02	1.85	0.07	0	0	0.05	28.42
HG00321	0	0	0	0	0.05	0	1.88	0	0	0	0	0.01	0	0	0	0	0	0	0	0.06	22.5275
HG00313	0	0	0	0	0	0	0.97	0	0	0	0	0	0	0	0	0.97	0	0	0	0.06	25.47
HG00174	0	0	0	0	0	0.97	0	0	0	0	0	0	0	0	0	0	0.97	0	0	0.06	25.47
NA12287	0	0	0	0	0	0.97	0	0	0	0	0	0	0	0	0	0.01	0.96	0	0	0.06	25.46
NA20756	0	0	0	0	0.94	0	0.03	0	0	0	0	0	0	0	0	0.91	0.06	0	0	0.06	24.59
HG00180	0	0	0.02	0	0	1.77	0	0.14	0	0	0	0	0	0	0	0.01	0.01	0	0	0.05	20.81
NA19257	0	0	0	0	0.03	0	1.37	0.02	0	0.01	0	0	0	0	0	0	0	0	0	0.57	23.05
HG00112	0	0	0	0	0	0.01	0	0.96	0.97	0	0	0	0	0	0	0	0	0	0	0.06	23.2775
NA20586	0	0	0	0	0.01	0.73	0.96	0.25	0	0	0	0	0	0	0	0	0	0	0	0.05	21.81
NA12347	0	0	0	0	0	0	0.97	0	0	0	0	0	0	0	0	0.97	0	0	0	0.06	25.47
NA20517	0	0	0	0	0	0	0	0	0	0	0	0	0	0	0	0.74	1.2	0	0	0.06	29.58
HG00384	0	0	0	0	0.01	0	1.92	0	0	0	0	0	0	0	0	0	0	0	0	0.07	22.56
NA12283	0	0	0	0	0	0	0.97	0	0	0	0	0	0	0	0	0.97	0	0	0	0.06	25.47
NA11843	0	0	0	0	0	0	0.97	0	0	0	0	0	0	0	0	0.97	0	0	0	0.06	25.47
NA20778	0	0	0	0	0.89	0	0.94	0	0	0	0	0.01	0.01	0	0	0	0	0	0	0.15	21.7975
NA20541	0	0	0	0	0	0	0	0	0	0	0	0	0	0	0.1	1.8	0.04	0	0	0.06	28.32
HG00267	0	0	0	0	0	0	0	0	0	0	0.01	0	0	0	0.03	1.78	0.11	0.02	0	0.05	28.5
NA19102	0	0	0	0	0.02	0	0.92	0.97	0	0	0	0	0	0	0	0	0	0	0	0.09	22.57
NA12272	0	0	0	0	0.97	0	0	0	0	0	0	0	0	0	0.01	0.96	0.01	0	0	0.05	24.52
NA19141	0	0	0	0	0	0	0.97	0	0	0	0	0	0	0	0.13	0.84	0	0	0	0.06	25.34
NA07048	0	0	0	0	0.96	0	0.86	0	0	0	0	0	0	0	0	0	0	0	0	0.18	21.72
NA20769	0	0	0	0	0	0	0	0	0.97	0	0	0	0	0	0.02	0.95	0	0	0	0.06	26.1775
NA20773	0	0	0	0	0	0.97	0	0	0	0	0	0	0	0	0.01	0.93	0.04	0	0	0.05	24.55
HG00328	0	0	0	0	0.01	0	1.92	0	0	0	0	0	0	0	0	0	0	0	0	0.07	22.56
HG00106	0	0	0	0	0	0	0.97	0	0	0	0	0	0	0	0.96	0.02	0	0	0	0.05	24.53
HG00361	0	0	0	0	0.02	0	0.95	0	0.97	0	0	0	0	0	0	0	0	0	0	0.06	23.2675
HG00253	0	0	0	0	0	0	0	0	0	0	0	0	0	0	0	0.96	0.98	0	0	0.06	29.36
HG00155	0	0	0	0	0	0	0.97	0	0	0	0	0	0	0	0	0.97	0	0	0	0.06	25.47
NA20792	0	0	0	0	0.95	0	0.98	0	0	0	0	0	0	0	0	0	0	0	0	0.07	21.62
NA20759	0	0	0	0	0	0.97	0	0	0	0	0	0	0	0	0.01	0.94	0.02	0	0	0.06	24.51
NA18934	0	0	0	0	0	0	0	0.48	0	0.49	0	0	0	0	0	0.65	0.33	0	0	0.05	26.31
NA11840	0	0	0	0	0	0.02	0	0.96	0	0	0	0	0	0	0	0.97	0	0	0	0.05	25.44
HG00109	0	0	0	0	0	0	0.97	0	0	0	0	0	0	0	0	0.97	0	0	0	0.06	25.47
NA18511	0	0	0	0	0.05	0.01	1.03	0	0	0	0	0	0	0	0	0.43	0.01	0	0	0.47	24.24
HG01334	0	0	0	0	0	0	1.06	0	0	0	0	0	0	0	0	0	0	0	0	0.94	23.44
NA12842	0	0	0	0	0	0	1.93	0	0	0	0	0	0	0	0	0	0	0	0	0.07	22.57
HG00338	0	0.13	0	0	0.01	0	0.77	0	0.06	0	0	0	0	0	0.7	0.28	0	0	0	0.05	24.565
HG00269	0	0	0	0	0.05	0	0.84	0	0	0	0	0	0.02	0	0.01	0.88	0.06	0.02	0	0.12	25.61
HG00173	0	0	0	0	0.02	0.97	0.84	0	0	0	0	0	0.11	0	0	0	0	0	0	0.06	21.79
NA06986	0	0	0	0	0	0.97	0.97	0	0	0	0	0	0	0	0	0	0	0	0	0.06	21.59
NA12003	0	0	0	0	0	0.97	0	0	0	0	0	0	0	0	0	0.93	0.05	0	0	0.05	24.57
NA20774	0	0	0	0	0	0.97	0.09	0	0	0	0	0	0	0	0	0	0	0	0	0.94	22.47
NA20828	0	0	0	0	0	0	1.93	0	0	0	0	0	0	0	0	0	0	0	0	0.07	22.57
HG00284	0	0	0	0	0	0	0.97	0	0	0	0	0	0	0	0	0.97	0	0	0	0.06	25.47
NA12750	0	0	0	0	0	0	0.97	0	0	0	0	0	0	0	0	0.97	0	0	0	0.06	25.47
NA18522	0	0	0	0	0	0	0	0	0	0	0	0	0	0	0	1.45	0.48	0	0	0.07	28.84
NA12275	0	0	0	0	0	0	0.87	0	0	0	0	0	0	0	0.1	0.97	0	0	0	0.06	25.67
NA20528	0	0	0	0	0	0	1.03	0	0	0	0	0	0	0	0	0.91	0	0	0	0.06	25.29
NA18910	0	0	0	0	0.04	0	1.86	0	0	0	0	0	0	0	0	0	0	0	0	0.1	22.56
HG00272	0	0	0	0	0.17	0	1.77	0	0	0	0	0	0	0	0	0	0	0	0	0.06	22.39
HG00138	0	0	0	0	0	0	0.97	0	0	0	0	0	0	0	0	0.97	0	0	0	0.06	25.47
HG00159	0	0	0	0	0	0	1.49	0	0.45	0	0	0	0	0	0	0	0	0	0	0.06	22.8975
HG00108	0	0	0	0	0.95	0	0.99	0	0	0	0	0	0	0	0	0	0	0	0	0.06	21.61
NA19256	0	0	0	0	0	0	1.86	0	0	0	0	0	0	0	0	0	0	0	0	0.14	22.64
HG00111	0	0	0	0	0	0	0	0	0	0	0	0	0	0	0	0.77	1.16	0	0	0.07	29.52
HG00143	0	0	0	0	0	0	0	0	0	0	0	0	0	0	0.11	1.1	0.73	0	0	0.06	29.0
NA19119	0	0	0	0	0.25	0	1.68	0	0	0	0	0	0	0	0	0	0	0	0	0.07	22.32
NA12751	0	0	0	0	0	0	0.97	0	0	0	0	0	0	0	0	0.97	0	0	0	0.06	25.47
HG00121	0	0	0	0	0.97	0	0	0	0	0	0	0	0	0	0	0.3	0.67	0	0	0.06	25.17
NA20515	0	0	0	0	0	0	0	0	0	0	0	0	0	0	0	1.93	0.01	0	0	0.06	28.39
NA20512	0	0	0	0	0	0	0.97	0	0	0	0	0	0	0	0	0.97	0	0	0	0.06	25.47
NA06989	0	0	0	0	0.11	0	1.64	0	0	0	0	0	0	0	0	0	0	0	0	0.25	22.64
HG00281	0	0	0	0	0.03	0	0.94	0	0	0	0	0	0.01	0	0	0.97	0	0	0	0.05	25.45
HG00383	0	0	0	0	0	0.97	0.96	0	0	0	0	0	0	0	0	0	0	0	0	0.07	21.6
NA12716	0	0	0	0	0	0	0.9	0	0	0	0	0	0.01	0	0	0.97	0	0	0	0.12	25.55
NA12718	0	0	0	0	0	0	0.01	0	0	0	0	0	0.87	0	0	0.21	0.65	0.11	0	0.15	28.17
HG00137	0	0	0	0	0	0	0	0	0	0	0	0	0	0	0	1.93	0	0	0	0.07	28.36
NA20790	0	0	0	0	0	0	0.97	0	0	0	0	0	0	0	0	0.51	0.47	0	0	0.05	25.96
NA18489	0	0	0	0	0.06	0	0.86	0	0	0	0	0	0	0	0	0.97	0	0	0	0.11	25.46
HG00334	0	0	0	0	0	0	0.97	0	0	0	0	0	0	0	0	0.97	0	0	0	0.06	25.47
NA20803	0	0.01	0	0	0.18	0	1.75	0	0	0	0	0	0	0	0	0	0	0	0	0.06	22.36
NA11892	0	0	0	0	0	1.09	0	0.75	0	0	0	0	0	0.1	0	0	0	0	0	0.06	21.67
HG00232	0	0	0	0	0	0	0	0	0	0	0	0	0	0	0	1.91	0.03	0	0	0.06	28.41
HG00369	0	0	0	0	0	0	0	0	0	0	0	0	0	0	0	1.83	0.09	0.02	0	0.06	28.51
NA19152	0	0	0	0	0	0	0.68	0	0	0	0	0	0	0	0	0.97	0	0	0	0.35	25.76
NA07037	0	0	0	0	0.97	0	0.97	0	0	0	0	0	0	0	0	0	0	0	0	0.06	21.59
NA11831	0	0	0	0	0	0	0.97	0	0	0	0	0	0	0	0	0.97	0	0	0	0.06	25.47
HG00133	0	0	0	0	0	0	0	0	0	0	0	0	0	0	0.58	0.97	0	0.38	0	0.07	28.54
NA19248	0	0	0	0	0	0	0.97	0	0	0	0	0	0	0	0.01	0.96	0	0	0	0.06	25.46
NA11830	0	0.14	0	0	0.01	0	0.75	0	0.05	0	0	0	0	0	0	0.97	0	0	0	0.08	25.2375
HG00126	0	0	0	0	0	0	0.97	0	0	0	0	0	0	0	0	0.49	0.48	0	0	0.06	25.95
NA20813	0	0	0	0	0	0	0.08	0	0.96	0	0	0	0	0	0.07	0.82	0.02	0	0	0.05	25.95
NA11994	0	0	0	0	0	0	0.97	0	0	0	0	0	0	0	0	0.97	0	0	0	0.06	25.47
NA19209	0	0	0	0	0	0	0	0	0	0	0	0	0	0	0.01	1.93	0	0	0	0.06	28.37
HG00255	0	0	0	0	0	0	0.05	0	0	0	0	0	0	0	0.99	0.9	0	0	0	0.06	27.24
NA19225	0	0	0	0	0.01	0	0.03	0	0.22	0	0	0.69	0	0	0.01	0.05	0.01	0	0	0.98	25.0525
NA20532	0	0	0	0	0	0	0.12	0	0.85	0	0	0	0	0	0	0.68	0.29	0	0	0.06	26.3975
NA18923	0	0	0	0	0.01	0	1.92	0	0	0	0	0	0	0	0	0	0	0	0	0.07	22.56
NA20812	0	0	0	0	0	0.97	0	0	0	0	0	0	0	0	0.01	0.96	0	0	0	0.06	24.49
HG00250	0	0	0	0	0.01	0	0.96	0	0	0	0	0	0	0	0	0.96	0.02	0	0	0.05	25.5
HG00256	0	0	0.01	0	0	0.96	0.97	0	0	0	0	0	0	0	0	0	0	0	0	0.06	21.58
HG00262	0	0	0	0	0	0.97	0	0	0	0	0	0	0	0	0	0.97	0	0	0	0.06	24.5
NA12348	0	0	0	0	0	0	0.99	0	0	0	0	0	0	0	0.02	0.93	0	0	0	0.06	25.39
NA18858	0	0	0	0	0	0	0.97	0	0	0	0	0	0	0	0	0.97	0	0	0	0.06	25.47
NA20754	0	0	0	0	0	0	0.96	0	0.97	0	0	0	0	0	0	0	0	0	0	0.07	23.2975
NA12775	0	0	0	0	0.97	0.97	0	0	0	0	0	0	0	0	0	0	0	0	0	0.06	20.62
NA20510	0	0	0	0	0.01	0	0.96	0	0	0	0	0	0	0	0	0.44	0.53	0	0	0.06	25.99
NA11930	0	0	0	0	1.49	0	0.44	0	0	0	0	0	0	0	0	0	0	0	0	0.07	21.08
NA19138	0	0	0	0	0	0	0.97	0.97	0	0	0	0	0	0	0	0	0	0	0	0.06	22.56
NA18499	0	0	0	0	0	0	0	0	0	0	0	0	0	0	0.02	1.47	0.45	0	0	0.06	28.81
NA19093	0	0	0	0	0	0	0.97	0	0	0	0	0	0	0	0	0	0	0	0	1.03	23.53
HG00367	0	0	0	0	0	0	1.92	0	0	0	0	0	0	0	0	0	0	0	0	0.08	22.58
NA19108	0	0	0	0	0	0	1.93	0	0	0	0	0	0	0	0	0	0	0	0	0.07	22.57
NA19200	0	0	0	0	0	0	0	0	0	0	0	0	0	0	0.01	0.95	0.02	0	0	1.02	26.47
HG00278	0	0	0	0	0	1.86	0	0.07	0	0	0	0	0	0	0	0	0	0	0	0.07	20.71
HG00309	0	0	0	0	0	0	0	0	0	0	0	0	0	0	0	1.93	0	0	0	0.07	28.36
HG00139	0	0	0	0	0.97	0	0	0	0	0	0	0	0	0	0	0.96	0	0.01	0	0.06	24.52
NA19098	0	0	0	0	0	0	0	0	0	0	0	0	0	0	0.9	1.04	0	0	0	0.06	27.48
HG00271	0	0	0	0	0	0	0.93	0	0	0	0	0	0	0	0	0.88	0.09	0	0	0.1	25.6
NA20520	0	0	0	0	0	0	0.97	0	0	0	0	0	0	0	0	0.96	0.01	0	0	0.06	25.48
HG00246	0	0	0	0	0	0	0.97	0	0	0	0	0	0	0	0	0.96	0.02	0	0	0.05	25.51
NA12045	0	0	0	0	0	0	0	0	0	0	0	0	0	0	0.01	1.63	0.28	0.03	0	0.05	28.73
NA12889	0	0	0	0	0.97	0.97	0	0	0	0	0	0	0	0	0	0	0	0	0	0.06	20.62
HG00276	0	0	0	0	0	0	0	0	0.97	0	0	0	0	0	0	0.97	0	0	0	0.06	26.1975
NA12830	0	0	0	0	0	0	0.97	0	0	0	0	0	0	0	0.13	0.58	0.27	0	0	0.05	25.63
NA18519	0	0	0	0	0	0	0.97	0.97	0	0	0	0	0	0	0	0	0	0	0	0.06	22.56
NA06984	0	0	0	0	0	0	0	0	0	0	0	0	0	0	0.01	1.89	0.03	0	0	0.07	28.38
HG00320	0	0	0	0	0	1.92	0	0.01	0	0	0	0	0	0	0	0	0	0	0	0.07	20.65
NA19223	0	0	0	0	0	0	1.54	0	0	0	0	0	0	0	0	0	0	0	0	0.46	22.96
NA19107	0	0	0	0	0.01	0	0.51	0	0.49	0	0	0	0	0	0	0	0	0	0	0.99	23.8475
HG00382	0	0	0	0	0	0	0	0	0	0	0	0	0	0	0	1.92	0.02	0	0	0.06	28.4
HG00119	0	0	0	0	0	0	0	0	0	0	0	0	0	0	0.64	1.09	0	0	0	0.27	27.32
