	11	12	12	13	14	14	14	15	15	15	16	16	16	17	17	17	17	18	18	18	18	18	19	19	20	16	Beta
NA19131	0	0	0	0	0	0	0	0	0.64	0.96	0.32	0	0	0	0.01	0	0	0	0	0	0	0	0	0	0	0.07	30.41
NA19198	0	0	0	0	0	0	0	0	1.54	0	0.36	0	0	0	0.02	0	0	0	0	0	0	0	0	0	0	0.08	30.48
HG00273	0	0	0	0	0	0.96	0	0.93	0	0	0	0	0	0	0	0	0	0	0	0	0	0	0	0	0	0.11	29.15
HG00150	0	0	0	0	0	0	0	0.96	0	0	0.96	0	0	0	0	0	0	0	0	0	0	0	0	0	0	0.08	31.04
HG00145	0	0	0	0	0	0	0	0	0.01	0	1.51	0	0	0	0.38	0	0	0	0.02	0	0	0	0	0	0	0.08	32.41
HG00339	0	0	0	0	0	0	0	0	1.91	0	0	0	0	0	0	0	0	0	0	0	0	0	0	0	0	0.09	30.09
HG00102	0	0	0	0	0	0.84	0	0	0.1	0	0.02	0.01	0	0	0.01	0.82	0	0	0	0	0.03	0	0.11	0	0	0.06	31.44
NA18523	0	0	0	0	0.02	0	0.05	0.26	0	0.03	0	0.83	0	0.02	0	0.04	0	0	0	0	0.02	0	0	0	0	0.73	31.67
HG00346	0	0	0	0	0	0	0	0	0	0	0	0	0	0	0	1.76	0	0	0	0	0.15	0	0	0	0	0.09	34.06
NA12249	0	0	0	0	0	0	0	0	0.75	0	0.01	0	0	0	1.15	0	0	0	0.01	0	0	0	0	0	0	0.08	32.42
HG00266	0	0	0.01	0	0	0.09	0	0	0.77	0	0.96	0	0	0	0.09	0	0	0	0	0	0	0	0	0	0	0.08	31.1
NA12413	0	0	0	0	0	0.78	0	0	1.11	0	0.03	0	0	0	0	0	0	0	0	0	0	0	0	0	0	0.08	29.33
NA19236	0	0	0	0	0	0	0	0	0	0.11	0	0.01	0	0.36	0	0.14	0	0	0	0	0.45	0.01	0.26	0	0	0.66	34.09
NA20544	0	0	0	0	0	0	0	0	0	0	0	0	0	0	0	0.24	0	0	0	0	1.63	0	0.06	0	0	0.07	35.68
NA19204	0	0	0	0	0	0	0.03	0	0	0.27	0	1.14	0	0	0	0.12	0	0	0	0.03	0.33	0	0.01	0	0	0.07	32.54
HG00103	0	0	0	0	0	0	0	0	0	0	0.06	0.03	0	0	0	0.16	0	0	0.9	0	0.63	0	0.15	0	0	0.07	35.67
NA20582	0	0	0	0	0	0.96	0	0	0.05	0	0.9	0	0	0	0.01	0	0	0	0	0	0	0	0	0	0	0.08	30.04
NA19172	0	0	0	0	0	0	0	0.97	0	0	0	0	0	0	0	0	0	0	0	0	0	0	0	0	0	1.03	31.03
NA20815	0	0	0	0	0	0	0	0	0	0.01	0	0.01	0	0	0	0.46	0	0	0	0	1.44	0	0	0	0	0.08	35.33
HG00375	0	0	0	0	0	0	0	0	0.1	0	0.11	0.96	0	0	0.75	0	0	0	0	0	0	0	0	0	0	0.08	32.65
NA18933	0	0	0	0	0	0	0	0	0	0	0	0	0	0.96	0	0.96	0	0	0	0	0	0	0	0	0	0.08	33.92
HG00245	0	0	0	0	0	0.58	0	0	0.4	0	0.92	0	0	0	0.02	0	0	0	0	0	0	0	0	0	0	0.08	30.46
HG00319	0	0	0	0	0	0.95	0	0	0.01	0	0	0	0	0	0	0	0	0	0	0	0.96	0	0	0	0	0.08	32.01
NA12155	0	0	0	0	0	0	0	0	0	0	0.04	0.01	0	0	0.92	0.95	0	0	0	0	0	0	0	0	0	0.08	33.87
NA12749	0	0	0	0	0	0.02	0	0	1	0	0.36	0	0	0	0.54	0	0	0	0	0	0	0	0	0	0	0.08	31.5
HG00341	0	0	0	0	0	0.95	0	0	0.01	0	0	0	0	0	0	0.01	0	0	0	0	0.8	0	0.16	0	0	0.07	32.18
NA20771	0	0	0	0	0	0	0	0	0	0	0.03	0	0	0	1.89	0	0	0	0	0	0	0	0	0	0	0.08	33.89
NA20761	0	0	0	0.39	0	0.02	0	0	0.95	0	0.34	0	0	0	0.23	0	0	0	0	0	0	0	0	0	0	0.07	30.07
NA12341	0	0	0	0	0	0.16	0	0	1.16	0	0.28	0	0	0	0.32	0	0	0	0	0	0	0	0	0	0	0.08	30.84
HG00380	0	0	0	0	0	0	0	0	0.71	0	0.25	0.96	0	0	0	0	0	0	0	0	0	0	0	0	0	0.08	31.29
NA12763	0	0	0	0	0	0.96	0	0	0.76	0	0.19	0	0	0	0.02	0	0	0	0	0	0	0	0	0	0	0.07	29.34
NA18917	0	0	0	0	0	0	0	0.01	0	0	0	0	0	0	0	0	0	0	0	0	0	0	0	0	0	1.99	31.99
HG00116	0	0	0	0	0	0	0	0	0.96	0	0	0.87	0	0	0	0.03	0	0	0	0	0.06	0	0.01	0	0	0.07	31.22
HG00260	0	0	0	0	0	0	0	0	0.96	0	0	0	0	0	0	0	0	0	0	0	0	0	0	0	0	1.04	31.04
NA18907	0	0	0	0	0.96	0	0	0	0	0	0	0	0	0	0.96	0	0	0	0	0	0	0	0	0	0	0.08	31.04
NA20770	0	0	0	0	0	0	0	0	0.93	0	0.03	0	0	0	0	0	0	0	0	0	0.96	0	0	0	0	0.08	32.99
NA20807	0	0	0	0	0	0	0	0	0.08	0	0	0	0	0	1.65	0	0	0	0.18	0	0	0	0	0	0	0.09	33.93
NA20796	0	0	0	0	0	0	0	0	0	0	0.01	0.11	0	0	0.95	0.03	0	0	0	0	0.73	0	0.09	0	0	0.08	34.71
NA19160	0	0.96	0	0	0.01	0	0	0	0	0	0	0	0	0	0	0	0	0	0	0	0	0	0	0	0	1.03	28.14
NA20810	0	0	0	0	0	0	0	0	0.95	0	0.01	0	0	0	0	0.95	0	0	0	0	0.01	0	0	0	0	0.08	32.02
NA20787	0	0	0	0	0	0	0	0.95	0	0	0	0	0	0	0.96	0	0	0	0	0	0	0	0	0	0	0.09	32.01
NA07347	0	0	0	0	0	0.01	0	0	0.17	0	0.72	0.96	0	0	0.07	0	0	0	0	0	0	0	0	0	0	0.07	31.88
HG00101	0	0	0	0	0	0.94	0	0	0.86	0	0.11	0	0	0	0	0	0	0	0	0	0	0	0	0	0	0.09	29.26
HG00160	0	0	0	0	0	0.04	0	0.96	0.88	0	0.04	0	0	0	0	0	0	0	0	0	0	0	0	0	0	0.08	30.08
HG00251	0	0	0	0	0	0	0	0	0.96	0	0	0	0	0	0	0	0	0	0	0	0.96	0	0	0	0	0.08	32.96
HG00146	0	0	0	0	0	0.19	0	0	1.68	0	0.04	0	0	0	0.01	0	0	0	0	0	0	0	0	0	0	0.08	29.95
NA20819	0	0	0	0	0	0	0	0	0	0.96	0	0.02	0	0	0	0.02	0	0	0	0	0.93	0	0	0	0	0.07	32.92
NA12778	0	0	0.04	0	0	0.19	0	0	0.29	0	0.52	0	0	0	0.51	0	0	0	0.38	0	0	0	0	0	0	0.07	32.44
NA12890	0	0	0	0	0	1.29	0	0	0.62	0	0.01	0	0	0	0	0	0	0	0	0	0	0	0	0	0	0.08	28.8
NA20535	0	0	0	0	0	0.96	0	0	0	0	0.77	0	0	0	0.18	0	0	0	0.01	0	0	0	0	0	0	0.08	30.28
NA19116	0	0	0	0	0	0	0	0.96	0	0	0	0	0	0	0.96	0	0	0	0	0	0	0	0	0	0	0.08	32.0
NA20506	0	0	0	0	0	0.32	0	0	0.64	0	0	0	0	0	0	0	0	0	0	0	0	0	0	0	0	1.04	30.72
HG00330	0	0	0	0	0	0.01	0	0	0.94	0	0.02	0	0	0	0	0.96	0	0	0	0	0	0	0	0	0	0.07	32.0
HG00189	0	0	0	0	0	0	0	0	0.95	0	0.01	0.03	0	0	0	0.15	0	0	0	0	0.68	0	0.11	0	0	0.07	32.89
HG00233	0	0	0	0	0	0	0	0	0	0	0	0.95	0	0	0	0.01	0	0	0	0	0.96	0	0	0	0	0.08	33.93
NA12546	0	0	0	0	0	0.84	0	0	0.07	0	0.05	0	0	0	0.01	0	0	0	0	0	0	0	0.96	0	0	0.07	33.14
NA19129	0	0	0	0	0	0	0	0	0	0	0	0	0	0	0	0.04	0	0	0	0	0.92	0	0	0	0	1.04	33.88
NA20525	0	0	0	0	0	0	0	0	0	0	0	1.2	0	0	0	0	0	0	0	0	0.71	0	0	0	0	0.09	33.42
NA19144	0	0.96	0	0	0	0.96	0	0	0	0	0	0	0	0	0	0	0	0	0	0	0	0	0	0	0	0.08	26.24
NA12058	0	0	0	0	0	0	0	0.96	0	0	0	0	0	0	0	0	0	0	0	0	0.96	0	0	0	0	0.08	32.96
NA20516	0	0	0	0	0	0.01	0	0	1.9	0	0.01	0	0	0	0	0	0	0	0	0	0	0	0	0	0	0.08	30.08
NA20797	0	0	0	0	0	0	0	0	0	0	0	0.21	0	0	0	0.15	0	0	0	0	1.33	0	0.23	0	0	0.08	35.5
HG00178	0	0	0	0	0	0.77	0	0	0.17	0	0.02	0	0	0	0	0	0	0	0	0	0	0	0	0	0	1.04	30.29
NA11832	0	0	0	0	0	1.08	0	0	0.74	0	0.09	0	0	0	0	0	0	0	0	0	0	0	0	0	0	0.09	29.1
NA18520	0	0	0	0	0	0	0	0.93	0	0	0	0	0	0	0	0.96	0	0	0	0	0	0	0	0	0	0.11	32.03
HG00263	0	0	0	0	0	0	0	0	0	0	0	0.1	0	0	0	0.47	0	0	0	0	1.34	0	0	0	0	0.09	35.15
HG00127	0	0	0	0	0	0	0	0	0	0.03	0	1.01	0	0	0	0.32	0	0	0	0	0.53	0	0.03	0	0	0.08	33.44
HG00326	0	0	0	0	0	0	0	0	0.96	0	0.96	0	0	0	0	0	0	0	0	0	0	0	0	0	0	0.08	31.04
NA20531	0	0	0	0	0	0	0	0	0	0	0	0.95	0	0	0	0.01	0	0	0	0	0	0	0.96	0	0	0.08	34.89
HG00310	0	0	0	0	0	0.96	0	0	0	0	0	0	0	0	0	0	0	0	0	0	0.96	0	0	0	0	0.08	32.0
HG00378	0	0	0	0	0	0	0	0	0.96	0	0	0	0	0	0	0.95	0	0	0	0	0.01	0	0	0	0	0.08	32.01
NA12342	0	0	0	0	0	0	0	0.96	0	0	0	0	0	0	0	0.96	0	0	0	0	0	0	0	0	0	0.08	32.0
NA19206	0	0	0	0	0.2	0	0	0.56	0	0	0	0	0	0	0.96	0	0	0	0	0	0	0	0	0	0	0.28	32.0
NA20752	0	0	0	0	0	0	0	0	0	0	0	0.07	0	0	0.96	0.05	0	0	0	0	0.78	0	0.05	0	0.01	0.08	34.76
HG00157	0	0	0	0	0	0.02	0	0	1.77	0	0.05	0	0	0	0.08	0	0	0	0	0	0	0	0	0	0	0.08	30.27
HG00258	0	0	0	0	0	0.9	0	0	0.93	0	0.09	0	0	0	0	0	0	0	0	0	0	0	0	0	0	0.08	29.27
HG00177	0	0	0	0	0	0	0	0	0	0	0	0	0	0	0	1.11	0	0	0	0	0.79	0	0.02	0	0	0.08	34.75
HG00353	0	0	0	0	0	0.01	0	0	1.25	0	0.44	0	0	0	0.21	0	0	0	0.02	0	0	0	0	0	0	0.07	30.98
NA19114	0	0	0	0	0	0	0.06	0	0	0.36	0	0.96	0	0	0	0.3	0	0	0	0	0.24	0	0.01	0	0	0.07	32.33
HG00131	0	0	0	0	0	0	0	0	0.01	0	0.95	0	0	0	0	0.02	0	0	0	0	0.91	0	0.03	0	0	0.08	33.92
HG00372	0	0	0	0	0	0.38	0	0	0.56	0	0.03	0.95	0	0	0	0.01	0	0	0	0	0	0	0	0	0	0.07	30.69
NA19092	0	0	0	0	0	0	0	0	0	0	0	0	0	0.87	0	0.96	0	0	0	0	0	0	0	0	0	0.17	33.83
NA10847	0	0	0	0	0	0	0	0	0	0	0	0.96	0	0	0	0	0	0	0	0	0	0	0.96	0	0	0.08	34.88
HG00277	0.01	0	0	0	0	1.41	0	0	0.25	0.01	0.13	0.02	0	0	0.06	0.03	0	0	0	0	0.02	0	0	0	0	0.06	29.0
NA18510	0	0	0	0	0	0	0	1.91	0	0	0	0	0	0	0	0	0	0	0	0	0	0	0	0	0	0.09	30.09
NA12399	0	0	0	0	0	0	0	0	0	0	1.57	0	0	0	0.34	0	0	0	0	0	0	0	0	0	0	0.09	32.34
HG00327	0	0	0	0	0	0.86	0	0	0.03	0	0.08	0	0	0	0	0	0	0	0	0	0.96	0	0	0	0	0.07	32.17
NA19247	0	0	0	0	0	0	0	0.96	0	0	0.96	0	0	0	0	0	0	0	0	0	0	0	0	0	0	0.08	31.04
HG00332	0	0	0	0	0	0.96	0	0	0.58	0	0.38	0	0	0	0	0	0	0	0	0	0	0	0	0	0	0.08	29.5
NA18504	0	0	0	0	0	0	0	0	0	0	0	0.01	0	0.96	0	0.95	0	0	0	0	0	0	0	0	0	0.08	33.91
HG00252	0	0	0	0	0	0	0	0	0	0	0	0.06	0	0	0	0.03	0	0	0	0	1.79	0	0.04	0	0	0.08	35.73
HG00238	0	0	0	0	0	0	0	0.96	0	0	0	0.95	0	0	0	0.01	0	0	0	0	0.01	0	0	0	0	0.07	31.07
HG00342	0.01	0	0	0	0	0.05	0	0	1.41	0.01	0.27	0.02	0	0	0.09	0.06	0	0	0.01	0	0.03	0	0	0	0	0.04	30.66
NA20581	0	0	0	0	0	0	0	0	0.96	0	0.96	0	0	0	0	0	0	0	0	0	0	0	0	0	0	0.08	31.04
HG00268	0	0	0	0	0	0.96	0	0	0.96	0	0	0	0	0	0	0	0	0	0	0	0	0	0	0	0	0.08	29.12
HG00154	0	0	0	0	0	0.02	0	0	0.74	0	0.2	0.7	0	0	0.01	0.04	0	0	0	0	0.23	0	0	0	0	0.06	31.73
HG00371	0	0	0	0.02	0	0.03	0	0	0.18	0	0.42	0	0	0	1.27	0	0	0	0.02	0	0	0	0	0	0	0.06	33.01
NA18870	0	0	0	0	0.02	0	0	0.26	0	0	0.96	0	0	0.02	0	0	0	0	0	0	0	0	0	0	0	0.74	31.72
NA20505	0	0	0	0	0	0	0	0	0.76	0	0.2	0	0	0	0	0	0	0	0	0	0.53	0	0.43	0	0	0.08	33.59
NA20538	0	0	0	0	0	0	0	0.86	0	0	0	0.96	0	0.02	0	0	0	0	0	0	0	0	0	0	0	0.16	31.16
HG00182	0	0	0	0	0	0	0	0	0	0	0	0	0	0	0.96	0.96	0	0	0	0	0	0	0	0	0	0.08	33.92
NA19207	0	0	0	0	0	0	0	0	0	0	0	0	0	0.96	0	0.96	0	0	0	0	0	0	0	0	0	0.08	33.92
HG00373	0	0	0	0	0	0.05	0	0	1.38	0	0.5	0	0	0	0	0	0	0	0	0	0	0	0	0	0	0.07	30.52
NA20800	0	0	0	0	0	0	0	0	0	0.01	0	0.48	0.01	0	0	1.1	0.01	0	0	0	0.32	0	0.01	0	0	0.06	33.77
HG00151	0	0	0	0	0	0	0	0	0.22	0	0.29	0	0	0	0.31	0	0	0	0.15	0	0.96	0	0	0	0	0.07	34.31
NA11829	0	0	0	0	0	0.96	0	0	0	0	0	0	0	0	0	0	0	0	0	0	0.96	0	0	0	0	0.08	32.0
HG00324	0	0	0	0	0	0.84	0	0	0.4	0	0.47	0	0	0	0.2	0	0	0	0.01	0	0	0	0	0	0	0.08	30.14
HG00120	0	0	0	0	0.01	0	0	0.93	0	0	0.01	0	0	0	0.95	0	0	0	0	0	0	0	0	0	0	0.1	32.0
NA12828	0	0	0	0	0	0.94	0	0	0.12	0	0.65	0	0	0	0.21	0	0	0	0	0	0	0	0	0	0	0.08	30.21
NA12777	0	0	0	0	0	0.96	0	0	0	0	0	0	0	0	0	0	0	0	0	0	0.96	0	0	0	0	0.08	32.0
NA20539	0	0	0	0	0	0	0	0	0	0	0.24	0	0	0	0.72	0.42	0	0	0	0	0.47	0	0.08	0	0	0.07	34.32
NA19213	0	0	0	0	0	0	0	0	0	0	0	0	0	0	0.96	0.96	0	0	0	0	0	0	0	0	0	0.08	33.92
NA19147	0	0	0	0	0	0.96	0	0	0	0	0.96	0	0	0	0	0	0	0	0	0	0	0	0	0	0	0.08	30.08
HG00379	0	0	0	0	0	0.89	0	0	0.04	0	0.02	0.96	0	0	0.01	0	0	0	0	0	0	0	0	0	0	0.08	30.19
HG00158	0	0	0	0	0	0.01	0	0	0.94	0	0.97	0	0	0	0	0	0	0	0	0	0	0	0	0	0	0.08	31.04
HG00329	0	0	0	0	0	0	0	0	0.07	0	0.59	0	0	0	0.29	0.01	0	0	0.02	0	0.95	0	0	0	0	0.07	34.17
HG00344	0	0	0	0	0	0.05	0	0	0.13	0	1.5	0.01	0	0	0.05	0.01	0	0	0.19	0	0.01	0	0	0	0	0.05	32.23
NA11931	0	0	0	0	0	0.89	0	0	0.07	0	0	0	0	0	0.96	0	0	0	0	0	0	0	0	0	0	0.08	31.11
HG00142	0	0	0	0	0	0	0	0	0	0	0	0	0	0	0.96	0.72	0	0	0	0	0.24	0	0	0	0	0.08	34.16
HG00100	0	0	0	0	0	0.11	0	0	0.84	0	0.01	0.04	0	0	0	0	0	0	0	0	0.91	0	0.01	0	0	0.08	32.79
NA12843	0	0	0	0	0	0.01	0	0	0.94	0	0.01	0.06	0	0	0	0.07	0	0	0	0	0.77	0	0.06	0	0	0.08	32.83
NA18909	0	0	0	0	0	0	0.05	0	0	0.03	0	0.85	0	0	0	0.38	0	0	0	0	0.6	0	0.02	0	0	0.07	33.51
HG00243	0	0	0	0	0	0	0	0	0	0	0	0.01	0	0	0	0.96	0	0	0	0	0.95	0	0	0	0	0.08	34.86
NA20806	0	0	0	0	0	0	0	0.96	0.96	0	0	0	0	0	0	0	0	0	0	0	0	0	0	0	0	0.08	30.08
NA20768	0	0	0	0	0	0.49	0	0	0.41	0	0.06	0.01	0	0	0.01	0.23	0	0	0	0	0.52	0	0.21	0	0	0.06	32.52
HG00123	0	0	0	0	0	0	0	0.01	0.96	0	0	0	0	0	0	0	0	0	0	0	0	0	0	0	0	1.03	31.03
NA20529	0	0	0	0	0	0.01	0	0	0.95	0	0.01	0.03	0	0	0	0.18	0	0	0	0	0.54	0	0.21	0	0	0.07	32.92
HG00122	0	0	0	0	0	0.04	0	0	0.6	0	0.33	0	0	0	0	0.96	0	0	0	0	0	0	0	0	0	0.07	32.28
NA18853	0	0	0	0	0	0	0	0.96	0	0	0	0	0	0.96	0	0	0	0	0	0	0	0	0	0	0	0.08	32.0
NA19189	0	0	0	0	0	0	0	0.96	0	0	0	0	0	0	0.96	0	0	0	0	0	0	0	0	0	0	0.08	32.0
HG00148	0	0	0	0	0	0	0	0	0	0	0.96	0	0	0	0	0.96	0	0	0	0	0	0	0	0	0	0.08	32.96
HG00171	0	0	0.05	0	0	0.81	0	0	0.99	0	0.04	0	0	0	0.03	0	0	0	0	0	0	0	0	0	0	0.08	29.22
HG00331	0	0	0	0	0	0	0	0	0	0	0	0.96	0	0	0	0	0	0	0	0	0.96	0	0	0	0	0.08	33.92
HG00381	0	0	0	0	0	0	0	0	0.88	0	0.08	0	0	0	0	0.96	0	0	0	0	0	0	0	0	0	0.08	32.08
NA18856	0	0.77	0	0	0	0.96	0	0.04	0	0	0	0	0	0	0	0	0	0	0	0	0	0	0	0	0	0.23	26.96
HG00345	0	0	0	0	0	0	0	0	1.56	0	0.12	0.16	0	0	0.03	0	0	0	0.05	0	0	0	0	0	0	0.08	30.57
NA18861	0	0	0	0	0	0	0	0.96	0	0	0	0	0	0	0	0	0	0	0	0	0.96	0	0	0	0	0.08	32.96
HG00185	0	0	0	0	0	0	0	0	0.96	0	0	0.01	0	0	0	0.95	0	0	0	0	0	0	0	0	0	0.08	31.99
NA07051	0	0	0	0	0	0.03	0	0.33	0.03	0	0.57	0	0	0.09	0.34	0	0	0	0	0	0	0	0	0	0	0.61	32.01
NA20527	0	0	0	0	0	0	0	0	1.53	0	0.2	0	0	0	0	0	0	0	0.2	0	0	0	0	0	0	0.07	30.87
NA20783	0	0	0	0	0	0	0	0	0.03	0.03	0.77	0.11	0	0	0.11	0.53	0	0	0.06	0.02	0.25	0.01	0.04	0	0	0.04	33.38
NA19137	0	0	0	0	0	0	0	0.96	0	0	0	0	0	0	0	0	0	0	0	0	0	0	0	0	0	1.04	31.04
NA19201	0	0	0	0	0	0	0	0	0	0	0	0.96	0	0	0	0	0	0	0	0	0	0	0	0	0	1.04	32.0
NA18488	0	0	0	0	0.96	0.96	0	0	0	0	0	0	0	0	0	0	0	0	0	0	0	0	0	0	0	0.08	28.16
HG00311	0	0	0	0	0	0.01	0	0	0.13	0	0.77	0.96	0	0	0.06	0	0	0	0	0	0	0	0	0	0	0.07	31.91
HG00337	0	0	0	0	0	0	0	0	0.11	0	0.85	0	0	0	0	0.43	0	0	0	0	0.53	0	0	0	0	0.08	33.38
HG00257	0	0	0	0	0	0.9	0	0	0.74	0	0.28	0	0	0	0	0	0	0	0	0	0	0	0	0	0	0.08	29.46
HG00136	0	0	0	0	0	0	0	0	0.06	0	0.78	0	0	0	0.12	0.21	0	0	0	0	0.75	0	0	0	0	0.08	33.77
NA20826	0	0	0	0.41	0	0	0	0	0.06	0	0.43	0	0	0	0.06	0	0	0	0	0	0.96	0	0	0	0	0.08	32.69
NA20518	0	0	0	0	0	0.66	0	0.06	0.06	0	0.24	0	0	0.87	0	0	0	0	0	0	0	0	0	0	0	0.11	31.43
NA20786	0	0	0	0	0	0.96	0	0	0.96	0	0	0	0	0	0	0	0	0	0	0	0	0	0	0	0	0.08	29.12
NA20760	0	0	0	0	0	0.92	0	0	0.97	0	0.03	0	0	0	0	0	0	0	0	0	0	0	0	0	0	0.08	29.19
HG00114	0	0	0	0	0	0.04	0	0	0.85	0	0.07	0	0	0	0	0.66	0	0	0	0	0.3	0	0	0	0	0.08	32.33
HG00117	0	0	0	0	0	0.05	0	0	1.2	0	0.51	0	0	0	0.16	0	0	0	0	0	0	0	0	0	0	0.08	30.86
NA20534	0	0	0	0	0	0.86	0	0	0.1	0	0	0.05	0	0	0	0.15	0	0	0	0	0.71	0	0.05	0	0	0.08	31.9
NA20809	0	0	0	0	0	0	0	0.01	0	0	0	0.03	0	0.36	0	0.04	0	0	0	0	0.85	0.02	0.04	0	0	0.65	34.25
NA12273	0	0	0	0	0	0.81	0	0	0.06	0	0.03	0	0	0	0.07	0	0	0	0	0	0.96	0	0	0	0	0.07	32.31
NA20808	0	0	0	0	0	0.02	0	0	0.04	0	0.09	0.02	0	0	0.82	0.07	0	0	0	0	0.75	0	0.13	0	0	0.06	34.7
NA19197	0	0	0	0	0.96	0	0	0	0	0	0.48	0	0	0	0.48	0	0	0	0	0	0	0	0	0	0	0.08	30.56
NA11918	0	0	0	0	0	0	0	0	0	0	0	0.95	0	0	0	0.01	0	0	0	0	0.96	0	0	0	0	0.08	33.93
NA20509	0	0	0	0	0	1.44	0	0	0.13	0	0.09	0	0	0	0.26	0	0	0	0	0	0	0	0	0	0	0.08	29.25
NA20757	0	0	0	0	0	0.56	0	0	0.39	0	0.47	0	0	0	0.47	0	0	0	0.03	0	0	0	0	0	0	0.08	31.02
HG00125	0	0	0	0	0	0.06	0	0	1.8	0	0.06	0	0	0	0	0	0	0	0	0	0	0	0	0	0	0.08	30.08
NA11894	0	0	0	0	0	0.72	0	0	0.24	0	0.01	0.96	0	0	0	0	0	0	0	0	0	0	0	0	0	0.07	30.32
NA18517	0	0	0	0	0	0	0	0.98	0	0	0	0	0	0	0	0	0	0	0	0	0	0	0	0	0	1.02	31.02
NA20798	0	0	0	0	0	0.96	0	0	0.11	0	0.85	0	0	0	0	0	0	0	0	0	0	0	0	0	0	0.08	29.97
NA20588	0	0	0	0	0	0.83	0	0	0.11	0	0.02	0.94	0	0	0.02	0.01	0	0	0	0	0.01	0	0	0	0	0.06	30.28
HG00285	0	0	0	0	0	0	0	0	1.91	0	0	0	0	0	0	0	0	0	0	0	0	0	0	0	0	0.09	30.09
NA19153	0	0	0	0	0	0	0	0	0	0.92	0	0.97	0	0	0	0.01	0	0	0	0	0.01	0	0	0	0	0.09	31.11
NA20804	0	0	0	0	0	0.02	0	0	0.12	0.1	0.43	0.16	0	0	0.34	0.53	0	0	0.06	0	0.13	0.01	0.05	0	0	0.05	33.16
HG00306	0	0	0	0	0	0	0	0.02	0	0	0	0	0	0.03	0	0	0	0	0	0	0.96	0	0	0	0	0.99	33.93
NA19210	0	0	0	0	0	0.11	0	0	0.11	0.9	0.35	0.04	0	0	0.39	0.02	0	0	0	0	0	0	0	0	0	0.08	31.18
NA18908	0	0	0	0	0	0	0	0	0	0	0	0	0	0.96	0	0	0	0	0	0	0	0	0	0	0	1.04	32.96
NA20585	0	0	0	0	0	0	0	0	0.02	0	0.14	0.03	0	0	0.8	0.07	0	0	0	0	0.85	0	0.02	0	0	0.07	34.61
NA20543	0	0	0	0	0	0	0	0	0	0	0	0.96	0	0	0	0	0	0	0	0	0	0	0	0	0	1.04	32.0
NA20508	0	0	0	0	0	0	0	0	0.01	0	0.95	0.12	0	0	0	0.24	0	0	0	0	0.61	0	0	0	0	0.07	33.45
NA18916	0	0	0	0	0	0	0	1.13	0	0	0	0	0	0	0	0	0	0	0	0	0	0	0	0	0	0.87	30.87
NA20799	0	0	0	0	0	0	0	0	0	0.18	0	0.02	0	0	0	1.31	0	0	0	0	0.3	0	0.12	0	0	0.07	34.09
NA19235	0	0	0	0	0	0	0	0.02	0	0	0.92	0	0	0.94	0	0	0	0	0	0	0	0	0	0	0	0.12	32.92
HG00240	0	0	0	0	0	0.75	0	0	0.51	0	0.66	0	0	0	0	0	0	0	0	0	0	0	0	0	0	0.08	29.99
NA20765	0	0	0	0	0	0	0	0	0	0.36	0	0	0	0	0	0.89	0	0	0	0	0.67	0	0	0	0	0.08	33.87
NA18516	0	0	0	0	0	0	0	0	0	0	0	0	0	1.9	0	0	0	0	0	0	0	0	0	0	0	0.1	33.9
NA20801	0	0	0	0	0	0.84	0	0	0.12	0	0	0	0	0	0	0	0	0	0	0	0.96	0	0	0	0	0.08	32.12
NA18867	0	0	0	0	0	0	0	0	0	0	0.96	0	0	0	0.96	0	0	0	0	0	0	0	0	0	0	0.08	32.96
NA20524	0	0	0	0	0	0.03	0	0	0.19	0	0.26	0.96	0	0	0.45	0	0	0	0.04	0	0	0	0	0	0	0.07	32.28
HG00323	0	0	0	0	0	0.83	0	0	1.06	0	0.03	0	0	0	0	0	0	0	0	0	0	0	0	0	0	0.08	29.28
NA20589	0	0	0	0	0	0	0	0	0.75	0	0.92	0	0	0	0.05	0	0	0	0.2	0	0	0	0	0	0	0.08	31.7
NA11893	0	0	0	0	0	1.44	0	0	0.47	0	0	0	0	0	0	0	0	0	0	0	0	0	0	0	0	0.09	28.65
NA20502	0	0	0	0	0	0.08	0	0	0.28	0	0.56	0.01	0	0	0.03	0.02	0	0	0	0	0.95	0	0.01	0	0	0.06	33.54
HG00282	0	0	0	0.35	0	0	0	0	1.13	0	0.2	0	0	0	0.24	0	0	0	0.01	0	0	0	0	0	0	0.07	30.08
NA19171	0	0	0	0	0	0	0	0	0	0	0	0	0	0.96	0.96	0	0	0	0	0	0	0	0	0	0	0.08	33.92
NA12761	0	0	0	0	0	0	0	0	0	0	0	0	0	0	0	0.26	0	0	0	0	1.65	0	0	0	0	0.09	35.56
NA20795	0	0	0	0	0	0	0	0	0.95	0	0.48	0.48	0	0	0	0	0	0	0	0	0	0	0	0	0	0.09	31.05
NA19238	0	0	0	0	0	0	0	0.93	0	0	0	0	0	0.96	0	0	0	0	0	0	0	0	0	0	0	0.11	32.03
NA19159	0	0	0	0	0	0	0	0.08	0.72	0	0.24	0	0	0.01	0	0	0	0	0	0	0	0	0	0	0	0.95	31.21
HG00366	0	0	0	0	0	0.05	0	0	1.76	0	0.07	0	0	0	0.04	0	0	0	0	0	0	0	0	0	0	0.08	30.18
NA11992	0	0	0	0	0	0	0	0	0.96	0	0	0.01	0	0	0	0.03	0	0	0	0	0.91	0	0.02	0	0	0.07	32.95
HG00141	0	0	0	0	0	0	0	0	0	0	0	0	0.9	0	0	0.53	0.06	0	0	0	0.43	0	0	0	0	0.08	33.45
NA18873	0	0	0	0	0.02	0	0	0.01	0	0	0	0	0	0.01	0.96	0	0	0	0	0	0	0	0	0	0	1.0	32.92
HG00336	0	0	0	0	0	0.96	0	0	0	0	0	0	0	0	0	0.01	0	0	0	0	0.95	0	0	0	0	0.08	31.99
NA06994	0	0	0	0	0	0	0	0	0.95	0	0	0.96	0	0	0.01	0	0	0	0	0	0	0	0	0	0	0.08	31.06
NA19190	0	0	0	0	0	0	0	1.08	0	0	0	0	0	0	0	0	0	0	0	0	0	0	0	0	0	0.92	30.92
HG00186	0	0	0	0	0	0.01	0	0	0.01	0	0.03	0	0	0	0.53	0.96	0	0	0.39	0	0	0	0	0	0	0.07	34.24
NA20805	0.96	0	0	0	0	0	0	0	0	0.02	0	0	0	0	0	0.7	0	0	0	0	0.25	0	0	0	0	0.07	28.38
HG00325	0	0	0	0	0	0.01	0	0	0.92	0	0.41	0	0	0	0.53	0	0	0	0.06	0	0	0	0	0	0	0.07	31.71
NA20766	0	0	0	0	0	0	0	0	0.09	0	0.98	0	0	0	0.67	0	0	0	0.18	0	0	0	0	0	0	0.08	32.94
HG00183	0.01	0	0	0	0	0.56	0	0	0.17	0	0.09	0.08	0	0	0.05	0	0	0	0.01	0	0.96	0	0	0	0	0.07	32.65
NA12827	0	0	0	0	0	0	0	0	0	0	0	0	0	0	0.96	0	0	0	0	0	0.96	0	0	0	0	0.08	34.88
NA12400	0	0	0	0	0	0	0	0	0.08	0	0.01	0	0	0	0.67	0.96	0	0	0.21	0	0	0	0	0	0	0.07	33.97
NA12760	0	0	0	0	0	0	0	0	0	0	0	0	0	0	0	0.01	0	0	0	0	0.95	0	0	0	0.95	0.09	37.71
NA20540	0	0	0	0	0	0	0	0	0	0	0	0	0	0	0.96	0.12	0	0	0	0	0.84	0	0	0	0	0.08	34.76
NA20772	0	0	0	0	0	0	0	0	0.93	0	0.03	0.96	0	0	0.01	0	0	0	0	0	0	0	0	0	0	0.07	31.08
NA07056	0	0	0	0	0	0.03	0	0	1.41	0	0.37	0	0	0	0.11	0	0	0	0	0	0	0	0	0	0	0.08	30.64
NA12154	0	0	0	0	0	0	0	0	0.96	0	0.96	0	0	0	0	0	0	0	0	0	0	0	0	0	0	0.08	31.04
HG00149	0	0	0	0	0	0	0	0	0	0	0	0	0	0	0	1.9	0	0	0	0	0.01	0	0	0	0	0.09	33.92
NA18912	0	0	0	0	0	0	0.08	0	0	0.52	0	0.26	0	0	0.96	0.09	0	0	0	0	0.02	0	0	0	0	0.07	32.41
HG00343	0	0	0	0	0	0	0	0	0.95	0	0.01	0.96	0	0	0	0	0	0	0	0	0	0	0	0	0	0.08	31.05
NA19130	0	0	0	0	0	0.96	0	0	0	0	0	0	0	0	0	0.96	0	0	0	0	0	0	0	0	0	0.08	31.04
NA12286	0	0	0	0	0	0	0	0	0.96	0	0	0	0	0	0	0.02	0	0	0	0	0.94	0	0	0	0	0.08	32.94
NA12340	0	0	0	0	0	0	0	0	0.29	0	0.67	0	0	0	0	0.96	0	0	0	0	0	0	0	0	0	0.08	32.67
HG00118	0	0	0	0	0	0.96	0	0	0.02	0	0.92	0	0	0	0.02	0	0	0	0	0	0	0	0	0	0	0.08	30.08
HG00275	0	0	0	0	0	0.05	0	0	0.66	0	0.2	0	0	0	0.05	0.55	0	0	0	0	0.41	0	0	0	0	0.08	32.66
NA19143	0	0	0	0	0	0	0	1.91	0	0	0	0	0	0	0	0	0	0	0	0	0	0	0	0	0	0.09	30.09
HG00280	0	0	0	0	0	0	0	0	0	0	0	0.96	0	0	0	0.31	0	0	0	0	0.65	0	0	0	0	0.08	33.61
NA12383	0	0	0	0	0	0	0	0	0.96	0	0.96	0	0	0	0	0	0	0	0	0	0	0	0	0	0	0.08	31.04
NA12717	0	0	0	0	0	0	0	0	0.96	0	0	0.11	0	0	0	0.32	0	0	0	0	0.42	0	0.12	0	0	0.07	32.56
NA20814	0	0	0	0	0	0	0	0	0.4	0.01	0.27	0.3	0	0	0	0.15	0	0	0	0	0.24	0	0.56	0	0	0.07	33.9
NA18501	0	0	0	0	0	0	0	0	0	0	0.96	0	0	0.96	0	0	0	0	0	0	0	0	0	0	0	0.08	32.96
HG00231	0	0	0	0	0	0	0	0	0	0	0	0	0	0	0	1.53	0	0	0	0	0.39	0	0	0	0	0.08	34.31
HG00242	0	0	0	0	0	0.01	0	0	0.9	0	0.05	0	0	0.56	0.01	0	0	0	0	0	0	0	0	0	0	0.47	31.65
NA18486	0	0	0	0	0	0	0	0	0	0.04	0	0.08	0	0	0	0.44	0	0	0	0.03	0.3	0	0.09	0	0	1.02	33.33
HG00274	0	0	0	0	0	0.74	0	0	0.21	0	0.01	0.96	0	0	0	0	0	0	0	0	0	0	0	0	0	0.08	30.31
HG00335	0	0	0.05	0	0	0.8	0	0	0.07	0	0.02	0.96	0	0	0.03	0	0	0	0	0	0	0	0	0	0	0.07	30.16
HG00259	0	0	0	0	0	0	0	0.64	0.96	0	0	0	0	0.09	0	0	0	0	0	0	0	0	0	0	0	0.31	30.49
NA20530	0	0	0	0	0	0	0.02	0	0.39	0.94	0.37	0.01	0	0	0.21	0	0	0	0	0	0	0	0	0	0	0.06	30.84
HG00096	0	0	0	0	0	0.73	0	0	0.84	0	0.28	0	0	0	0.06	0	0	0	0	0	0	0	0	0	0	0.09	29.76
NA18871	0	0	0	0	0	0	0	0.86	0.72	0	0.24	0	0	0.07	0	0	0	0	0	0	0	0	0	0	0	0.11	30.49
NA20802	0	0	0	0	0	0	0	0	0	0.02	0	0.01	0	0	0	0.7	0	0	0	0	1.2	0	0	0	0	0.07	35.08
HG00236	0	0	0	0	0	0.95	0	0	0.96	0	0	0	0	0	0	0	0	0	0	0	0	0	0	0	0	0.09	29.14
NA11920	0	0	0	0	0	0.83	0	0	0.13	0	0.96	0	0	0	0	0	0	0	0	0	0	0	0	0	0	0.08	30.21
HG00239	0	0	0	0	0	0.88	0	0	0.06	0	0.03	0.96	0	0	0	0	0	0	0	0	0	0	0	0	0	0.07	30.18
HG00265	0	0	0	0	0	0	0	0	0	0	0	0.95	0	0	0	0.01	0	0	0	0	0.96	0	0	0	0	0.08	33.93
HG00115	0	0	0	0	0	0	0	0	1.56	0	0.36	0	0	0	0	0	0	0	0	0	0	0	0	0	0	0.08	30.44
HG00244	0	0	0	0	0	0	0	0	0.24	0	1.54	0	0	0	0.13	0	0	0	0	0	0	0	0	0	0	0.09	31.89
NA18868	0	0	0	0	0	0	0.05	0	0	0.26	0	0.42	0	0	0	0.36	0	0	0	0	0.82	0	0.02	0	0	0.07	33.7
HG00110	0	0	0	0	0	0.91	0	0	0.61	0	0.32	0	0	0	0.09	0	0	0	0	0	0	0	0	0	0	0.07	29.66
HG00181	0	0	0	0	0	0	0	0	0	0	1.43	0	0	0	0.45	0	0	0	0.03	0	0	0	0	0	0	0.09	32.51
HG00187	0	0	0.05	0	0	0.77	0	0	0.09	0	0.03	0	0	0	0.99	0	0	0	0	0	0	0	0	0	0	0.07	31.16
HG00188	0	0	0	0	0	0	0	0	0.96	0	0.96	0	0	0	0	0	0	0	0	0	0	0	0	0	0	0.08	31.04
NA20542	0	0	0	0	0	0	0	0	0.03	0	0.93	0	0	0	0	0	0	0	0	0	0.96	0	0	0	0	0.08	33.89
HG00264	0	0	0	0	0	0	0	0	0	0	0.96	0	0	0	0	0	0	0	0	0	0.96	0	0	0	0	0.08	33.92
HG00315	0	0	0	0	0	0	0	0	0.96	0	0	0	0	0	0	0.01	0	0	0	0	0.95	0	0	0	0	0.08	32.95
HG00376	0	0	0	0	0	0.84	0	0	0.16	0	0.33	0	0	0	0.55	0	0	0	0.05	0	0	0	0	0	0	0.07	30.81
NA20811	0	0	0	0	0	0	0	0.94	0.03	0	0.38	0.56	0	0	0	0	0	0	0	0	0	0	0	0	0	0.09	31.03
NA20785	0	0	0	0	0	0	0	0	0.02	0.61	0.94	0.36	0	0	0	0	0	0	0	0	0	0	0	0	0	0.07	31.37
HG00176	0	0	0	0	0	0	0	0	0.01	0	0.14	0.96	0	0	0.69	0	0	0	0.13	0	0	0	0	0	0	0.07	32.94
NA18507	0	0	0	0	0	0	0	0	0.72	0.88	0.24	0.04	0	0	0	0.04	0	0	0	0	0.01	0	0	0	0	0.07	30.46
HG00261	0	0	0	0	0	0.83	0	0	1.07	0	0.02	0	0	0	0	0	0	0	0	0	0	0	0	0	0	0.08	29.27
HG00179	0	0	0	0	0	0	0	0	0	0	0	0.08	0	0	0.96	0	0	0	0	0	0.88	0	0	0	0	0.08	34.72
NA12776	0	0	0	0	0	0.96	0	0	0.38	0	0.58	0	0	0	0	0	0	0	0	0	0	0	0	0	0	0.08	29.7
NA20758	0	0	0	0	0	0	0	0	0	0.01	0	0	0	0	0	1.54	0	0	0	0	0.37	0	0	0	0	0.08	34.27
NA18498	0	0	0	0	0	0	0	0.96	0	0	0	0	0	0	0	0	0	0	0	0	0	0	0	0	0	1.04	31.04
HG00321	0	0	0	0	0	0	0	0.96	0	0	0	0	0	0	0	0	0	0	0	0	0.96	0	0	0	0	0.08	32.96
HG00313	0	0	0	0	0	0	0	0	1.75	0	0.16	0	0	0	0	0	0	0	0	0	0	0	0	0	0	0.09	30.25
HG00174	0	0	0	0	0	1.6	0	0	0.31	0	0.01	0	0	0	0	0	0	0	0	0	0	0	0	0	0	0.08	28.49
NA12287	0	0	0	0	0	0.23	0	0	0.45	0	0	0	0	0	0.29	0	0	0	0	0	0	0	0	0	0.95	0.08	35.18
NA20756	0	0	0	0	0	0	0	0	0	0	0.95	0	0	0	0.01	0.27	0	0	0	0	0.67	0	0.02	0	0	0.08	33.68
HG00180	0	0	0	0	0	0.83	0	0	0.12	0	0.9	0	0	0	0.06	0	0	0	0.02	0	0	0	0	0	0	0.07	30.32
NA19257	0	0	0	0	0	0	0	0	0	0.01	0	0.03	0	0	0	0.92	0	0	0	0	0.01	0	0	0	0	1.03	32.93
HG00112	0	0	0	0	0	0.07	0	0	0.5	0	0.28	0	0	0	0.2	0	0	0	0.88	0	0	0	0	0	0	0.07	33.32
NA20586	0	0	0	0	0	0.19	0	0	1.63	0	0.1	0	0	0	0	0	0	0	0	0	0	0	0	0	0	0.08	29.99
NA12347	0	0	0	0	0	0	0	0	0	0	0	0.96	0	0	0	0.95	0	0	0	0	0.01	0	0	0	0	0.08	32.97
NA20517	0	0	0	0	0	0	0	0	0	0.02	0	0.02	0	0	0.96	0.16	0	0	0	0	0.75	0	0.03	0	0	0.06	34.69
HG00384	0	0	0	0	0	0	0	0	1.91	0	0	0	0	0	0	0	0	0	0	0	0	0	0	0	0	0.09	30.09
NA12283	0	0	0	0	0	0.82	0	0	1.09	0	0	0	0	0	0	0	0	0	0	0	0	0	0	0	0	0.09	29.27
NA11843	0	0	0	0	0	0	0	0	0	0.11	0	0.93	0	0	0	0.26	0	0	0	0	0.45	0.03	0.14	0	0	0.08	33.53
NA20778	0	0	0	0	0	0	0	0	0	0	0	0	0	0	0	0.03	0	0	0	0	1.18	0	0.71	0	0	0.08	36.52
NA20541	0	0	0	0	0	0.76	0	0	0.09	0	0.12	0	0	0	0	0.96	0	0	0	0	0	0	0	0	0	0.07	31.35
HG00267	0	0	0.18	0	0	1.11	0	0	0.44	0	0.11	0	0	0	0.09	0	0	0	0	0	0	0	0	0	0	0.07	28.71
NA19102	0	0	0	0	0	0	0.03	0.96	0	0.2	0	0.27	0	0	0	0.28	0	0	0	0	0.17	0	0.02	0	0	0.07	31.46
NA12272	0	0	0	0	0.96	0	0	0	0	0.11	0	0.03	0	0	0	0.37	0	0	0	0	0.22	0.05	0.2	0	0	0.06	31.48
NA19141	0	0	0	0	0	0	0	0	0.72	0	0.24	0	0	0.96	0	0	0	0	0	0	0	0	0	0	0	0.08	32.24
NA07048	0	0	0	0	0	0	0	0	0	0	0	0.01	0	0	0	0.02	0	0	0	0	1.88	0	0	0	0	0.09	35.78
NA20769	0	0	0	0	0	0	0	0	0	0	0	0.04	0	0	0	1.14	0	0	0	0	0.74	0	0	0	0	0.08	34.62
NA20773	0	0	0	0	0	0	0	0	0	0	0	0.02	0	0	0	1	0	0	0	0	0.9	0	0	0	0	0.08	34.8
HG00328	0	0	0	0	0	0.96	0	0	0.96	0	0	0	0	0	0	0	0	0	0	0	0	0	0	0	0	0.08	29.12
HG00106	0	0	0	0	0	0	0	0	0.47	0	0.49	0	0	0	0	0	0	0	0	0	0.96	0	0	0	0	0.08	33.45
HG00361	0	0	0	0	0	0.01	0	0	0.06	0	0.78	0	0	0	1.07	0	0	0	0.01	0	0	0	0	0	0	0.07	33.01
HG00253	0	0	0	0	0	0	0	0	0.9	0	0.83	0	0	0	0.19	0	0	0	0	0	0	0	0	0	0	0.08	31.29
HG00155	0	0	0	0	0	0.06	0	0	0.79	0	0.36	0	0	0	0.71	0	0	0	0	0	0	0	0	0	0	0.08	31.8
NA20792	0	0	0	0	0	0.96	0	0	0	0	0	0.09	0	0	0	0	0	0	0	0	0.78	0	0.09	0	0	0.08	31.91
NA20759	0	0	0	0	0	0	0	0.03	0.02	0	0.87	0	0	0.03	0.08	0	0	0	0	0	0	0	0	0	0	0.97	32.06
NA18934	0	0.96	0	0	0	0.06	0	0.37	0.25	0	0.15	0.02	0	0.01	0.07	0.02	0	0	0.01	0	0.03	0	0	0	0	0.05	27.6
NA11840	0	0	0	0	0	0.09	0	0	0.22	0	1.38	0	0	0	0.22	0	0	0	0	0	0	0	0	0	0	0.09	31.82
HG00109	0	0	0	0	0	0	0	0	0.96	0	0.58	0	0	0	0.38	0	0	0	0	0	0	0	0	0	0	0.08	31.42
NA18511	0	0	0	0	0	0	0	0	0	0	0.96	0	0	0	0.96	0	0	0	0	0	0	0	0	0	0	0.08	32.96
HG01334	0	0	0	0	0	0	0	0	0.01	0	0.95	0	0	0.93	0	0	0	0	0	0	0	0	0	0	0	0.11	32.92
NA12842	0	0	0	0	0	0	0	0	0	0	0	0.02	0	0	0	0.96	0	0	0	0	0.39	0	0.55	0	0	0.08	35.39
HG00338	0	0	0	0	0	0.07	0	0	1.8	0	0.05	0	0	0	0	0	0	0	0	0	0	0	0	0	0	0.08	30.06
HG00269	0	0	0	0	0	0.01	0	0	0.29	0	0.37	0	0	0	0.29	0.83	0	0	0.01	0	0.13	0	0	0	0	0.07	33.09
HG00173	0	0	0	0	0	0	0	0	0	0	0	0.23	0	0	0	0	0	0	0	0	1.47	0	0.23	0	0	0.07	35.63
NA06986	0	0	0	0	0	0	0	0	0	0	0	0.96	0	0	0	0	0	0	0	0	0.95	0	0.01	0	0	0.08	33.93
NA12003	0	0	0	0	0	0	0	0	1.91	0	0	0	0	0	0	0	0	0	0	0	0	0	0	0	0	0.09	30.09
NA20774	0	0	0	0	0	0	0	0	0.96	0	0	0.96	0	0	0	0	0	0	0	0	0	0	0	0	0	0.08	31.04
NA20828	0	0	0	0	0	0.83	0	0	0.1	0	0.03	0	0	0	0.01	0.86	0	0	0	0	0.1	0	0	0	0	0.07	31.31
HG00284	0	0	0	0	0	0.01	0	0	0.06	0	0.93	0	0	0	0.91	0	0	0	0.01	0	0	0	0	0	0	0.08	32.85
NA12750	0	0	0	0	0	0.96	0	0	0	0	0.92	0	0	0	0.04	0	0	0	0	0	0	0	0	0	0	0.08	30.12
NA18522	0	0	0	0	0.2	0	0	0.56	0	0	0	0	0	0.96	0	0	0	0	0	0	0	0	0	0	0	0.28	32.0
NA12275	0	0	0	0	0	0.01	0	0	0.95	0	0.01	0	0	0	0	0	0	0	0	0	0.96	0	0	0	0	0.07	32.95
NA20528	0	0	0	0	0	0	0	0	0.67	0	0.29	0.04	0	0	0	0.16	0	0	0	0	0.72	0	0.05	0	0	0.07	33.08
NA18910	0	0	0	0	0	0	0	0	0.71	0.95	0.25	0.01	0	0	0	0.01	0	0	0	0	0	0	0	0	0	0.07	30.35
HG00272	0.01	0	0	0	0	0.46	0	0	0.25	0.01	0.13	0.02	0	0	1.01	0.03	0	0	0	0	0.02	0	0	0	0	0.06	31.85
HG00138	0	0	0	0	0	0.86	0	0	0.25	0	0.57	0	0	0	0.24	0	0	0	0	0	0	0	0	0	0	0.08	30.27
HG00159	0	0	0	0	0	0	0	0	0.96	0	0	0.21	0	0	0	0.75	0	0	0	0	0	0	0	0	0	0.08	31.79
HG00108	0	0	0	0	0	1.19	0	0	0.7	0	0.03	0	0	0	0.01	0	0	0	0	0	0	0	0	0	0	0.07	28.93
NA19256	0	0	0	0	0	0.95	0	0.96	0.01	0	0.01	0	0	0	0	0	0	0	0	0	0	0	0	0	0	0.07	29.13
HG00111	0	0	0	0	0	0.02	0	0	0.73	0	0.18	0	0	0	0.95	0	0	0	0.04	0	0	0	0	0	0	0.08	32.26
HG00143	0	0	0	0	0	0	0	0.96	0	0	0	0	0	0	0	0.01	0	0	0	0	0.95	0	0	0	0	0.08	32.95
NA19119	0	0	0	0	0	0	0	0	0	0	0	0	0	0	0.96	0.96	0	0	0	0	0	0	0	0	0	0.08	33.92
NA12751	0	0	0	0	0	0	0	0	0	0	1	0	0	0	0.89	0	0	0	0.03	0	0	0	0	0	0	0.08	32.95
HG00121	0	0	0	0	0	0	0	0	0.97	0	0.38	0	0	0	0.57	0	0	0	0	0	0	0	0	0	0	0.08	31.6
NA20515	0	0	0	0	0	0.02	0	0	1.84	0	0.06	0	0	0	0.02	0	0	0	0	0	0	0	0	0	0	0.06	30.14
NA20512	0	0	0	0	0	0.87	0	0	0.05	0	0.03	0.96	0	0	0.02	0	0	0	0	0	0	0	0	0	0	0.07	30.23
NA06989	0	0	0	0	0	0	0	0	0	0	0.96	0	0	0	0.96	0	0	0	0	0	0	0	0	0	0	0.08	32.96
HG00281	0	0	0	0	0	0	0	0	0.29	0	0.95	0	0	0	0.68	0	0	0	0	0	0	0	0	0	0	0.08	32.39
HG00383	0	0	0	0	0	0	0	0.96	0	0	0	0	0	0	0.96	0	0	0	0	0	0	0	0	0	0	0.08	32.0
NA12716	0	0	0	0	0	0.02	0	0	0.87	0	0.05	0	0	0	0.03	0.96	0	0	0	0	0	0	0	0	0	0.07	32.08
NA12718	0	0	0	0	0	0	0	0	0.89	0	0.14	0	0	0	0.77	0	0	0	0.12	0	0	0	0	0	0	0.08	32.12
HG00137	0	0	0	0	0	0.79	0	0	1.13	0	0	0	0	0	0	0	0	0	0	0	0	0	0	0	0	0.08	29.29
NA20790	0	0	0	0	0	0	0	0	0.86	0	0.1	0.02	0	0	0	0.91	0	0	0	0	0.03	0	0.01	0	0	0.07	32.14
NA18489	0	0	0	0	0	0.11	0	0.3	0.11	0	0.35	0	0	0.66	0.39	0	0	0	0	0	0	0	0	0	0	0.08	32.42
HG00334	0	0	0.05	0	0	0.8	0	0	0.99	0	0.05	0	0	0	0.03	0	0	0	0	0	0	0	0	0	0	0.08	29.24
NA20803	0	0	0	0	0	0.82	0	0	0.62	0	0.36	0	0	0	0.12	0	0	0	0	0	0	0	0	0	0	0.08	29.86
NA11892	0	0	0	0	0	0	0	0	0.06	0	0.9	0	0	0	0	0.19	0	0	0	0	0.77	0	0	0	0	0.08	33.67
HG00232	0	0	0	0	0	0.01	0	0	0.94	0	0.01	0	0	0	0	0.93	0	0	0	0	0.03	0	0	0	0	0.08	32.03
HG00369	0	0	0	0	0	0.04	0	0.96	0.59	0	0.34	0	0	0	0	0	0	0	0	0	0	0	0	0	0	0.07	30.37
NA19152	0	0	0	0	0	0	0	0.96	0	0.01	0	0.66	0	0	0	0.09	0	0	0	0	0.21	0	0	0	0	0.07	31.54
NA07037	0	0	0	0	0	0	0	0	0	0	0.94	0	0	0	0.01	0.96	0	0	0.02	0	0	0	0	0	0	0.07	33.01
NA11831	0	0	0	0	0	0	0	0	0.98	0	0.93	0	0	0	0	0	0	0	0	0	0	0	0	0	0	0.09	31.02
HG00133	0	0	0	0	0	0.01	0	0	0.66	0	0.3	0	0	0	0	0.96	0	0	0	0	0	0	0	0	0	0.07	32.28
NA19248	0	0	0	0	0	0	0	0.02	0	0	0.96	0	0	0.47	0	0	0	0	0	0	0	0	0	0	0	0.55	32.45
NA11830	0	0	0	0	0	0	0	0	1.74	0	0.18	0	0	0	0	0	0	0	0	0	0	0	0	0	0	0.08	30.26
HG00126	0	0	0	0	0	0.14	0	0	0.8	0	0.02	0.53	0	0	0.01	0.43	0	0	0	0	0	0	0	0	0	0.07	31.36
NA20813	0	0	0	0	0	0.77	0	0	0.66	0	0.24	0	0	0	0	0	0	0	0.25	0	0	0	0	0	0	0.08	30.3
NA11994	0	0	0	0	0	0	0	0	0	0	0.96	0.96	0	0	0	0	0	0	0	0	0	0	0	0	0	0.08	32.0
NA19209	0	0	0	0	0.96	0	0	0	0	0	0	0	0	0	0.96	0	0	0	0	0	0	0	0	0	0	0.08	31.04
HG00255	0	0	0	0	0	0	0	0.96	0	0	0	0	0	0	0	0.95	0	0	0	0	0.01	0	0	0	0	0.08	32.01
NA19225	0	0	0	0	0	0	0	0	0.72	0	0.24	0	0	0	0	0.04	0	0	0	0	0.92	0	0	0	0	0.08	33.16
NA20532	0	0	0	0	0.01	0	0	0.95	0	0	0	0.96	0	0	0	0	0	0	0	0	0	0	0	0	0	0.08	31.03
NA18923	0	0	0	0	0	0	0	0.96	0	0	0	0.96	0	0	0	0	0	0	0	0	0	0	0	0	0	0.08	31.04
NA20812	0	0	0	0	0	0	0	0	0	0	0	0	0	0	0.54	0.1	0	0	0.42	0	0.86	0	0	0	0	0.08	35.2
HG00250	0	0	0	0	0	0	0	0	0.11	0	0.19	0	0	0	0.66	0	0	0	0	0	0.96	0	0	0	0	0.08	34.47
HG00256	0	0	0.11	0	0	0.14	0	0	0.48	0	0.02	0.1	0	0	0.21	0.07	0	0	0	0	0.66	0	0.14	0	0	0.07	32.82
HG00262	0	0	0	0	0	0.28	0	0	0.12	0	0.57	0.01	0	0	0	0	0	0	0	0	0.95	0	0	0	0	0.07	33.22
NA12348	0	0	0	0	0	0	0	0	1.6	0	0.01	0	0	0	0.31	0	0	0	0	0	0	0	0	0	0	0.08	30.71
NA18858	0	0	0	0	0	0	0.02	0	0	0.11	0.96	0.56	0	0	0	0.14	0	0	0	0	0.13	0	0.01	0	0	0.07	32.28
NA20754	0	0	0	0	0	0.3	0	0	0.02	0	1.6	0	0	0	0.01	0	0	0	0	0	0	0	0	0	0	0.07	31.39
NA12775	0	0	0	0	0	0.02	0	0	0.02	0	0.11	0.09	0	0	0.69	0	0	0	0.14	0	0.87	0	0	0	0	0.06	34.65
NA20510	0	0	0	0.03	0	0	0	0	1	0	0.82	0	0	0	0.07	0	0	0	0	0	0	0	0	0	0	0.08	30.98
NA11930	0	0	0	0	0	0	0	0	0.96	0	0	0.11	0	0	0	0.43	0	0	0	0	0.43	0	0	0	0	0.07	32.33
NA19138	0	0	0	0	0.02	0	0	0	0	0	0	0	0	0.41	0	0	0	0	0	0	0	0	0	0	0	1.57	32.37
NA18499	0	0	0	0	0.35	0.96	0	0.22	0	0	0	0	0	0.01	0	0	0	0	0	0	0	0	0	0	0	0.46	29.17
NA19093	0	0	0	0	0	0.04	0	0.02	0.55	0	0.27	0	0	0.93	0.1	0.01	0	0	0	0	0	0	0	0	0	0.08	32.39
HG00367	0	0	0	0	0	0.01	0	0	1.25	0	0.42	0	0	0	0.23	0	0	0	0.02	0	0	0	0	0	0	0.07	31.0
NA19108	0	0	0	0	0	0.73	0	0.01	0.07	0	0.07	0	0	0.41	0.1	0	0	0	0	0	0	0	0	0	0	0.61	30.97
NA19200	0	0	0	0	0	0.96	0	0	0.61	0	0.35	0	0	0	0.01	0	0	0	0	0	0	0	0	0	0	0.07	29.48
HG00278	0	0	0	0	0	0.02	0	0	1.73	0	0.14	0	0	0	0.03	0	0	0	0	0	0	0	0	0	0	0.08	30.26
HG00309	0	0	0	0	0	0.96	0	0	0.76	0	0.19	0	0	0	0.02	0	0	0	0	0	0	0	0	0	0	0.07	29.34
HG00139	0	0	0	0	0	0	0	0.09	0	0	0	0.96	0	0	0	0	0	0	0	0	0	0	0	0	0	0.95	31.91
NA19098	0	0	0	0	0	0	0	0	0	0.91	0.96	0.03	0	0	0	0.02	0	0	0	0	0.02	0	0	0	0	0.06	31.15
HG00271	0	0	0	0	0	0.02	0	0	0.73	0	0.75	0	0	0	0.41	0	0	0	0.03	0	0	0	0	0	0	0.06	31.7
NA20520	0	0	0	0	0	0	0	0	0.08	0	0.1	0.26	0	0	0.78	0.35	0	0	0	0	0.35	0	0	0	0	0.08	33.75
HG00246	0	0	0	0	0	0.88	0	0	0.07	0	0.03	0	0	0	0.95	0	0	0	0	0	0	0	0	0	0	0.07	31.12
NA12045	0	0	0	0	0	0.21	0	0	0.02	0	0.47	0	0	0	0.27	0.96	0	0	0	0	0	0	0	0	0	0.07	32.79
NA12889	0	0	0	0	0	0.2	0	0	0.39	0	1.21	0	0	0	0.13	0	0	0	0	0	0	0	0	0	0	0.07	31.34
HG00276	0	0	0	0	0	0	0	0	0	0.02	0.39	0	0	0	0.53	0.94	0	0	0.05	0	0	0	0	0	0	0.07	33.55
NA12830	0	0	0	0	0	0.03	0	0	0.92	0	0.02	0	0	0	0.6	0	0	0	0.36	0	0	0	0	0	0	0.07	32.34
NA18519	0	0	0	0	0	0	0	0	0	0	0	0.73	0	0.96	0	0.24	0	0	0	0	0	0	0	0	0	0.07	33.2
NA06984	0	0	0	0	0	0.03	0	0	0.14	0	1.38	0	0	0	0.38	0	0	0	0	0	0	0	0	0	0	0.07	32.18
HG00320	0	0	0	0	0	0	0	0	0.96	0	0.95	0	0	0	0	0	0	0	0	0	0	0	0	0	0	0.09	31.04
NA19223	0	0	0	0	0	0	0	0.03	0	0	0	0	0	0.96	0	0	0	0	0	0	0	0	0	0	0	1.01	32.93
NA19107	0	0.96	0	0	0	0	0	0	0	0	0	0	0	0	0	0	0	0	0	0	0	0	0	0	0	1.04	28.16
HG00382	0	0	0	0	0	0	0	0	0	0	0.5	0	0	0	1.41	0	0	0	0	0	0	0	0	0	0	0.09	33.41
HG00119	0	0	0	0	0	0.56	0	0	0.43	0	0.26	0	0	0	0.68	0	0	0	0	0	0	0	0	0	0	0.07	31.13
