	8.25	9.25	9.25	10.25	10.25	11.25	11.25	12.25	12.25	13.25	13.25	14.25	14.25	14.25	14.25	15.25	15.25	16.25	16.25	12.25	Beta
NA19131	0	0	0	0	0	0	0	0	0	0	0	0	0	0	0.97	0	0	0	0	1.03	26.44
NA19198	0	0	0	0	0	0	0	0	0	0	0.97	0	0.96	0	0	0	0.01	0	0	0.06	27.42
HG00273	0	0	0	0	0	0	0.02	0	0	0	1.02	0	0.38	0	0	0	0	0	0	0.58	26.26
HG00150	0	0	0	0	0	0	0.01	0	0	0	0.77	0	0.2	0	0	0	0	0	0	1.02	25.66
HG00145	0	0	0	0	0	0	0	0	0	0	1.62	0	0.25	0	0	0	0	0	0	0.13	26.62
HG00339	0	0	0	0	0	0	0.05	0.02	0	0.26	0.4	0.7	0.43	0	0	0	0	0	0	0.14	27.37
HG00102	0	0	0	0	0	0	0	0	0	0	0.8	0	0.18	0	0	0	0	0	0	1.02	25.66
NA18523	0	0	0	0	0	0	0	0	0	0.97	0	0	0	0	0	0	0	0	0	1.03	25.47
HG00346	0	0	0	0	0	0	0	0	0	0	0.9	0	0.08	0	0	0	0	0	0	1.02	25.56
NA12249	0	0	0	0	0	0	0	0	0	0	1.3	0	0.62	0	0	0	0	0	0	0.08	27.04
HG00266	0	0	0	0	0	0	0.01	0	0	0	1.46	0	0.21	0	0	0	0	0	0	0.32	26.37
NA12413	0	0	0	0	0	0	0	0	0	0	0.73	0	0.26	0	0	0	0	0	0	1.01	25.75
NA19236	0	0	0	0	0	0	0	0	0	0	0	0	0.97	0	0	0	0	0	0	1.03	26.44
NA20544	0	0	0	0	0	0	0	0	0	0	0.42	0	0	0	0	0	0	0	0	1.58	24.92
NA19204	0	0	0	0	0	0	0	0	0	0	0	0	0	0	0	0	0	0	0	2.0	24.5
HG00103	0	0	0	0	0	0	0.97	0	0	0	0	0.97	0	0	0	0	0	0	0	0.06	25.47
NA20582	0	0	0	0	0	0	0	0.08	0	0.6	0.87	0.2	0.08	0	0	0.07	0	0.03	0	0.07	26.86
NA19172	0	0	0	0	0	0	0	0	0	0	0.97	0	0.97	0	0	0	0	0	0	0.06	27.41
NA20815	0	0	0	0	0	0	0	0	0	0.02	0.02	0.96	0	0	0	0	0	0	0	1.0	26.46
HG00375	0	0	0	0	0	0	0	0.63	0	0.33	0.94	0.02	0.03	0	0	0	0	0	0	0.05	25.87
NA18933	0	0	0	0	0	0.96	0	0.01	0	0.97	0	0	0	0	0	0	0	0	0	0.06	24.51
HG00245	0	0	0	0	0	0.04	0.32	0.3	0	0.41	0.32	0.23	0.33	0	0	0	0	0	0	0.05	25.99
HG00319	0	0	0.02	0	0	0	0.03	0	0	0	1.13	0	0.36	0	0	0	0	0	0	0.46	26.26
NA12155	0	0	0	0	0	0	0	0	0	0	0.94	0	0.01	0	0	0	0	0	0	1.05	25.46
NA12749	0	0	0	0	0	0	0	0	0	0	0	0	0	0	0	0	0	0.97	0	1.03	28.38
HG00341	0	0	0	0	0	0	0	0	0	0	0.97	0	0	0	0	0	0	0	0	1.03	25.47
NA20771	0	0	0	0	0	0.97	0.9	0	0	0	0	0	0.07	0	0	0	0	0	0	0.06	22.77
NA20761	0	0	0	0	0	0.16	0	0.31	0	1.07	0	0.39	0	0	0	0.01	0	0	0	0.06	26.22
NA12341	0	0	0	0	0	0	0	0	0	0	0.95	0	0.02	0	0	0	0	0	0	1.03	25.49
HG00380	0	0	0	0	0	0	0	0.18	0	0.79	0	0	0	0	0	0	0	0	0	1.03	25.29
NA12763	0	0	0	0	0	0	0.02	0	0.12	0	0.83	0	0.06	0	0	0	0	0	0	0.97	25.43
NA18917	0	0	0	0	0	0.58	0	0.2	0	0.19	0.97	0.01	0	0	0	0	0	0	0	0.05	25.1
HG00116	0	0	0.01	0	0	0	0.02	0	0	0	0.8	0	0.04	0	0	0	0	0	0	1.13	25.33
HG00260	0	0	0	0	0	0	0	0	0	0	0.8	0	0.16	0	0	0	0	0	0	1.04	25.62
NA18907	0	0	0	0	0	0	0	0	0	0	0	0	0	0	0	0	0	0	0	2.0	24.5
NA20770	0	0	0	0	0	0	0	0.32	0	0.65	0.14	0	0.09	0	0	0	0	0	0	0.8	25.47
NA20807	0	0	0	0.97	0	0	0	0.02	0	0.93	0	0.02	0	0	0	0	0	0	0	0.06	23.53
NA20796	0	0	0	0	0	0	0.04	0	0	0	0.48	0	0.77	0	0	0	0	0	0	0.71	26.48
NA19160	0	0	0	0	0	0.53	0	0.41	0	0.99	0	0.02	0	0	0	0	0	0	0	0.05	25.0
NA20810	0	0	0	0	0	0	0.96	0	0	0.08	0	0.88	0.01	0	0	0	0	0.01	0	0.06	25.44
NA20787	0.01	0	0	0	0	0	1.06	0	0	0	0.15	0	0.51	0	0	0	0	0	0	0.27	24.57
NA07347	0	0	0	0	0	0	0	0	0	0	1.93	0	0.01	0	0	0	0	0	0	0.06	26.45
HG00101	0	0	0	0	0	0	0.06	0	0	0	0.17	0	0.97	0	0	0	0	0	0	0.8	26.55
HG00160	0.01	0	0	0	0	0	0.11	0	0	0	0.21	0	0.24	0	0	0	0.14	0	0	1.29	25.46
HG00251	0	0	0	0	0	0	0	0	0	0	0.97	0	0	0	0	0	0	0	0	1.03	25.47
HG00146	0	0	0	0.92	0	0.05	0	0	0	0	0	0	0	0	0	0	0	0	0	1.03	22.61
NA20819	0	0	0	0	0	0	0.01	0	0	0	0.17	0	0	0	0	0	0	0	0	1.82	24.66
NA12778	0	0	0	0	0	0	0	0	0	0	0.47	0	0.46	0.03	0	0	0.02	0	0	1.02	26.01
NA12890	0	0	0	0	0	0	0	0	0	0	1.05	0	0.82	0	0	0	0	0	0	0.13	27.19
NA20535	0	0	0	0	0	0	0	0	0	0	0.64	0	1.15	0	0	0	0	0	0	0.21	27.44
NA19116	0	0	0	0	0	0.02	0	0.24	0	1.11	0	0.51	0	0	0	0.02	0	0.05	0	0.05	26.87
NA20506	0	0	0	0	0	0	0.1	0	0	0	0.55	0	0	0	0	0	0	0	0	1.35	24.95
HG00330	0	0	0	0	0	0	0	0	0	0.01	0.16	0.96	0	0	0	0	0	0	0	0.87	26.59
HG00189	0	0	0	0.57	0	0.4	0	0	0	0	0.68	0	0.09	0	0	0	0.08	0	0	0.18	24.06
HG00233	0	0	0	0	0	0	0	0.07	0	0.71	0.04	0.19	0	0	0	0	0	0	0	0.99	25.63
NA12546	0	0	0	0	0	0	0	0.03	0	0.17	0.32	0.67	0	0	0	0.1	0	0	0	0.71	26.63
NA19129	0	0	0	0	0	0	0	0	0	0	0	0	0.97	0	0	0	0	0	0	1.03	26.44
NA20525	0	0	0	0.76	0	0.21	0.49	0	0	0	0	0	0.48	0	0	0	0	0	0	0.06	23.24
NA19144	0	0	0	0	0	0	0	0	0	0	0	0	0.97	0	0	0	0	0	0	1.03	26.44
NA12058	0	0	0	0.97	0	0	0	0	0	0	0.37	0	0	0	0	0	0	0	0	0.66	22.93
NA20516	0	0	0	0	0	0	0	0.07	0	0.67	0.41	0.23	0	0	0	0	0	0	0	0.62	26.04
NA20797	0	0	0	0.87	0	0.11	0	0	0	0.02	0	0.96	0	0	0	0	0	0	0	0.04	24.59
HG00178	0	0	0	0	0	0.97	0	0	0	0	0.73	0	0.22	0	0	0	0.02	0	0	0.06	24.76
NA11832	0	0	0	0	0	0	0.1	0.04	0	0.32	0.22	0.61	0	0	0	0.02	0	0	0	0.69	26.22
NA18520	0	0	0	0	0	0	0	0	0	0	0.01	0	0.96	0	0	0	0	0	0	1.03	26.43
HG00263	0	0	0	0	0	0	0	0	0	0	0.14	0	0.45	0	0	0	0.46	0	0	0.95	26.92
HG00127	0.05	0	0	0	0.01	0	0.05	0	0	0	0.6	0	0.29	0	0	0	0	0	0	1.0	25.41
HG00326	0	0	0	0	0	0	0	0	0	0.97	0.08	0	0.01	0	0	0	0	0	0	0.94	25.57
NA20531	0	0	0	0	0	0	0.96	0	0	0	0.19	0	0.13	0	0	0	0	0	0	0.72	23.99
HG00310	0	0	0	0	0	0	0	0	0	0	0.79	0	0	0	0	0	0	0	0	1.21	25.29
HG00378	0	0	0	0	0	0	0.13	0	0	0	0.36	0	0.51	0	0	0	0	0	0	1.0	25.75
NA12342	0	0	0	0	0	0	0	0	0.97	0.97	0	0	0	0	0	0	0	0	0	0.06	25.47
NA19206	0	0.97	0	0	0	0	0	0	0	0	0	0	0	0	0	0	0	0	0	1.03	21.59
NA20752	0	0	0	0	0	0	0	0.15	0	0.96	0	0.8	0	0	0	0.04	0	0	0	0.05	27.18
HG00157	0	0	0	0	0	0	0	0	0	0	0	0	0	0	0	0	0	0	0	2.0	24.5
HG00258	0	0	0	0	0	0	0.08	0	0	0	1.09	0	0.08	0	0	0	0	0	0	0.75	25.67
HG00177	0	0	0	0	0	0	0.03	0	0	0	1.29	0	0.56	0	0	0	0.05	0	0	0.07	27.03
HG00353	0.97	0	0	0	0	0	0	0	0	0	0	0	0.97	0	0	0	0	0	0	0.06	22.56
NA19114	0	0.97	0	0	0	0	0	0	0	0.97	0	0	0	0	0	0	0	0	0	0.06	22.56
HG00131	0	0	0	0	0	0	0	0	0	0	1.86	0	0	0	0	0	0.01	0	0	0.13	26.39
HG00372	0	0	0	0	0	0	0.07	0	0	0	0.83	0	0.11	0	0	0	0	0	0	0.99	25.48
NA19092	0	0	0	0	0	0	0	0	0	0.97	0	0	0.97	0	0	0	0	0	0	0.06	27.41
NA10847	0	0	0	0	0	0	0	0	0	0	0.91	0	0.58	0	0	0	0	0	0	0.51	26.57
HG00277	0	0	0	0	0	0	0	0.15	0	0.75	0	0.07	0	0	0	0	0	0	0	1.03	25.39
NA18510	0	0	0	0	0	0.05	0.01	0.02	0	0.79	0.02	0	0.02	0	0	0	0	0	0	1.09	25.29
NA12399	0	0	0	0	0	0	0.02	0	0	0	1.08	0	0	0	0	0	0	0	0	0.9	25.56
HG00327	0	0	0	0	0	0	0.39	0	0	0	0.68	0	0.04	0	0	0	0	0	0	0.89	24.87
NA19247	0	0.97	0	0	0	0	0	0	0	0.97	0	0	0	0	0	0	0	0	0	0.06	22.56
HG00332	0	0	0	0	0	0	0	0	0	0	0.69	0	1.21	0	0	0	0.01	0	0	0.09	27.64
NA18504	0	0	0	0	0	0	0	0	0	0	0.38	0	1.28	0	0	0	0.12	0	0	0.22	27.8
HG00252	0	0	0	0	0	0	0	0	0	0	0.94	0	0.03	0	0	0	0	0	0	1.03	25.5
HG00238	0	0	0	0	0	0	0	0	0	0.76	0.01	0.21	0	0	0	0	0	0	0	1.02	25.69
HG00342	0	0	0	0	0	0	0	0	0	0	0.97	0	0	0	0	0	0	0	0	1.03	25.47
NA20581	0	0	0	0	0	0	0	0	0	0	0.04	0	0	0	0	0	0	0	0	1.96	24.54
HG00268	0	0	0	0	0	0	0	0	0	0	0.84	0	0.18	0	0	0	0	0	0	0.98	25.7
HG00154	0	0	0	0	0	0	0.05	0	0	0	0.02	0.97	0.04	0	0	0	0	0	0	0.92	26.49
HG00371	0	0	0	0	0	0	0	0.97	0	0	0	0	0	0	0	0	0	0	0	1.03	24.5
NA18870	0	0.22	0	0.75	0	0.01	0	0	0	0	0.97	0	0	0	0	0	0	0	0	0.05	23.3
NA20505	0	0	0	0	0	0.18	0	0.11	0	0.68	0.9	0.01	0.01	0	0	0	0	0	0	0.11	25.94
NA20538	0	0	0	0	0	0	0	0	0	0	0.25	0	0.93	0	0	0	0	0	0	0.82	26.61
HG00182	0	0	0	0.63	0	0.34	0.97	0	0	0	0	0	0	0	0	0	0	0	0	0.06	21.93
NA19207	0	0.01	0	0.92	0	0.01	0	0	0	0	0.02	0	0.02	0	0	0	0	0	0	1.02	22.68
HG00373	0	0	0	0	0	0	0	0	0	0	0.96	0	0	0	0	0	0	0	0	1.04	25.46
NA20800	0.11	0	0	0	0	0.01	0	0.06	0	0.55	0.01	0.36	0.06	0	0	0.01	0	0	0	0.83	25.48
HG00151	0	0	0	0	0	0	0	0	0	0.16	0	0.81	0	0	0	0	0	0	0	1.03	26.28
NA11829	0	0	0	0	0	0	0	0	0	0	0.16	0	0.01	0	0	0	0	0	0	1.83	24.68
HG00324	0	0	0	0	0	0	0	0	0	0	1.06	0	0.8	0	0	0	0.08	0	0	0.06	27.4
HG00120	0	0	0	0	0	0	0	0	0	0	0.93	0	0	0	0	0	0	0	0	1.07	25.43
NA12828	0	0	0	0	0	0	0	0	0	0	0.96	0	0	0	0	0	0	0	0	1.04	25.46
NA12777	0	0	0	0	0	0	1.01	0	0	0	0.93	0	0	0	0	0	0	0	0	0.06	24.42
NA20539	0	0	0	0.88	0	0.09	0	0	0	0	0.51	0	0	0	0	0	0	0	0	0.52	23.16
NA19213	0	0	0	0	0	0	0	0	0	0	0.07	0	0.95	0	0	0	0	0	0	0.98	26.47
NA19147	0	0	0.01	0	0	0.04	0.01	0.08	0	1.24	0.2	0.08	0.05	0	0	0.02	0	0.01	0	0.26	26.22
HG00379	0	0	0	0	0	0	0	0	0	0	1.55	0	0	0	0	0	0	0	0	0.45	26.05
HG00158	0.02	0	0	0	0	0	0.06	0	0	0	1.07	0	0.26	0	0	0	0.01	0	0	0.58	25.98
HG00329	0	0	0	0.97	0	0	0	0	0	0	0	0	0	0	0	0	0	0	0	1.03	22.56
HG00344	0	0	0	0	0	0	0.07	0	0	0	0.16	0	0	0	0	0	0	0	0	1.77	24.59
NA11931	0	0	0	0	0	0	0	0.01	0	0.95	0.97	0.02	0	0	0	0	0	0	0	0.05	26.46
HG00142	0	0	0	0	0	0	0	0	0	0	1.47	0	0.47	0	0	0	0	0	0	0.06	26.91
HG00100	0	0	0	0	0	0	0.01	0	0	0	0.03	0	0	0	0	0	0	0	0	1.96	24.52
NA12843	0	0	0	0	0	0	0	0	0	0	0	0.97	0	0	0	0	0	0	0	1.03	26.44
NA18909	0	0	0	0	0	0	0	0	0	0.97	0	0	0	0	0.97	0	0	0	0	0.06	27.41
HG00243	0	0	0	0	0	0	0	0.01	0	0.49	0.47	0.47	0.02	0	0	0	0	0	0	0.54	26.44
NA20806	0	0	0	0	0	0	0	0	0	0	0.54	0	0	0	0	0	0	0	0	1.46	25.04
NA20768	0	0	0	0	0	0	0	0	0	0.05	0.05	0.93	0.82	0	0	0	0	0	0	0.15	28.1
HG00123	0	0	0	0	0	0	0	0	0	0	0.44	0	0	0	0	0	0	0	0	1.56	24.94
NA20529	0	0	0.04	0	0	0	0.02	0	0	0	0.52	0	0.04	0	0	0	0	0	0	1.38	24.96
HG00122	0	0	0	0	0	0	0.15	0	0	0	0.65	0	0	0	0	0	0	0	0	1.2	25.0
NA18853	0	0	0	0.01	0	0	0.5	0	0	0	1.06	0	0.05	0	0	0	0	0	0	0.38	25.14
NA19189	0	0.22	0	0.74	0	0.01	0	0	0	0	0	0	0	0	0	0	0	0	0	1.03	22.35
HG00148	0	0	0	0	0	0	0	0	0	0	1.45	0	0.38	0	0	0	0.11	0	0	0.06	27.04
HG00171	0	0	0	0	0	0	0	0	0	0	1.47	0	0.07	0	0	0	0	0	0	0.46	26.11
HG00331	0	0	0	0	0	0	0	0.15	0	0.66	0	0.16	0	0	0	0.01	0	0	0	1.02	25.51
HG00381	0	0	0	0	0	0	0	0	0	0	0.21	0	0.73	0	0	0	0.02	0	0	1.04	26.23
NA18856	0	0	0	0	0	0.41	0	0.5	0	0.06	0	0.01	0	0	0.97	0	0	0	0	0.05	26.11
HG00345	0	0	0	0	0	0	0	0	0	0	0.87	0	1.05	0	0	0	0	0	0	0.08	27.47
NA18861	0	0	0	0	0	0.01	0	0	0	0.96	0	0	0	0	0	0	0	0	0	1.03	25.45
HG00185	0	0	0	0	0	0	0	0	0	0.01	0.97	0.96	0	0	0	0	0	0	0	0.06	27.4
NA07051	0	0	0	0	0	0	0	0	0	0	0.83	0	0.01	0	0	0	0	0	0	1.16	25.35
NA20527	0	0	0	0	0	0	0	0.34	0	0.47	0.94	0.17	0.03	0	0	0	0	0	0	0.05	26.31
NA20783	0	0	0	0	0	0	0	0.05	0	0.62	0.09	0.3	0	0	0	0	0	0	0	0.94	25.81
NA19137	0	0	0	0	0	0	0	0	0	0	0	0	0	0	0.97	0	0	0	0	1.03	26.44
NA19201	0	0	0	0	0	0	0.04	0	0	0	0.64	0	1.19	0	0	0	0	0	0	0.13	27.48
NA18488	0	0.01	0	0	0	0	0	0	0	0	0.81	0	0.16	0	0.94	0	0.04	0	0	0.04	27.6
HG00311	0	0	0	0	0	0	0	0	0	0	0.92	0	0.06	0	0	0	0	0	0	1.02	25.54
HG00337	0	0	0	0	0	0	0	0	0	0	0.82	0	0.24	0	0	0	0	0	0	0.94	25.8
HG00257	0	0	0	0.94	0	0.03	0	0	0	0	0	0	0	0	0	0	0	0	0	1.03	22.59
HG00136	0	0	0	0	0	0	0	0	0	0	0.99	0	0	0	0	0	0	0	0	1.01	25.49
NA20826	0	0	0	0	0	0	0	0.07	0	0.56	0	0.34	0	0	0	0.01	0	0	0	1.02	25.77
NA20518	0	0	0	0	0	0	0	0.09	0	0.46	0	0.35	0	0	0	0.08	0	0	0	1.02	25.9
NA20786	0	0	0	0	0	0	0	0	0	0	0.54	0	0	0	0	0	0	0	0	1.46	25.04
NA20760	0	0	0	0	0	0	0	0	0	0	0.97	0	0	0	0	0	0	0	0	1.03	25.47
HG00114	0	0	0	0	0	0	0	0	0	0	1.61	0	0.01	0	0	0	0	0	0	0.38	26.13
HG00117	0	0	0	0	0	0	0	0	0	0.97	0.04	0	0.91	0	0	0	0.02	0	0	0.06	27.39
NA20534	0	0	0	0	0	0	0	0	0	0	0.34	0	0.62	0	0	0	0.02	0	0	1.02	26.14
NA20809	0	0	0	0	0	0	0	0	0	0	0.96	0	0	0	0	0	0	0	0	1.04	25.46
NA12273	0	0	0	0	0	0.97	0	0	0	0	0	0	0	0	0	0	0	0	0	1.03	23.53
NA20808	0	0	0	0	0	0	0	0	0.01	0	0.92	0	0.19	0	0	0	0	0	0	0.88	25.8
NA19197	0	0	0	0.02	0	0	0	0	0	0	0	0	0	0	0	0	0	0	0	1.98	24.46
NA11918	0	0	0	0	0	0	0	0	0	0	0.06	0	0	0	0	0	0	0	0	1.94	24.56
NA20509	0	0	0	0	0	0	0	0.01	0	0.96	0.11	0	0.01	0	0	0	0	0	0	0.91	25.59
NA20757	0	0	0	0	0	0	0	0	0	0	1.32	0	0.1	0	0	0	0.02	0	0	0.56	26.08
HG00125	0	0	0	0	0	0	0	0	0	0	0.01	0	0	0	0	0	0	0	0	1.99	24.51
NA11894	0	0	0	0	0	0	0	0.03	0	0.03	0.97	0.91	0	0	0	0	0	0	0	0.06	27.32
NA18517	0	0	0	0	0	0.53	0	0.27	0	0.79	0	0.32	0	0	0	0.01	0	0.03	0	0.05	25.55
NA20798	0	0	0	0	0	0.97	0	0	0	0	0	0.97	0	0	0	0	0	0	0	0.06	25.47
NA20588	0	0	0	0	0	0	0.01	0	0	0	0.47	0	0.4	0	0	0	0.08	0	0	1.04	26.0
HG00285	0	0	0	0	0	0.97	0	0	0	0	0.2	0	0.58	0	0	0	0	0	0	0.25	24.89
NA19153	0	0	0	0	0	0	0	0.97	0	0	0.97	0	0	0	0	0	0	0	0	0.06	25.47
NA20804	0	0	0	0	0	0	0	0	0	0	1.71	0	0.09	0	0	0	0.06	0	0	0.14	26.57
HG00306	0	0	0	0	0	0	0.02	0	0	0	0.07	0	0.23	0	0	0	0.05	0	0	1.63	25.16
NA19210	0	0	0	0	0	0	0	0	0	0	0	0	0.97	0	0	0	0	0	0	1.03	26.44
NA18908	0	0.02	0	0.02	0	0	0	0	0	0	0.79	0	0.15	0	0	0	0.04	0	0	0.98	25.61
NA20585	0	0	0	0	0	0.97	0	0	0	0	0.42	0	0	0	0	0	0	0	0	0.61	23.95
NA20543	0	0	0	0.97	0	0	0	0.04	0	0.93	0	0	0	0	0	0	0	0	0	0.06	23.49
NA20508	0	0	0	0	0	0	0	0	0	0	0.98	0	0.02	0	0	0	0	0	0	1.0	25.52
NA18916	0	0.07	0	0.89	0	0.01	0	0	0	0	0.97	0	0	0	0	0	0	0	0	0.06	23.47
NA20799	0	0	0	0	0	0	0.87	0	0	0	0.03	0	0	0	0	0	0	0	0	1.1	23.66
NA19235	0	0.97	0	0	0	0.23	0	0.13	0	0.57	0	0.04	0	0	0	0.01	0	0	0	0.05	22.04
HG00240	0	0	0	0.89	0	0.08	0	0	0	0	0.01	0	0	0	0	0	0	0	0	1.02	22.65
NA20765	0	0	0	0	0	0	0	0	0	0	0.98	0	0	0	0	0	0	0	0.01	1.01	25.52
NA18516	0	0	0	0	0	0	0	0.97	0	0	0.97	0	0	0	0	0	0	0	0	0.06	25.47
NA20801	0	0	0	0	0	0	0	0.12	0	0.53	0.15	0.3	0.14	0	0	0.03	0	0	0	0.73	26.15
NA18867	0	0	0	0	0	0	0	0	0	0	0	0	1.13	0	0	0	0	0	0	0.87	26.76
NA20524	0	0	0	0	0	0	0.39	0.06	0	0.62	0	0.25	0.38	0	0	0.05	0	0	0	0.25	26.14
HG00323	0	0	0	0	0	0	0.02	0	0	0	0.61	0	0.34	0	0	0	0	0	0	1.03	25.77
NA20589	0	0	0	0	0	0	0	0	0	0	0.5	0	0.98	0	0	0	0.07	0	0	0.45	27.17
NA11893	0	0	0	0	0	0.1	0	0.1	0	0.49	0	0.29	0	0	0	0	0	0	0	1.02	25.47
NA20502	0	0	0	0	0	1.93	0	0	0	0	0	0	0	0	0	0	0	0	0	0.07	22.57
HG00282	0	0	0	1.13	0	0.8	0	0	0	0.01	0	0	0	0	0	0	0	0	0	0.06	21.45
NA19171	0	0	0	0	0	0	0	0.1	0	0.59	0	0.24	0	0	0	0.02	0	0.03	0	1.02	25.75
NA12761	0	0	0	0	0	0	0	0.07	0	0.67	0	1.2	0	0	0	0	0	0	0	0.06	27.57
NA20795	0	0	0	0	0	0	0	0.15	0	0.47	0.02	0.36	0.96	0	0	0	0	0	0	0.04	27.63
NA19238	0	0	0	0	0	0	0	0	0	0	0.97	0	0	0	0	0	0	0	0	1.03	25.47
NA19159	0	0	0	0	0	0	0	0	0	0.97	0.78	0	0.16	0	0	0	0.04	0	0	0.05	26.69
HG00366	0	0	0	0	0	0	0	0	0	0	0.97	0	0	0	0	0	0	0	0	1.03	25.47
NA11992	0	0	0	0	0	0	0.97	0	0	0	0	0	0	0	0	0	0	0	0	1.03	23.53
HG00141	0	0	0	0	0	0	0.02	0	0	0	0.42	0	1.46	0	0	0	0	0	0	0.1	27.82
NA18873	0	0	0	0	0	0	0	0	0	0.02	0	0	0.97	0	0	0.95	0	0	0	0.06	29.31
HG00336	0	0	0	0	0	0	0	0	0	0	0.82	0	0.01	0	0	0	0	0	0	1.17	25.34
NA06994	0	0	0	0	0	0	0	0.01	0	0.07	0	0.03	0	0	0	0	0	0.88	0	1.01	28.15
NA19190	0	0	0	0	0	0	0	0	0	0	0.01	0	0.97	0	0	0	0	0	0	1.02	26.45
HG00186	0	0	0	0	0	0	0.97	0	0	0	0.97	0	0	0	0	0	0	0	0	0.06	24.5
NA20805	0	0	0	0	0	0	0	0	0	0	0	0	0.38	0	0	0	0	0	0	1.62	25.26
HG00325	0	0	0	0	0	0.97	0	0	0	0	0.03	0	0.95	0	0	0	0	0	0	0.05	25.46
NA20766	0	0	0	0.21	0	0.76	0	0	0	0	0.63	0	0.01	0	0	0	0	0	0	0.39	23.97
HG00183	0	0	0	0	0	0	0	0	0	0	0.1	0	0.87	0	0	0	0	0	0	1.03	26.34
NA12827	0	0	0	0.62	0	0.35	0	0	0	0	0.82	0	0.05	0	0	0	0	0	0	0.16	23.83
NA12400	0	0	0	0	0	0	0.97	0	0	0	0	0	0	0	0	0	0	0	0	1.03	23.53
NA12760	0	0	0	0	0	0	0.01	0.11	0	0.54	0.13	0.25	0	0	0	0	0	0.08	0	0.88	25.98
NA20540	0	0	0	0	0	0	0	0	0	0	1.46	0	0.01	0	0	0	0	0	0	0.53	25.98
NA20772	0	0	0	0	0	0	0	0	0	0	0.48	0.97	0.01	0	0	0	0	0	0	0.54	26.94
NA07056	0	0	0	0	0	0	0	0	0	0	1.66	0	0	0	0	0	0	0	0	0.34	26.16
NA12154	0	0	0	1.43	0	0.51	0	0	0	0	0	0	0	0	0	0	0	0	0	0.06	21.13
HG00149	0	0	0	0	0	0	0	0	0	0	1.93	0	0	0	0	0	0	0	0	0.07	26.43
NA18912	0	0	0	0	0	0	0	0	0	0	0.97	0	0.17	0	0	0	0	0	0	0.86	25.81
HG00343	0	0	0	0	0	0	0	0	0	0	0.01	0	0.97	0	0	0	0	0	0	1.02	26.45
NA19130	0	0	0	0	0	0	0	0	0	0	0	0	0.97	0	0	0	0	0	0	1.03	26.44
NA12286	0	0	0	0	0	0	0	0	0	0	0.98	0	0	0	0	0	0	0	0	1.02	25.48
NA12340	0	0	0	0	0	0	0.03	0	0	0	0.51	0	0.36	0	0	0	0	0	0	1.1	25.7
HG00118	0	0	0	0	0	0	0	0.1	0	0.87	0.01	0	0.84	0	0	0	0	0	0.04	0.14	27.22
HG00275	0	0	0	0	0	0	0	0	0	0	0	0	0	0	0	0	0	0	0	2.0	24.5
NA19143	0	0.47	0	0.25	0	0.13	0	0	0	0	0	0	0.97	0	0	0	0	0	0	0.18	24.4
HG00280	0	0	0	0	0	0	0.01	0	0	0	0.08	0	0.01	0	0	0	0	0	0	1.9	24.59
NA12383	0	0	0	0.97	0	0	0	0	0	0	0.93	0	0.03	0	0	0	0	0	0	0.07	23.55
NA12717	0	0	0	0	0	0	0	0	0	0.34	0.09	0.64	0	0	0	0	0	0	0.05	0.88	26.41
NA20814	0.13	0	0.01	0	0.02	0	0.11	0	0	0	0.79	0	0.14	0	0	0	0.01	0	0	0.79	24.9
NA18501	0	0	0	0.02	0	0	0	0	0	0	0	0	0.97	0	0	0	0	0	0	1.01	26.4
HG00231	0	0	0	0.96	0	0.01	0	0	0	0	0.48	0	0.02	0	0	0	0	0	0	0.53	23.09
HG00242	0	0	0	0	0	0	0	0.22	0	0.64	0.16	0.12	0.5	0	0	0	0	0	0	0.36	26.54
NA18486	0	0	0	0	0	0.97	0	0.97	0	0	0	0	0	0	0	0	0	0	0	0.06	23.53
HG00274	0	0	0	0	0	0	0	0	0	0.96	0	0.01	0.97	0	0	0	0	0	0	0.06	27.42
HG00335	0	0	0	0	0	0	0	0	0	0	1.86	0	0.06	0	0	0	0	0	0	0.08	26.48
HG00259	0	0	0	0	0	0	0	0.05	0	0.92	0.18	0	0	0	0	0	0	0	0	0.85	25.6
NA20530	0	0	0	0	0	0	0	0.4	0	0.54	0.61	0.03	0.12	0	0	0.01	0	0	0	0.29	25.98
HG00096	0	0	0	0	0	0	0	0	0	0	0	0	0	0	0	0	0	0	0	2.0	24.5
NA18871	0	0	0	0	0	0	0	0	0	0	0	0	1.93	0	0	0	0	0	0	0.07	28.36
NA20802	0	0	0	0.88	0	0.09	0	0	0	0	0.01	0	0	0	0	0	0	0	0	1.02	22.66
HG00236	0	0	0	0	0	0	0	0	0	0	0.85	0	0.19	0	0	0	0	0	0	0.96	25.73
NA11920	0	0	0	0	0	0	0	0	0	0	0.05	0	0.33	0	0	0	0	0	0	1.62	25.21
HG00239	0	0	0	0	0	0	0	0	0	0	0.85	0	1.02	0	0	0	0	0	0	0.13	27.39
HG00265	0	0	0	0	0	0	0	0	0	0	1.4	0	0.45	0	0	0	0	0	0	0.15	26.8
HG00115	0	0	0	0.95	0	0.02	0	0	0	0	0	0	0	0	0	0	0	0	0	1.03	22.58
HG00244	0	0	0	0	0	0	0	0.02	0	1.38	0	0.54	0	0	0	0	0	0	0	0.06	26.96
NA18868	0	0	0	0	0	0	0	0	0	0.97	0.97	0	0	0	0	0	0	0	0	0.06	26.44
HG00110	0	0	0	0	0	0	0	0	0	0	0.28	0	0	0	0	0	0	0	0	1.72	24.78
HG00181	0	0	0	0	0	0	0	0	0	0	1.59	0	0.32	0	0	0	0	0	0	0.09	26.73
HG00187	0	0	0	0	0	0	0.01	0	0	0	0.35	0	0.58	0	0	0	0	0	0	1.06	26.0
HG00188	0	0	0	0	0	0	0.97	0	0	0	0.29	0	0	0	0	0	0	0	0	0.74	23.82
NA20542	0	0	0	0	0	0	0.29	0	0	0	0.72	0	0.2	0	0	0	0	0	0	0.79	25.33
HG00264	0	0	0	0	0	0.49	0	0.36	0	0.12	0.96	0	0.02	0	0	0	0	0	0	0.05	25.13
HG00315	0	0	0	0.96	0	0.02	0	0	0	0	0.24	0	0	0	0	0	0	0	0	0.78	22.8
HG00376	0	0	0	0.88	0	0.09	0	0	0	0.48	0	0.49	0	0	0	0	0	0	0	0.06	24.11
NA20811	0	0	0	0	0	0	0	0	0	0	0.99	0	0.51	0	0	0	0	0	0	0.5	26.51
NA20785	0	0	0	0	0	0	0	0	0	0	0.8	0	1.12	0	0	0	0	0	0	0.08	27.54
HG00176	0	0	0	0.88	0	0.09	0.02	0	0	0	0.23	0	0	0	0	0	0	0	0	0.78	22.86
NA18507	0	0	0	0	0	0	0	0	0	0.97	0.25	0	0.72	0	0	0	0	0	0	0.06	27.16
HG00261	0	0	0	0	0	0	0.01	0	0.01	0	1.53	0	0.01	0	0	0	0	0	0	0.44	26.04
HG00179	0	0	0	0	0	0	0	0	0	0	0.97	0	0	0	0	0	0	0	0	1.03	25.47
NA12776	0	0	0	0	0	0	0	0	0	0.97	0.01	0	0	0	0	0	0	0	0	1.02	25.48
NA20758	0	0	0	0	0	0	0.98	0	0	0	0.43	0	0.43	0	0	0	0.1	0	0	0.06	25.11
NA18498	0	0	0	0	0	0	0	0	0	0	1.02	0	0	0	0	0	0	0	0	0.98	25.52
HG00321	0	0	0	0.97	0	0	0	0	0	0	0.97	0	0	0	0	0	0	0	0	0.06	23.53
HG00313	0	0	0	0	0	0	0.1	0	0	0	0.02	0	0	0	0	0	0	0	0	1.88	24.42
HG00174	0	0	0	0	0	0	0.03	0.19	0	0.44	0.26	0.33	0.02	0	0	0.01	0	0	0	0.72	25.9
NA12287	0	0	0	0	0	0.22	0	0.15	0	0.44	0.03	0.17	0	0	0	0	0	0	0	0.99	25.09
NA20756	0	0	0	0	0	0	0	0.02	0	0.61	0.97	0.31	0	0	0	0	0	0.05	0	0.04	26.9
HG00180	0	0	0	0	0	0	0.65	0	0	0	0.27	0	0.97	0	0	0	0	0	0	0.11	26.06
NA19257	0	0	0	0	0	0	0	0	0	0	0	0	1.7	0	0	0	0	0	0	0.3	27.9
HG00112	0	0	0	0	0	0	0	0.03	0	0.87	0	0.07	0	0	0	0.01	0	0	0	1.02	25.54
NA20586	0	0	0.01	0.96	0	0.01	0.04	0	0	0	0.04	0	0.01	0	0	0	0	0	0	0.93	22.56
NA12347	0	0	0	0	0	0	0.06	0	0	0	1.19	0	0.03	0	0	0	0	0	0	0.72	25.69
NA20517	0	0	0	0	0	0.3	0	0.2	0	1.33	0	0.11	0	0	0	0	0	0	0	0.06	25.75
HG00384	0	0	0	0.02	0	0.95	0	0	0	0	0.97	0	0	0	0	0	0	0	0	0.06	24.48
NA12283	0	0	0	0	0	0	0	0	0	0	0.02	0	0	0	0	0	0	0	0	1.98	24.52
NA11843	0	0	0	0	0	0	0	0	0	0	0.97	0	0.56	0	0	0	0	0	0	0.47	26.59
NA20778	0	0	0	0	0	0	0	0	0	0	0.4	0	1.41	0	0	0	0	0	0	0.19	27.72
NA20541	0	0	0	0	0	0	0	0	0	0.6	0.86	0.31	0.09	0	0	0	0	0.06	0	0.08	27.0
HG00267	0	0	0	0	0	0.29	0	0.19	0	0.5	0.74	0.01	0.23	0	0	0	0	0	0	0.04	25.93
NA19102	0	0	0	0.25	0	0	0	0	0	0	0	0	0.97	0	0	0	0	0	0	0.78	25.94
NA12272	0	0	0	0	0	0	0	0	0	0.64	0	0.29	0	0	0	0	0	0.05	0	1.02	25.92
NA19141	0	0	0	0	0	0	0	0	0	0	0.05	0	0.97	0	0	0	0	0	0	0.98	26.49
NA07048	0	0	0	0	0	0	0	0	0	0	0.11	0	0.08	0	0	0	0	0	0	1.81	24.77
NA20769	0	0	0	0	0	0	0.15	0	0	0	0.92	0	0.18	0	0	0	0	0	0	0.75	25.63
NA20773	0.01	0	0	0	0	0	0.05	0	0	0	0.33	0	0.46	0	0	0	0	0	0	1.15	25.66
HG00328	0	0	0	0	0	0	0	0	0	0	1.03	0	0.86	0	0	0	0	0	0	0.11	27.25
HG00106	0	0	0	0	0	0	0	0	0	0	1.56	0	0	0	0	0	0	0	0	0.44	26.06
HG00361	0	0	0	0	0	0	0	0	0	0	0.12	0	0.03	0	0	0	0	0	0	1.85	24.68
HG00253	0	0	0	0	0	0	0	0	0	0	0.97	0	0	0	0	0	0	0	0	1.03	25.47
HG00155	0	0	0	0	0	0	0	0	0	0	1.03	0	0.22	0	0	0	0.07	0	0	0.68	26.18
NA20792	0	0	0	0	0	0	0.22	0	0	0	0.7	0	0.01	0	0	0	0	0	0	1.07	25.0
NA20759	0	0	0	0	0	0	0.38	0.03	0	0.64	0.33	0.31	0	0	0	0	0	0	0	0.31	25.71
NA18934	0	0	0	0	0	0	0	0	0	0	0.78	0	1.12	0	0	0	0.04	0	0	0.06	27.64
NA11840	0	0	0	0	0	0	0	0.15	0	0.82	0	0.01	0	0	0	0	0	0	0	1.02	25.34
HG00109	0	0	0	0	0	0	0.28	0	0	0	1.03	0	0	0	0	0	0	0	0	0.69	25.25
NA18511	0	0	0	0	0	0	0	0	0	0	0	0	0.3	0	0	0	0	0	0	1.7	25.1
HG01334	0	0	0	0	0	0	0	0	0	0.02	0.94	0.95	0.03	0	0	0	0	0	0	0.06	27.42
NA12842	0	0	0	0	0	0	0	0.03	0	1.82	0	0.09	0	0	0	0	0	0	0	0.06	26.5
HG00338	0	0	0	0	0	0	0.01	0	0	0.02	0.18	0.01	0	0	0	0	0	0.94	0	0.84	28.47
HG00269	0	0	0	0	0	0.42	0	0.14	0	1.38	0	0	0	0	0	0	0	0	0	0.06	25.46
HG00173	0	0	0	0	0	0	0	0	0	0	1.89	0	0.03	0	0	0	0	0	0	0.08	26.45
NA06986	0	0	0	0	0	0	0	0	0	0	0.49	0.97	0.32	0	0	0	0	0	0	0.22	27.57
NA12003	0	0	0	0	0	0	0	0	0	0	0.52	0	1.41	0	0	0	0	0	0	0.07	27.84
NA20774	0	0	0	0	0	0	0.02	0	0	0	0.7	0	0.23	0	0	0	0.23	0	0	0.82	26.33
NA20828	0	0	0	0	0	0	0.13	0.02	0	0.54	0.57	0.22	0.18	0	0	0.12	0	0.08	0	0.14	26.96
HG00284	0	0	0	0.85	0	0.12	0	0	0	0	0	0	0	0	0	0	0	0	0	1.03	22.68
NA12750	0	0.97	0	0	0	0	0	0	0	0	0.73	0	0.18	0	0	0	0	0	0	0.12	22.68
NA18522	0	0	0	0	0	0	0	0	0	0	0.5	0	1.43	0	0	0	0	0	0	0.07	27.86
NA12275	0	0	0	0	0	0	0	0.1	0	0.87	0.49	0	0.48	0	0	0	0	0	0	0.06	26.82
NA20528	0	0	0	0	0	0	0.97	0	0	0	0	0.97	0	0	0	0	0	0	0	0.06	25.47
NA18910	0	0	0	0	0	0	0	0	0	0	0.78	0	0.16	0	0	0	0.04	0	0	1.02	25.72
HG00272	0	0	0	0	0	0	0	0	0	0	0.97	0	0	0	0	0	0	0	0	1.03	25.47
HG00138	0	0	0	0	0	0	0	0	0	0	1.33	0	0	0	0	0	0	0	0	0.67	25.83
HG00159	0	0	0	0	0	0	0	0.95	0	0.02	0	0	0	0	0	0	0	0	0	1.03	24.52
HG00108	0	0	0	0	0	0	0.23	0	0	0	0.29	0	0	0	0	0	0	0	0	1.48	24.56
NA19256	0	0	0	0	0	0	0	0	0	0	0	0	0	0	0.97	0	0	0	0	1.03	26.44
HG00111	0	0	0	0	0	0	0	0	0	0	0.02	0	0.59	0	0	0	0	0	0	1.39	25.7
HG00143	0	0	0	0	0	0.97	0	0	0	0	0	0	0.91	0	0	0	0	0	0.01	0.11	25.39
NA19119	0	0	0	0.25	0	0	0	0	0	0	0.61	0	0.36	0	0	0	0	0	0	0.78	25.33
NA12751	0	0	0	0	0	0	0	0	0	0	0.97	0	0	0	0	0	0	0	0	1.03	25.47
HG00121	0	0	0	0	0	0.97	0	0.04	0	0.88	0	0.06	0	0	0	0	0	0	0	0.05	24.53
NA20515	0.01	0	0	0	0	0	0.09	0	0	0.89	0.31	0.1	0.23	0	0	0	0.02	0	0	0.35	26.29
NA20512	0	0	0	0	0	0	0	0	0	0	0.42	0	1.08	0	0	0	0.42	0	0	0.08	28.34
NA06989	0	0	0	0.97	0	0	0	0	0	0.97	0	0	0	0	0	0	0	0	0	0.06	23.53
HG00281	0	0	0	0	0	0	0	0.01	0	0.19	0.15	0.69	0.29	0	0	0.09	0	0	0	0.58	27.07
HG00383	0	0	0	0	0	0	0	0	0	0	1.75	0	0.17	0	0	0	0	0	0	0.08	26.59
NA12716	0	0	0	0	0	0	0	0.02	0	0.95	0.05	0	0	0	0	0	0	0	0	0.98	25.5
NA12718	0	0	0	0	0	0	0	0	0	0.97	0.08	0	0.05	0	0	0	0	0	0	0.9	25.65
HG00137	0	0	0	0	0	0	0	0.21	0	1.12	0	0.61	0	0	0	0	0	0	0	0.06	26.84
NA20790	0	0	0	0.64	0	0.33	0	0	0	0	0.96	0	0.01	0	0	0	0	0	0	0.06	23.87
NA18489	0	0	0	0	0	0	0	0	0	1.93	0	0	0	0	0	0	0	0	0	0.07	26.43
HG00334	0	0	0	0	0	0	0.02	0.04	0.01	0.61	0.72	0.32	0.08	0	0	0	0	0	0	0.2	26.61
NA20803	0	0	0	0	0	0	0.02	0.01	0.02	0.76	0.24	0.21	0.59	0	0	0	0	0	0	0.15	27.08
NA11892	0	0	0	0	0	0	0	0	0	0	0.96	0	0.02	0	0	0	0	0	0	1.02	25.5
HG00232	0	0	0	0	0	0.94	0	0.02	0	0.01	0.04	0	0.93	0	0	0	0	0	0	0.06	25.47
HG00369	0	0	0	0	0	0	0	0	0	0	0.47	0	0	0	0	0	0	0	0	1.53	24.97
NA19152	0	0	0	0	0	0	0	0	0	0	0.78	0	1.12	0	0	0	0.04	0	0	0.06	27.64
NA07037	0	0	0	0	0	0.97	0	0	0	0	0.61	0	0.28	0	0	0	0	0	0	0.14	24.7
NA11831	0	0	0	0	0	0	0	0	0	0	0.01	0	0.02	0	0	0	0	0	0	1.97	24.55
HG00133	0	0	0	0	0	0	0.49	0	0	0	0.96	0	0	0	0	0	0	0	0	0.55	24.97
NA19248	0	0.11	0	0.8	0	0.02	0	0	0	0	0.97	0	0	0	0	0	0	0	0	0.1	23.52
NA11830	0	0	0	0	0	0	0.14	0	0	0	0.94	0	0.08	0	0	0	0.08	0	0	0.76	25.7
HG00126	0	0	0	0	0	0	0	0	0	0	0.48	0	0.7	0	0	0	0	0	0	0.82	26.38
NA20813	0	0	0	0	0	0	0	0	0	0	0.86	0	0.17	0	0	0	0	0	0	0.97	25.7
NA11994	0	0	0	0	0	0	0	0	0	0.01	0.84	0.96	0.13	0	0	0	0	0	0	0.06	27.53
NA19209	0	0	0	0	0	0	0	0	0	0.97	0.47	0	0	0	0	0	0	0	0	0.56	25.94
HG00255	0	0	0	0	0	0	0.01	0	0	0	0.24	0	0	0	0	0	0	0	0	1.75	24.73
NA19225	0	0	0	0	0	0	0	0	0	0.97	0.97	0	0	0	0	0	0	0	0	0.06	26.44
NA20532	0	0	0	0	0	0	0.97	0	0	0.96	0	0.01	0	0	0	0	0	0	0	0.06	24.51
NA18923	0	0	0	0	0	0	0	0	0	0	0.97	0	0	0	0	0	0	0	0	1.03	25.47
NA20812	0	0	0	0	0	0	0	0.32	0	0.65	0	0.01	0.01	0	0	0	0	0	0	1.01	25.19
HG00250	0	0	0	0	0	0	0	0	0	0	1.01	0	0	0	0	0	0	0	0	0.99	25.51
HG00256	0	0	0	0	0	0.97	0.01	0	0	0	0	0	0	0	0	0	0	0	0	1.02	23.52
HG00262	0	0	0	0	0	0	0.09	0	0	0	1.17	0	0.06	0	0	0	0	0	0	0.68	25.7
NA12348	0	0	0	0	0	0	0	0	0	0	0	0.97	0	0	0	0	0	0	0	1.03	26.44
NA18858	0	0.97	0	0	0	0	0	0	0	0.97	0	0	0	0	0	0	0	0	0	0.06	22.56
NA20754	0	0	0	0	0	0	0	0	0	0	0.9	0	0.01	0	0	0	0	0	0	1.09	25.42
NA12775	0	0	0	0	0	0	0	0	0	0	1.51	0	0	0	0	0	0	0	0	0.49	26.01
NA20510	0	0	0	0	0	0	0	0.97	0	0	0.1	0	0.87	0	0	0	0	0	0	0.06	26.34
NA11930	0	0	0.78	0	0	0	0	0	0	0	0.96	0	0.19	0	0	0	0.01	0	0	0.06	23.53
NA19138	0	0	0	0	0	0	0	0	0	0	0	0	1.93	0	0	0	0	0	0	0.07	28.36
NA18499	0	0	0	0	0	0.96	0	0.01	0	0	0	0	0.97	0	0	0	0	0	0	0.06	25.48
NA19093	0	0	0	0	0	0	0	0.97	0	0	0	0	0	0	0	0	0	0	0	1.03	24.5
HG00367	0	0	0	0	0	0	0	0	0	0.97	0.02	0	0	0	0	0	0	0	0	1.01	25.49
NA19108	0	0	0.02	0	0	0	0.03	0	0	0.97	0.29	0	0.16	0	0	0	0.02	0	0	0.51	26.05
NA19200	0	0	0	0	0	0	0	0	0	0	0.78	0	1.12	0	0	0	0.04	0	0	0.06	27.64
HG00278	0	0	0	0	0	0.09	0	0.1	0	0.7	0.93	0.09	0	0	0	0	0	0	0	0.09	26.22
HG00309	0	0	0	0	0	0	0	0.02	0	0.93	0	0.03	0	0	0	0	0	0	0	1.02	25.49
HG00139	0	0	0	0	0	0	0	0	0	0	0.36	0	0.46	0	0	0	0.05	0	0	1.13	25.93
NA19098	0	0	0	0	0	0	0	0	0	0	0.22	0	0.79	0	0	0	0	0	0	0.99	26.3
HG00271	0	0	0	0	0	0	0	0	0	0	0	0	0	0	0	0	0	0	0	2.0	24.5
NA20520	0	0	0	0	0	0	0	0	0	0	1.91	0	0	0	0	0	0	0	0	0.09	26.41
HG00246	0	0	0	0	0	0	0	0.02	0	0.95	0.02	0	0	0	0	0	0	0	0.28	0.73	26.59
NA12045	0	0	0	0	0	0	0	0	0	0	0	0	0.01	0	0	0	0	0	0	1.99	24.52
NA12889	0	0	0	0	0	0	0.97	0	0	0	0	0	0	0	0	0	0	0	0	1.03	23.53
HG00276	0	0	0	0	0	0	0	0	0	0	1.45	0	0.39	0	0	0	0	0	0	0.16	26.73
NA12830	0	0	0	0	0	0	0	0.35	0	0.62	0	0	0.97	0	0	0	0	0	0	0.06	27.06
NA18519	0	0	0	0	0	0	0	0	0	0.97	0.97	0	0	0	0	0	0	0	0	0.06	26.44
NA06984	0	0	0	0	0	0	0	0	0.02	0	0.86	0	0.03	0	0	0	0	0	0.1	0.99	25.82
HG00320	0	0	0	0	0	0	0.04	0	0	0	1.29	0	0.08	0	0	0	0.08	0	0	0.51	26.15
NA19223	0	0.02	0	0.02	0	0	0	0	0	0	0	0	0.97	0	0	0	0	0	0	0.99	26.34
NA19107	0	0	0	0	0	0	0	0	0	0	1.08	0	0.85	0	0	0	0	0	0	0.07	27.28
HG00382	0	0	0	0	0	0	0	0	0	0	0.97	0	0	0	0	0	0	0	0	1.03	25.47
HG00119	0	0	0	0	0	0	0	0	0	0.36	0.13	0.61	0	0	0	0	0	0	0	0.9	26.21
