	7	8	9	9	9.25	10	11	12	12	14	13	Beta
NA19131	0.02	0.57	0.2	0	0	0.99	0.03	0.18	0	0	0.01	19.02
NA19198	0	0.98	0.01	0	0	0.9	0.05	0.02	0	0	0.04	18.24
HG00273	0	0	0.04	0	0	0.08	1.77	0.07	0	0	0.04	21.99
HG00150	0	0.01	0	0	0	0.95	0.02	0.26	0	0.07	0.69	22.87
HG00145	0	0.98	0.01	0	0	0.86	0.08	0.04	0	0	0.03	18.28
HG00339	0	0	0	0	0	0.98	0.98	0	0	0	0.04	21.1
HG00102	0	0	0	0	0	0.95	0.97	0.05	0	0	0.03	21.16
NA18523	0	0.01	1.09	0	0	0.85	0.02	0.01	0	0	0.02	18.99
HG00346	0	0	0	0	0	0.91	0.5	0.44	0	0	0.15	21.83
NA12249	0	0	0	0	0	0.14	0	0.29	0	0.98	0.59	26.27
HG00266	0	0.97	0.02	0	0	0	0.98	0	0	0	0.03	19.11
NA12413	0	0	0.99	0	0	0.2	0.78	0	0	0	0.03	19.88
NA19236	0	0.63	0.36	0	0	0.98	0	0.01	0	0	0.02	18.46
NA20544	0	0	0	0	0	0.02	1.05	0.8	0	0	0.13	23.04
NA19204	0	0	0	0	0	1.97	0	0	0	0	0.03	20.09
HG00103	0	0	0.6	0	0	0.69	0.2	0.49	0	0	0.02	20.64
NA20582	0	0.98	0.06	0	0	0.92	0.01	0	0	0	0.03	18.08
NA19172	0	0.74	0.25	0	0	0	0	0.98	0	0	0.03	20.32
NA20815	0	1.97	0	0	0	0	0	0	0	0	0.03	16.15
HG00375	0	0.09	0.75	0	0	0.21	0.2	0.55	0	0	0.2	20.97
NA18933	0	0	0	0	0	0.78	0.21	0.98	0	0	0.03	22.26
HG00245	0	0	0.98	0	0	0.98	0	0	0	0	0.04	19.14
HG00319	0	0	0.05	0	0	1.67	0.22	0.03	0	0	0.03	20.32
NA12155	0	0.98	0	0	0	0.98	0	0	0	0	0.04	18.16
NA12749	0	0.98	0	0	0	0	0	0.27	0	0.05	0.7	20.88
HG00341	0	0	0.98	0	0	0	0.98	0	0	0	0.04	20.12
NA20771	0	0	0.02	0	0	1.02	0.54	0.39	0	0	0.03	21.39
NA20761	0	0.98	0	0	0	0	0.01	0.98	0	0	0.03	20.1
NA12341	0	0.01	0.04	0	0	1.36	0.22	0.35	0	0	0.02	20.92
HG00380	0	0	0	0	0	0	0.99	0.98	0	0	0.03	23.04
NA12763	0	0	0.98	0	0	0.98	0.01	0	0	0	0.03	19.12
NA18917	0	0.98	0	0	0	0.97	0.02	0.01	0	0	0.02	18.14
HG00116	0	0	0.98	0	0	0.99	0	0	0	0	0.03	19.11
HG00260	0	1.72	0	0	0	0	0	0.25	0	0	0.03	17.15
NA18907	0	0.97	0.02	0	0	0.45	0.53	0	0	0	0.03	18.66
NA20770	0	0	0	0	0	0.01	1	0.97	0	0	0.02	23.0
NA20807	0	1.84	0.02	0	0	0	0.11	0	0	0	0.03	16.5
NA20796	0	0.96	0.06	0	0	0.91	0.03	0.02	0	0	0.02	18.15
NA19160	0	0	0.49	0	0	1.47	0.01	0	0	0	0.03	19.61
NA20810	0	0	0.33	0	0	0.67	0.39	0.48	0	0	0.13	21.41
NA20787	0	0.05	0.48	0	0	1.44	0.01	0	0	0	0.02	19.49
NA07347	0	0	0.91	0	0	0.07	0.08	0.9	0	0	0.04	21.09
HG00101	0	0	0	0	0	1.97	0	0	0	0	0.03	20.09
HG00160	0.03	0.95	0	0	0	0.98	0	0	0	0	0.04	18.13
HG00251	0	0	1	0	0	0.8	0.02	0.1	0	0	0.08	19.46
HG00146	0	0	0	0	0	0.78	0.96	0.24	0	0	0.02	21.5
NA20819	0	0.98	0.16	0	0	0.73	0.1	0	0	0	0.03	18.07
NA12778	0	0	0	0	0	0.05	0.13	1.8	0	0	0.02	23.79
NA12890	0	0	0.01	0	0	0.04	1.43	0.46	0.02	0	0.04	22.5
NA20535	0	0	0	0	0	0.94	0.53	0.5	0	0	0.03	21.62
NA19116	0	0.03	0	0	0	0.13	0.04	0.86	0	0	0.94	24.52
NA20506	0	0.98	0	0	0	0.95	0.02	0.02	0	0	0.03	18.19
HG00330	0	0	0	0	0	0.98	0.98	0.01	0	0	0.03	21.09
HG00189	0	0.02	0	0	0.07	1.05	0.26	0.55	0	0	0.05	21.4175
HG00233	0	0	0.1	0	0	1.87	0.01	0	0	0	0.02	19.97
NA12546	0	0.03	0.95	0	0	0.04	0.29	0.57	0	0	0.12	20.78
NA19129	0	0	0	0	0	1.97	0	0	0	0	0.03	20.09
NA20525	0	0	0.07	0	0	1.86	0	0.04	0	0	0.03	20.1
NA19144	0	0	0.1	0	0	0.88	0.99	0	0	0	0.03	20.98
NA12058	0	0	1.75	0	0	0.22	0.01	0	0	0	0.02	18.32
NA20516	0	0	0.07	0	0	0.13	0.38	1.24	0	0	0.18	23.33
NA20797	0	0.02	0.98	0	0	0	0.09	0.13	0	0.36	0.42	22.03
HG00178	0	0.02	0	0	0.96	0.13	0.38	0.45	0	0.01	0.05	20.71
NA11832	0	0.52	0.47	0	0	0	0	0	0	0.01	1.0	21.53
NA18520	0	0	0.98	0	0	0.98	0	0	0	0	0.04	19.14
HG00263	0	0.02	1.95	0	0	0	0	0	0	0	0.03	18.1
HG00127	0	0	0.28	0	0	0.05	0.8	0.84	0	0	0.03	22.29
HG00326	0	0.01	0.02	0	0	0.98	0.63	0.29	0	0.04	0.03	21.42
NA20531	0	0	0.01	0	0	1.21	0.02	0.74	0	0	0.02	21.55
HG00310	0	0	0.1	0	0	0.68	1.03	0.15	0	0	0.04	21.35
HG00378	0	0	0.98	0	0	0	0.98	0	0	0	0.04	20.12
NA12342	0.01	1.94	0.03	0	0	0	0	0	0	0	0.02	16.12
NA19206	0.01	0.95	0.03	0	0	0.98	0	0	0	0	0.03	18.13
NA20752	0	0	0.96	0.02	0	0.64	0.16	0.18	0	0	0.04	19.66
HG00157	0	0	0.98	0	0	0	0	0.98	0	0	0.04	21.1
HG00258	0	0.01	0.01	0	0	0.02	0.94	1	0	0	0.02	22.97
HG00177	0	0.02	0.49	0	0	0.98	0.41	0.08	0	0	0.02	20.1
HG00353	0	0	0	0	0	1	0.03	0.92	0	0	0.05	22.02
NA19114	0	0	0.49	0	0	1.47	0.01	0	0	0	0.03	19.61
HG00131	0	0	0.02	0	0	1.95	0.01	0	0	0	0.02	20.05
HG00372	0	0	0.03	0	0	0.52	0.35	0.96	0	0.11	0.03	22.77
NA19092	0	0	0	0	0	0.98	0.98	0	0	0	0.04	21.1
NA10847	0.66	0.33	0.53	0	0	0.36	0.1	0	0	0	0.02	16.99
HG00277	0	0	0	0	0	0.51	0.48	0.98	0	0	0.03	22.53
NA18510	0	0.98	0.98	0	0	0	0	0	0	0	0.04	17.18
NA12399	0	0.02	0	0	0	0.85	0.93	0.19	0	0	0.01	21.3
HG00327	0	0.98	0.98	0	0	0	0	0	0	0	0.04	17.18
NA19247	0	0.98	0	0	0	0.98	0	0	0	0	0.04	18.16
HG00332	0	0	0.48	0	0	1.48	0.01	0	0	0	0.03	19.62
NA18504	0	0.98	0	0	0	0.98	0	0	0	0	0.04	18.16
HG00252	0	0	0	0	0	0	1.66	0.31	0	0	0.03	22.37
HG00238	0	0	0	0	0	0	0.51	1.46	0	0	0.03	23.52
HG00342	0	0	0.01	0	0	0.98	0.25	0.25	0	0	0.51	22.27
NA20581	0	0	0.03	0	0	1.93	0	0	0	0	0.04	20.09
HG00268	0	0	0	0	0	1.97	0	0	0	0	0.03	20.09
HG00154	0	0	0.51	0	0	0.62	0.12	0.45	0	0	0.3	21.41
HG00371	0	0	0.02	0	0	0.63	0.04	0.17	0	0.96	0.18	24.74
NA18870	0	0.09	0.43	0	0	0.46	0	1	0	0	0.02	21.45
NA20505	0	0	0.02	0	0	0.59	1.37	0	0	0	0.02	21.41
NA20538	0.02	0.97	0	0	0	0	0.33	0.65	0	0	0.03	19.72
HG00182	0	0	0	0	0	0.82	0.03	1.12	0	0	0.03	22.36
NA19207	0	0.99	0.25	0	0	0.34	0.21	0.15	0	0.01	0.05	18.47
HG00373	0	0.98	0.98	0	0	0	0	0	0	0	0.04	17.18
NA20800	0	0.98	0.07	0	0	0.55	0.35	0.03	0	0	0.02	18.44
HG00151	0	0	0.05	0	0	0.73	1.1	0.09	0	0	0.03	21.32
NA11829	0	0	0.51	0	0	1.45	0	0.02	0	0	0.02	19.59
HG00324	0	0	1.97	0	0	0	0	0	0	0	0.03	18.12
HG00120	0	0.01	0.72	0	0	0.25	0.08	0.9	0	0	0.04	21.26
NA12828	0	0.01	0.01	0	0	0.03	0.21	1.7	0.01	0	0.03	23.69
NA12777	0.66	1.31	0	0	0	0	0	0	0	0	0.03	15.49
NA20539	0	1.74	0.23	0	0	0	0	0	0	0	0.03	16.38
NA19213	0	0	0.01	0	0	1.83	0.09	0.04	0	0	0.03	20.25
NA19147	0	0.98	0	0	0	0.98	0	0	0	0	0.04	18.16
HG00379	0	0.98	0	0	0	0.96	0.02	0.02	0	0	0.02	18.16
HG00158	0	0	0.98	0	0	0.28	0.2	0.52	0	0	0.02	20.32
HG00329	0	0	0	0	0	1.78	0.19	0.01	0	0	0.02	20.27
HG00344	0	0	0.32	0	0	0.87	0.72	0.04	0	0	0.05	20.63
NA11931	0.06	0.93	0	0	0	0.11	0.88	0	0	0	0.02	18.9
HG00142	0	0	0.98	0	0	0.34	0.28	0.27	0	0.03	0.1	20.26
HG00100	0	0.98	0.98	0	0	0	0	0	0	0	0.04	17.18
NA12843	0	0	1.02	0	0	0.94	0	0.01	0	0	0.03	19.09
NA18909	0	0.98	0	0	0	0.98	0	0	0	0	0.04	18.16
HG00243	0	0	1.04	0	0	0.66	0.26	0.01	0	0	0.03	19.33
NA20806	0	0.98	0.44	0	0	0.54	0.02	0	0	0	0.02	17.68
NA20768	0	0.98	0.48	0	0	0.51	0	0	0	0	0.03	17.65
HG00123	0	0.29	0.59	0	0	0.13	0.96	0.01	0	0	0.02	19.87
NA20529	0	0	0.01	0	0	0.64	0.35	0.02	0	0	0.98	23.32
HG00122	0	0.47	0.97	0	0	0.52	0.01	0	0	0	0.03	18.19
NA18853	0	0	0.17	0	0	1.8	0	0	0	0	0.03	19.92
NA19189	0	0	0.02	0	0	1.73	0.03	0.2	0	0	0.02	20.47
HG00148	0	0	0	0	0	1.81	0.04	0.06	0	0.02	0.07	20.45
HG00171	0	0	0.08	0	0.02	1.3	0.12	0.45	0	0	0.03	21.015
HG00331	0	0	0.16	0	0	0.3	0.43	0.9	0	0.05	0.16	22.75
HG00381	0	0	0	0	0	0.75	0.95	0.28	0	0	0.02	21.57
NA18856	0	0	0	0	0	0.98	0	0.98	0	0	0.04	22.08
HG00345	0	0	0	0	0	0.97	0.02	0.98	0	0	0.03	22.07
NA18861	0	0	0	0	0	0	0.98	0.98	0	0	0.04	23.06
HG00185	0	0.98	0	0	0	0.98	0	0	0	0	0.04	18.16
NA07051	0.03	0.96	0	0	0	0	0.98	0	0	0	0.03	19.06
NA20527	0	0	0.57	0	0	0.42	0.01	0.98	0	0	0.02	21.46
NA20783	0	0.01	0.98	0	0	0.02	0.63	0.3	0	0	0.06	20.41
NA19137	0	0	0	0	0	1.87	0.1	0	0	0	0.03	20.19
NA19201	0	0	0	0	0	1.95	0.01	0.01	0	0	0.03	20.12
NA18488	0.02	0.83	0.05	0	0	0.92	0.1	0.05	0	0	0.03	18.52
HG00311	0	1.7	0.01	0	0	0	0.27	0	0	0	0.02	16.92
HG00337	0	0.39	0.77	0	0	0.18	0.63	0	0	0	0.03	19.17
HG00257	0	0	0	0	0	1.02	0.05	0.07	0	0	0.86	22.77
HG00136	0	0.98	0.98	0	0	0	0	0	0	0	0.04	17.18
NA20826	0	0	0.97	0	0	0.46	0.46	0.09	0	0	0.02	19.73
NA20518	0	1.97	0	0	0	0	0	0	0	0	0.03	16.15
NA20786	0	0	0.01	0	0	0.93	1.02	0.02	0	0	0.02	21.11
NA20760	0	0	0.52	0	0	1.43	0.03	0	0	0	0.02	19.57
HG00114	0	0	0.72	0	0	0.89	0.36	0.01	0	0	0.02	19.72
HG00117	0	0	0.01	0	0	1.8	0.17	0	0	0	0.02	20.22
NA20534	0	0	0	0	0	0.05	0.29	1.07	0	0.43	0.16	24.63
NA20809	0	0	0	0	0	0.09	0.33	1.55	0	0	0.03	23.52
NA12273	0	0.01	0	0	0	0.99	0.1	0.88	0	0	0.02	21.9
NA20808	0	0.98	0	0	0	0	0.2	0.77	0	0	0.05	19.93
NA19197	0	0	0	0	0	1.97	0	0	0	0	0.03	20.09
NA11918	0	0.01	0.01	0	0	0.03	1.29	0.58	0	0	0.08	22.66
NA20509	0	0.5	0.49	0	0	0	0	0	0	0	1.01	21.54
NA20757	0	0.9	0.05	0	0	0.98	0.04	0	0	0	0.03	18.28
HG00125	0	0	1.11	0	0	0.75	0.12	0.01	0	0	0.01	19.06
NA11894	0	0	0.02	0	0	0.97	0.06	0.93	0	0	0.02	21.96
NA18517	0.34	0.65	0.01	0	0	0	0.98	0	0	0	0.02	18.71
NA20798	0	0	0	0	0	0.98	0.01	0.45	0	0.09	0.47	22.68
NA20588	0	0	0.03	0	0	0.9	0.68	0.29	0	0	0.1	21.53
HG00285	0	0	0	0	0	1.31	0.03	0.38	0	0	0.28	21.63
NA19153	0	0	0	0	0	1.97	0	0	0	0	0.03	20.09
NA20804	0	0	0.19	0	0	0	0.62	0.72	0	0	0.47	23.28
HG00306	0	0	0.98	0	0	0	0.98	0	0	0	0.04	20.12
NA19210	0	0	0	0	0	0.02	1.95	0.01	0	0	0.02	22.03
NA18908	0	0	0	0	0	0.98	0.98	0	0	0	0.04	21.1
NA20585	0	0.01	0	0	0	1.01	0.1	0.86	0	0	0.02	21.86
NA20543	0	0.96	0.03	0	0	0.86	0.07	0.07	0	0	0.01	18.29
NA20508	0	0	0.5	0	0	0.49	0.98	0	0	0	0.03	20.57
NA18916	0	0.01	0.25	0	0	0.34	0.21	1.13	0	0.01	0.05	22.39
NA20799	0	0	0.31	0	0.9	0.74	0.02	0.01	0	0	0.02	19.115
NA19235	0	0.09	0.43	0	0	0.46	0.98	0.02	0	0	0.02	20.47
HG00240	0	0	0.01	0	0	1.96	0	0	0	0	0.03	20.08
NA20765	0	0	0.01	0	0	0.35	0.44	1.18	0	0	0.02	22.85
NA18516	0	0.98	0	0	0	0.13	0.86	0	0	0	0.03	18.99
NA20801	0	0.98	0.98	0	0	0.01	0	0	0	0	0.03	17.15
NA18867	0	0	0	0	0	0.98	0.98	0	0	0	0.04	21.1
NA20524	0	1.97	0	0	0	0	0	0	0	0	0.03	16.15
HG00323	0	0	0.98	0	0	0.02	0.46	0.52	0	0	0.02	20.58
NA20589	0	0	0.02	0	0	0.25	1.61	0	0	0	0.12	21.95
NA11893	0	0.9	0.08	0	0	0.07	0	0.14	0	0	0.81	20.83
NA20502	0	0	0.05	0	0	1.04	0.73	0.1	0	0	0.08	21.12
HG00282	0	0.98	0	0	0	0	0	0.98	0	0	0.04	20.12
NA19171	0	0	0	0	0	0.98	0.98	0	0	0	0.04	21.1
NA12761	0	0	0.97	0	0	0.02	0	0.79	0	0.09	0.13	21.36
NA20795	0	0	0.98	0.01	0	0.94	0	0.05	0	0	0.02	19.17
NA19238	0	0	0	0	0	1.43	0.54	0	0	0	0.03	20.63
NA19159	0	0	0	0	0	1.41	0.56	0	0	0	0.03	20.65
HG00366	0	0	0.11	0	0	0.9	0.58	0.34	0	0.01	0.06	21.37
NA11992	0	0	0.53	0	0	0.13	0.11	1.21	0	0	0.02	22.06
HG00141	0	0.02	0.81	0	0	1.15	0	0	0	0	0.02	19.21
NA18873	0	0	0.01	0	0	1.96	0.01	0	0	0	0.02	20.06
HG00336	0.98	0	0	0	0	0.97	0.02	0	0	0	0.03	17.17
NA06994	0	0	0.98	0	0	0.98	0	0	0	0	0.04	19.14
NA19190	0	0.88	0.02	0	0	0.09	0	0.98	0	0	0.03	20.27
HG00186	0	0	0	0	0	0.31	0.03	0.85	0	0	0.81	24.16
NA20805	0	0	1.57	0	0	0.38	0	0.01	0	0	0.04	18.57
HG00325	0	0	0	0	0	0.49	1.06	0.18	0	0	0.27	22.23
NA20766	0	0	0.02	0	0	0.63	0.33	0.03	0	0	0.99	23.34
HG00183	0	0.98	0	0	0	0	0.98	0	0	0	0.04	19.14
NA12827	0.05	0.93	0	0	0	0.97	0.02	0.01	0	0	0.02	18.09
NA12400	0	0.3	0.7	0	0	0.72	0.21	0.05	0	0	0.02	19.07
NA12760	0	0	0	0	0	0.98	0.79	0.2	0	0	0.03	21.28
NA20540	0	1.97	0	0	0	0	0	0	0	0	0.03	16.15
NA20772	0	0.74	0.25	0	0	0.98	0	0.01	0	0	0.02	18.35
NA07056	0	0	0.07	0	0	0.76	1.14	0	0	0	0.03	21.16
NA12154	0	0	0.01	0	0	1.71	0.25	0	0	0	0.03	20.33
HG00149	0	0	0.65	0	0	0.5	0.09	0.5	0	0	0.26	21.22
NA18912	0	0	0.98	0	0	0.97	0.01	0.01	0	0	0.03	19.14
HG00343	0	0	0.12	0	0	0.84	0.75	0.27	0	0	0.02	21.23
NA19130	0	0	0.01	0	0	1.95	0.01	0	0	0	0.03	20.09
NA12286	0	1.62	0.35	0	0	0	0	0	0	0	0.03	16.5
NA12340	0	0	0.01	0	0	0.98	0	0.02	0	0	0.99	23.0
HG00118	0	0	0.98	0	0	0	0.98	0.01	0	0	0.03	20.11
HG00275	0	0	0	0	0	1.79	0.15	0.04	0	0	0.02	20.29
NA19143	0	0	0	0	0	0.93	0.05	1	0	0	0.02	22.11
HG00280	0	0.01	0.01	0	0	0.35	0.64	0.92	0	0.01	0.06	22.67
NA12383	0	0.98	0	0	0	0	0.03	0.55	0	0	0.44	20.49
NA12717	0	0.98	0	0	0	0	0	0.98	0	0	0.04	20.12
NA20814	0	0	0.77	0	0	0.22	0.98	0	0	0	0.03	20.3
NA18501	0	0	0.98	0	0	0.98	0	0	0	0	0.04	19.14
HG00231	0	0	0.98	0	0	0.98	0	0	0	0	0.04	19.14
HG00242	0	0	0	0	0	0	1.8	0.17	0	0	0.03	22.23
NA18486	0	0	0	0	0	0.12	0.87	0.98	0	0	0.03	22.92
HG00274	0	0	0.07	0	0	1.83	0.05	0.02	0	0	0.03	20.11
HG00335	0	0.98	0.25	0	0	0.67	0.05	0.03	0	0	0.02	17.96
HG00259	0	0	0.95	0	0	0.03	0.98	0	0	0	0.04	20.15
NA20530	0	0	0	0	0	0.01	0.92	1.02	0	0	0.05	23.11
HG00096	0	0	0.98	0	0	0.88	0.09	0.02	0	0	0.03	19.24
NA18871	0	0.01	0.26	0	0	1.29	0.22	0.16	0	0.01	0.05	20.45
NA20802	0	1.97	0	0	0	0	0	0	0	0	0.03	16.15
HG00236	0.98	0	0	0	0	0.98	0.01	0	0	0	0.03	17.16
NA11920	1	0.97	0	0	0	0	0	0	0	0	0.03	15.15
HG00239	0	0.98	0	0	0	0.98	0	0	0	0	0.04	18.16
HG00265	0	0	0.01	0	0	0.5	0.1	1.37	0	0	0.02	22.89
HG00115	0	0	0.98	0	0	0	0	0.98	0	0	0.04	21.1
HG00244	0	0	0.36	0	0	0.63	0.49	0.49	0	0	0.03	21.2
NA18868	0	0.24	0.2	0	0	1.12	0.27	0.12	0	0	0.05	19.98
HG00110	0	0.02	0	0	0	0.04	0.69	1.17	0	0	0.08	23.23
HG00181	0	0.05	0.73	0	0	0.41	0.22	0.51	0	0	0.08	20.65
HG00187	0	0	0.12	0	0	0.94	0.28	0.38	0	0	0.28	21.76
HG00188	0	0	0	0	0	0.98	0.32	0.25	0	0	0.45	22.17
NA20542	0	0	0.3	0	0	0	0.68	0.98	0	0	0.04	22.46
HG00264	0	0.98	0.01	0	0	0.05	0.01	0.93	0	0	0.02	19.96
HG00315	0	1.97	0	0	0	0	0	0	0	0	0.03	16.15
HG00376	0	1.03	0	0	0	0.13	0.39	0.4	0	0	0.05	19.28
NA20811	0	0	0.12	0	0	0.87	0.98	0.01	0	0	0.02	20.94
NA20785	0	0	0.98	0	0	0.3	0.3	0.27	0	0.12	0.03	20.43
HG00176	0	0.98	0.02	0	0	0.66	0.25	0.07	0.01	0	0.01	18.46
NA18507	0	0	0	0	0	1.16	0.81	0	0	0	0.03	20.9
HG00261	0	0	0	0	0	1.97	0	0	0	0	0.03	20.09
HG00179	0	0	0.09	0	0	0.93	0.29	0.64	0	0	0.05	21.63
NA12776	0	0	0	0	0	0.98	0.89	0.1	0	0	0.03	21.18
NA20758	0	0.98	0	0	0	0.92	0.07	0	0	0	0.03	18.2
NA18498	0	0	0.03	0	0	1.91	0.03	0.02	0	0	0.01	20.07
HG00321	0	0	0	0	0	0.77	0.15	0.08	0	0	1.0	23.31
HG00313	0	0.98	0	0	0	0	0.98	0	0	0	0.04	19.14
HG00174	0	0	0	0	0	1.92	0.04	0.01	0	0	0.03	20.15
NA12287	0	0	0	0	0	1.88	0.05	0.03	0	0	0.04	20.23
NA20756	0	0	0.09	0	0	1.55	0.05	0.26	0.03	0	0.02	20.6
HG00180	0	0.98	0	0	0	0	0.81	0.01	0	0	0.2	19.47
NA19257	0	0.98	0	0	0	0	0	0.98	0	0	0.04	20.12
HG00112	0	0.98	0	0	0	0	0.98	0.01	0	0	0.03	19.13
NA20586	0.02	0.96	0.33	0	0	0.59	0.02	0.05	0	0	0.03	17.9
NA12347	0	0.98	0	0	0	0	0.14	0.82	0	0	0.06	20.0
NA20517	0	0.98	0.12	0	0	0.57	0.3	0.01	0	0	0.02	18.3
HG00384	0	0	0	0	0	0.02	1.47	0.48	0	0	0.03	22.52
NA12283	0	0.98	0.02	0	0	0.96	0	0.01	0	0	0.03	18.13
NA11843	0	0	0	0	0	0	0.82	1.15	0	0	0.03	23.21
NA20778	0	0.93	0.06	0	0	0.5	0	0.49	0	0	0.02	19.12
NA20541	0	0	0.4	0	0	0.43	0.06	1.07	0	0	0.04	21.92
HG00267	0	0	0	0	0	0.11	0.38	0.58	0	0	0.93	24.33
NA19102	0	0.98	0.98	0	0	0	0	0	0	0	0.04	17.18
NA12272	0	0	0.9	0	0	0.08	0.94	0.04	0	0	0.04	20.24
NA19141	0	0.98	0	0	0	0.97	0.02	0	0	0	0.03	18.15
NA07048	0	0	0.98	0	0	0.98	0	0	0	0	0.04	19.14
NA20769	0	0	0.24	0	0	0.75	0.65	0.34	0	0	0.02	21.15
NA20773	0	0	0	0	0	0	0.01	0.54	0	0.98	0.47	26.42
HG00328	0	0.48	0.51	0	0	0.86	0.13	0	0	0	0.02	18.72
HG00106	0	0	0.37	0	0	1.43	0.13	0.05	0	0	0.02	19.92
HG00361	0	0.01	0	0	0.02	0.84	0.18	0.79	0	0	0.16	22.205
HG00253	0	0	0.69	0	0	0.49	0.16	0.01	0	0	0.65	21.44
HG00155	0	0	0	0	0	0.66	0.55	0.75	0	0	0.04	22.17
NA20792	0	0	0.01	0	0	0.17	1.3	0.46	0	0	0.06	22.39
NA20759	0	0.79	0.2	0	0	0	0.02	0.06	0	0	0.93	21.15
NA18934	0	0.01	0.25	0	0	1.32	0.21	0.15	0	0.01	0.05	20.43
NA11840	0	0	0	0	0	0	0.02	0.97	0	0	1.01	24.99
HG00109	0	0	0	0	0	0	0.17	0.82	0	0.98	0.03	25.82
NA18511	0	0.01	1.24	0	0	0.32	0.21	0.16	0	0.01	0.05	19.46
HG01334	0.68	0.31	0.98	0	0	0	0	0	0	0	0.03	16.45
NA12842	0	0	0.98	0	0	0.98	0	0	0	0	0.04	19.14
HG00338	0	0	0.12	0.02	0	1.5	0.24	0.11	0	0	0.01	20.35
HG00269	0	0	0	0	0	0	1.95	0.02	0	0	0.03	22.08
HG00173	0.01	0.98	0	0	0	0	0.88	0.11	0	0	0.02	19.17
NA06986	0	0	0.14	0	0	0.91	0.24	0.43	0	0.08	0.2	21.88
NA12003	0	0.98	0	0	0	0	0.28	0.71	0	0	0.03	19.83
NA20774	0	0	0.81	0	0	0.12	0.05	0.57	0	0.36	0.09	22.09
NA20828	0	0	0	0	0	0.98	0.17	0.82	0	0	0.03	21.9
HG00284	0	0	0	0	0	0.86	0.71	0.39	0	0	0.04	21.61
NA12750	0.98	0	0	0	0	0.91	0.02	0.03	0	0	0.06	17.32
NA18522	0	0	0	0	0	0.05	0.95	0.98	0	0	0.02	22.97
NA12275	0	0	0.98	0	0	0.33	0.65	0	0	0	0.04	19.79
NA20528	0	0.98	0	0	0	0	0.98	0	0	0	0.04	19.14
NA18910	0	0.9	1	0	0	0.07	0	0	0	0	0.03	17.29
HG00272	0	0.98	0	0	0	0	0.25	0.73	0	0	0.04	19.87
HG00138	0.02	0.97	0	0	0	0.01	0.06	0.93	0	0	0.01	19.95
HG00159	0	0	0.99	0	0	0.79	0.2	0	0	0	0.02	19.27
HG00108	0	0	0.02	0	0	0.59	0.47	0.9	0	0	0.02	22.31
NA19256	0	0.09	0.43	0	0	1.44	0	0.02	0	0	0.02	19.49
HG00111	0	0.01	0.02	0	0.01	1	0.43	0.43	0	0.04	0.06	21.5825
HG00143	0	0	0	0	0	0.91	1	0.03	0	0	0.06	21.24
NA19119	0	0	0.01	0	0	1.87	0.05	0.05	0	0	0.02	20.2
NA12751	0	0	0	0	0	0	0.58	1.39	0	0	0.03	23.45
HG00121	0.79	1.18	0	0	0	0	0	0	0	0	0.03	15.36
NA20515	0.06	0.93	0	0	0	0.49	0.5	0	0	0	0.02	18.52
NA20512	0	0	0.59	0	0	1.08	0.27	0.04	0	0	0.02	19.82
NA06989	0	0	0.98	0	0	0.02	0	0.03	0	0	0.97	21.99
HG00281	0	0.04	0	0	0	1.15	0.22	0.5	0	0	0.09	21.41
HG00383	0	0.02	0.81	0	0	0.63	0.34	0.17	0	0	0.03	19.92
NA12716	0	0	0.01	0	0	0.01	0.33	0.98	0	0.36	0.31	24.65
NA12718	0	0	0	0	0	0.42	0.22	1.33	0	0	0.03	22.97
HG00137	0	0	0.92	0	0	1.01	0.02	0.03	0	0	0.02	19.22
NA20790	0	0.98	0	0	0	0.98	0	0	0	0	0.04	18.16
NA18489	0	0	0.45	0	0	1.52	0	0.01	0	0	0.02	19.63
HG00334	0	0.03	0	0	0	0.83	0.33	0.72	0	0	0.09	21.98
NA20803	0	0.97	0.21	0	0	0.66	0.09	0.07	0	0	0.0	18.08
NA11892	0	0	0.95	0	0	0.02	1	0	0	0	0.03	20.14
HG00232	0.04	0.95	0	0	0	0.98	0.01	0	0	0	0.02	18.05
HG00369	0	0.01	0	0	0	0.02	1.69	0.25	0	0	0.03	22.26
NA19152	0	0	0	0	0	0.97	0.01	0.99	0	0	0.03	22.08
NA07037	0	0	0.98	0	0	0.01	0.86	0.12	0	0	0.03	20.21
NA11831	0	0.95	0.04	0	0	0.98	0	0	0	0	0.03	18.15
HG00133	0	0	0.49	0	0	1.48	0	0	0	0	0.03	19.6
NA19248	0	0	0	0	0	0	0.98	0.98	0	0	0.04	23.06
NA11830	0	0.82	0.17	0	0	0	0	0.23	0	0.31	0.47	21.3
HG00126	0	0	0	0	0	0.02	0.46	1.47	0	0	0.05	23.55
NA20813	0	0	0	0	0	0	0.98	0.98	0	0	0.04	23.06
NA11994	0	0	0.98	0	0	0.02	0.29	0.54	0	0	0.17	20.9
NA19209	0	0.98	0	0	0	0.99	0	0	0	0	0.03	18.13
HG00255	0	0	0	0	0	0.98	0.98	0	0	0	0.04	21.1
NA19225	0	0	0	0	0	0.33	1.63	0.01	0	0	0.03	21.74
NA20532	0	0	0.01	0	0	0.68	0.96	0.27	0	0	0.08	21.73
NA18923	0	0.24	0.2	0	0	1.22	0.16	0.12	0	0	0.06	19.9
NA20812	0	0	0.85	0	0	1.12	0	0.01	0	0	0.02	19.23
HG00250	0	0.98	0	0	0	0	0.85	0.14	0	0	0.03	19.26
HG00256	0	0.01	0.95	0	0	0.04	0.55	0.11	0	0.04	0.3	20.86
HG00262	0	0	0.02	0	0	0.46	0.44	1.05	0	0	0.03	22.61
NA12348	0	0	0	0	0	0.97	0.01	0.99	0	0	0.03	22.08
NA18858	0	0.09	0.43	0	0	1.44	0.02	0	0	0	0.02	19.47
NA20754	0	0.98	0	0	0	0.86	0.07	0.07	0	0	0.02	18.31
NA12775	0	0	0.01	0	0	0.03	0.98	0.91	0	0.02	0.05	23.02
NA20510	0	0	0	0	0	0.87	0.76	0.34	0	0	0.03	21.53
NA11930	0	0	0	0	0	1.69	0.25	0.03	0	0	0.03	20.4
NA19138	0	0.98	0	0	0	0.98	0	0	0	0	0.04	18.16
NA18499	0	0	0.98	0	0	0	0	0.98	0	0	0.04	21.1
NA19093	0	0	0	0	0	0.98	0.98	0	0	0	0.04	21.1
HG00367	0	0	0.93	0	0	0.87	0.18	0	0	0	0.02	19.31
NA19108	0	0	0	0	0	1.89	0.06	0.02	0	0	0.03	20.19
NA19200	0	0.26	0.73	0	0	0.23	0.76	0	0	0	0.02	19.57
HG00278	0	0	0	0	0	0.98	0	0	0	0	1.02	23.06
HG00309	0	0	0.95	0	0	0.03	0.28	0.71	0	0	0.03	20.84
HG00139	0	0	0	0	0	1	0.97	0	0	0	0.03	21.06
NA19098	0	0.02	0.97	0	0	0.98	0	0	0	0	0.03	19.08
HG00271	0	0	0.1	0	0	0.69	0.11	1.08	0	0	0.02	22.23
NA20520	0	0.67	0.21	0	0	0.69	0.39	0	0	0	0.04	18.96
HG00246	0	0	0.01	0	0	1.44	0.49	0.03	0	0	0.03	20.63
NA12045	0	0	0.98	0	0	0.01	0.12	0.02	0	0	0.87	21.79
NA12889	0	0	0	0	0	1.64	0	0.33	0	0	0.03	20.75
HG00276	0.29	0.69	0.01	0	0	0.05	0	0.94	0	0	0.02	19.68
NA12830	0	0.98	0	0	0	0	0.79	0.2	0	0	0.03	19.32
NA18519	0	0.06	0.93	0	0	0.98	0.01	0	0	0	0.02	19.02
NA06984	0	0	0.98	0	0	0	0.98	0	0	0	0.04	20.12
HG00320	0	0	0	0	0	0.51	0.63	0.82	0	0	0.04	22.39
NA19223	0	0	0	0	0	0.18	1.79	0	0	0	0.03	21.88
NA19107	0	0.01	0.13	0	0	1.43	0.29	0.09	0	0	0.05	20.47
HG00382	0	0	0	0	0	0.98	0.98	0	0	0	0.04	21.1
HG00119	0	0.98	0.54	0	0	0.18	0.22	0.05	0	0	0.03	17.91
