	8	9	10	10	11	11	11	12	12	12	13	13	14	14	14	14	15	15	15	15	16	16	16	16	17	17	17	17	13	Beta
NA19131	0	0	0	0	0	0	0	0	0	0	0	0	0	0	0.85	0	0	0	0	0	0	0	0	0.04	0	0	0	0	1.11	26.97
NA19198	0	0	0	0	0	0	0	0.02	0	0	0.01	0.27	0	0.13	0.01	0	0	1.03	0	0	0	0.43	0	0	0	0	0	0	0.1	29.47
HG00273	0	0	0	0	0.95	0	0	0.93	0	0	0.02	0	0	0	0	0	0	0	0	0	0	0	0	0	0	0	0	0	0.1	23.17
HG00150	0	0	1.43	0	0.01	0	0	0.46	0	0	0	0	0	0	0	0	0	0	0	0	0	0	0	0	0	0	0	0	0.1	21.23
HG00145	0	0	0	0	0	0	0	0.7	0	0	0.26	0	0	0.95	0	0	0	0	0	0	0	0	0	0	0	0	0	0	0.09	26.25
HG00339	0	0	0	0	0	0	0	0.82	0	0	0.01	0	0	0.09	0	0	0.13	0.24	0	0	0	0.43	0.09	0	0.12	0	0	0	0.07	28.05
HG00102	0	0	0	0	0	0	0	0.95	0	0	0	0	0	0	0.51	0	0	0	0	0	0	0	0	0	0	0	0	0	0.54	25.56
NA18523	0	0	0	0	0	0	0	0	0	0	0	0	0	0	0.49	0	0	0	0	0	0	0	0	0	0	0	0	0	1.51	26.49
HG00346	0	0	0	0	0	0	0	0	0	0	0	0	0	0	0.56	0	0	0	0	0	0	0	0	0	0	0	0.95	0	0.49	30.36
NA12249	0	0.95	0	0	0	0	0	0	0	0	0	0	0	0	0	0	0	0	0	0.95	0	0	0	0	0	0	0	0	0.1	24.1
HG00266	0	0	0	0	0	0	0	0	0	0	0	0	0	0	0.1	0	0	0.95	0	0.02	0	0	0	0	0	0	0	0	0.93	28.04
NA12413	0	0	0	0	0.74	0	0	0.22	0	0	0	0	0	0	0.03	0	0	0	0	0	0	0	0	0	0	0	0	0	1.01	24.33
NA19236	0	0	0	0	0	0	0	0	0	0.01	0	0.23	0	0.2	0	0	0	0.39	0	0.91	0	0.08	0	0	0	0	0	0	0.18	29.03
NA20544	0	0	0.09	0	0.03	0	0	0.84	0	0	0	0	0	0	0.37	0	0	0	0	0.5	0	0	0	0	0	0	0	0	0.17	26.2
NA19204	0	0	0	0	0	0	0	0	0	0	0	0.02	0	0.01	0.26	0	0	0.93	0	0	0	0.01	0	0.03	0	0	0	0	0.74	28.25
HG00103	0	0	0	0	0	0	0	0	0	0	0	0.95	0	0.25	0	0	0	0.67	0	0	0	0.04	0	0	0	0	0	0	0.09	27.71
NA20582	0	0	0	0	0.6	0	0	0.24	0	0	0.12	0	0	0	0.02	0	0	0	0	0	0	0	0	0	0	0	0	0	1.02	24.58
NA19172	0	0	0.38	0	0.24	0	0	0.24	0	0	0.08	0.2	0.02	0.25	0	0	0	0.41	0	0.04	0	0.07	0	0	0	0	0	0	0.07	25.52
NA20815	0	0	0.01	0	0.93	0	0	0.86	0	0	0.12	0	0	0	0	0	0	0	0	0	0	0	0	0	0	0	0	0	0.08	23.25
HG00375	0	0	0	0	0	0	0	0.95	0	0	0	0	0	0	0.01	0	0	0	0	0	0	0	0	0	0	0	0	0	1.04	25.06
NA18933	0	0	0	0	0	0	0	0	0	0	0	0.95	0	0	0.28	0	0	0	0	0	0	0	0	0.03	0	0	0	0	0.74	26.37
HG00245	0	0	0	0	0.85	0	0	0.11	0	0	0	0	0	0	0	0	0	0	0	0	0	0	0	0	0	0	0	0	1.04	24.19
HG00319	0.19	0	0.38	0	0	0	0	0.19	0	0	0.19	0	0	0	0	0	0	0	0	0	0	0	0	0	0	0	0	0	1.05	23.72
NA12155	0	0	0	0	0.1	0	0	0.67	0	0	0.19	0	0	0	0	0	0	0	0	0	0	0	0	0	0	0	0	0	1.04	25.13
NA12749	0	0	0	0	0	0	0	0	0	0	0	0	0	0	0.39	0	0	0	0	0.03	0	0	0	0	0	0	0	0	1.58	26.45
HG00341	0	0	0.03	0	0.93	0	0	0	0	0	0	0	0	0	0.02	0	0	0	0	0.84	0	0	0	0	0	0	0.04	0	0.14	25.91
NA20771	0	0	0.72	0	0.01	0	0	0.12	0	0	0	0	0.11	0	0.07	0	0	0	0	0.03	0	0	0	0	0	0	0	0	0.94	23.94
NA20761	0	0	0	0	0	0	0	0	0	0.35	0	0	0	0	0.07	0	0	0	0	0.01	0	0	0	0	0	0	0	0	1.57	25.74
NA12341	0	0	0	0	0	0	0	0	0	0	0	0	0	0	0.42	0	0	0	0	0	0	0	0	0	0	0	0	0	1.58	26.42
HG00380	0	0	0.95	0	0.95	0	0	0	0	0	0	0	0	0	0	0	0	0	0	0	0	0	0	0	0	0	0	0	0.1	21.25
NA12763	0.95	0	0	0	0	0	0.03	0	0	0	0	0	0	0	0.76	0	0	0	0	0	0	0	0	0	0	0	0	0	0.26	21.95
NA18917	0.01	0.02	0.09	0	0.1	0	0	0.1	0	0.01	0.06	0	0.01	0.44	0.03	0	0	0.01	0	0.1	0	0	0	0	0	0	0	0	1.02	25.99
HG00116	0	0	0.95	0	0.7	0	0	0.26	0	0	0	0	0	0	0	0	0	0	0	0	0	0	0	0	0	0	0	0	0.09	21.49
HG00260	0.03	0.01	0	0	0.01	0	0	0.14	0	0	0.78	0	0	0.95	0	0	0	0.01	0	0	0	0	0	0	0	0	0	0	0.07	26.62
NA18907	0	0	0	0	0	0.1	0	0	0	0.01	0	0	0	0	0.49	0	0	0	0	0.11	0	0	0	0.01	0	0	0	0	1.28	26.53
NA20770	0	0	0.48	0	0.48	0	0	0	0	0.07	0	0	0	0	0.08	0	0	0	0	0	0	0	0	0	0	0	0	0	0.89	23.61
NA20807	0	0.01	0.74	0	0.03	0	0	0.05	0	0.01	0.13	0	0	0	0.75	0	0	0	0	0	0	0	0	0.03	0	0	0	0	0.25	24.46
NA20796	0	0	0.01	0	0.29	0	0	0.61	0	0	0.06	0	0	0	0.02	0	0	0	0	0	0	0	0	0	0	0	0	0	1.01	24.8
NA19160	0	0	0	0	0	0	0	0	0	0	0	0.01	0	0	0.94	0	0	0	0	0	0	0	0	0	0	0	0	0	1.05	26.94
NA20810	0	0	0	0	0.95	0	0	0	0	0.01	0	0	0	0	0.18	0	0	0	0	0.01	0	0	0	0	0	0	0	0	0.85	24.29
NA20787	0	0	0	0.32	0	0	0	0	0	0.63	0	0	0	0	0.95	0	0	0	0	0	0	0	0	0	0	0	0	0	0.1	25.36
NA07347	0	0	0	0	0	0	0	0	0	0	0	0	0	0.01	0.94	0	0	0	0	0	0	0	0	0	0	0	0	0	1.05	26.95
HG00101	0.02	0	0	0	0	0	0	0.55	0	0	0.41	0	0	0	0.61	0	0	0	0	0.22	0	0	0	0.04	0	0	0	0	0.15	26.52
HG00160	0	0	0	0.01	0	0	0	0	0	0	0	0	0	0	0.02	0	0	0	0	0	0	0	0	0	0	0	0	0	1.97	25.99
HG00251	0	0.95	0	0	0	0	0	0	0	0	0	0	0	0	0	0	0	0	0	0	0	0	0	0	0	0	0	0	1.05	22.2
HG00146	0	0	0	0	0	0	0	0	0	0	0	0	0	0	1.26	0	0	0	0	0	0	0	0	0.4	0	0	0	0	0.34	28.46
NA20819	0.92	0	0	0	0.01	0	0	0.03	0	0	0	0	0	0	0.07	0	0	0	0	0.01	0	0	0	0	0	0	0	0	0.96	21.44
NA12778	0	0	0	0	0.95	0	0	0.62	0	0	0.34	0	0	0	0	0	0	0	0	0	0	0	0	0	0	0	0	0	0.09	23.48
NA12890	0	0	0	0	0	0	0	0.03	0	0	0.93	0	0	0	0.02	0	0	0	0	0	0	0	0	0	0	0	0	0	1.02	25.99
NA20535	0	0	0	0	0	0	0	0	0	0	0	0	0	0.21	0.49	0	0	0.68	0	0.4	0	0.07	0	0	0	0	0.03	0	0.12	29.19
NA19116	0	0	0	0	0	0	0	0	0	0	0	0	0	0.95	0.07	0	0	0	0	0	0	0	0	0	0	0	0	0	0.98	27.02
NA20506	0.03	0.06	0.48	0	0.73	0	0	0.42	0	0	0.19	0	0	0	0	0	0	0	0	0	0	0	0	0	0	0	0	0	0.09	22.29
HG00330	0.09	0	0.7	0	0.17	0	0	0.95	0	0	0	0	0	0	0	0	0	0	0	0	0	0	0	0	0	0	0	0	0.09	22.16
HG00189	0	0	0	0	0	0	0	0	0	0.06	0	0	0	0.02	0.44	0	0	0.51	0	0	0	0.41	0.01	0.01	0.01	0	0	0	0.53	28.75
HG00233	0	0	0	0	0.06	0	0	0.6	0	0.15	0.3	0	0	0	0.16	0	0	0	0	0	0	0	0	0	0	0	0	0	0.73	25.29
NA12546	0.42	0	0	0	0	0	0	1.03	0	0	0.44	0	0.01	0	0	0	0	0	0	0	0	0	0	0	0	0	0	0	0.1	22.88
NA19129	0	0	0	0	0	0	0	0	0.95	0.01	0	0	0	0	0.54	0	0	0	0	0.12	0	0	0	0.01	0	0	0	0	0.37	25.85
NA20525	0	0	0	0	0	0	0	0.95	0	0	0	0	0	0	0.37	0	0	0	0	0	0	0	0	0.1	0	0	0	0	0.58	25.72
NA19144	0	0	0	0	0	0	0	0	0	0	0	0.23	0	0.2	0.02	0	0	0.39	0	0.07	0	0.08	0	0	0	0	0	0	1.01	27.38
NA12058	0.04	0	0.85	0	0.07	0	0	0	0	0	0	0	0	0	0.95	0	0	0	0	0	0	0	0	0	0	0	0	0	0.09	24.06
NA20516	0	0	0	0	0.48	0	0	0.48	0	0	0	0	0	0	0	0	0	0	0	0	0	0	0	0	0	0	0	0	1.04	24.56
NA20797	0	0	0	0	0	0	0	0	0	0.01	0	0	0	0	0.85	0	0	0	0	0	0	0	0	0	0	0	0	0	1.14	26.84
HG00178	0	0	0	0	0	0	0	0	0	0	0	0	0	0	1.9	0	0	0	0	0	0	0	0	0	0	0	0	0	0.1	27.9
NA11832	0	0	0.01	0	0.25	0	0	0.35	0	0	0.34	0	0	0	0	0	0.01	0	0	0	0	0	0	0	0	0	0	0	1.04	25.14
NA18520	0	0	0	0	0	0	0	0	0	0	0	0.07	0	0.15	0.1	0	0	1.22	0	0.01	0	0.34	0.01	0	0.01	0	0	0	0.09	29.8
HG00263	0	0	0	0	0	0	0	0.91	0	0	0.05	0	0	0	0	0	0	0.95	0	0	0	0	0	0	0	0	0	0	0.09	26.99
HG00127	0	0	0	0	0	0	0	0	0	0	0	0	0	0	0.08	0	0	0	0	0.9	0	0	0	0	0	0	0	0	1.02	27.88
HG00326	0	0	0.23	0	0.72	0	0	0	0	0	0	0	0	0	0.1	0	0	0	0	0	0	0	0	0	0	0	0	0	0.95	23.97
NA20531	0	0	0.2	0	0.66	0	0	0.28	0	0	0.77	0	0	0	0	0	0	0	0	0	0	0	0	0	0	0	0	0	0.09	23.8
HG00310	0	0	0.95	0	0	0	0	0	0	0	0	0	0	0	0	0	0	0	0	0	0	0	0	0	0	0	0	0	1.05	23.15
HG00378	0	0	0	0	0	0	0	0.95	0	0	0	0	0	0	0.01	0	0	0	0	0	0	0	0	0	0	0	0	0	1.04	25.06
NA12342	0	0	0	0	0	0	0	0	0	0.06	0	0	0	0	0.48	0	0	0	0	0	0	0	0	0	0	0	0	0	1.46	26.42
NA19206	0.01	0	0.01	0	0.06	0	0	0.28	0	0	0.08	0.03	0.01	0.03	0.95	0	0	0.45	0	0.01	0	0.01	0	0	0	0	0	0	0.07	27.46
NA20752	0.04	0.73	0.01	0	0.01	0	0	0.15	0	0	0.02	0	0	0	0.06	0	0	0	0	0	0	0	0	0	0	0	0	0	0.98	22.74
HG00157	0	0	0.95	0	0	0	0	0	0	0.01	0	0	0	0	0.01	0	0	0	0	0	0	0	0	0	0	0	0	0	1.03	23.15
HG00258	0	0	0	0	0	0	0	0.01	0	0	0.02	0	0.37	0	0	0	0.57	0	0	0	0	0	0	0	0	0	0	0	1.03	27.5
HG00177	0	0	0	0	0	0	0	0	0	0	0	0	0	0	0.12	0.95	0	0	0	0	0	0	0	0	0	0	0	0	0.93	27.07
HG00353	0	0	0	0	0	0	0	0.9	0	0	0.06	0	0	0	0.24	0	0	0	0	0.71	0	0	0	0	0	0	0	0	0.09	26.76
NA19114	0	0	0	0	0	0	0	0	0	0	0	0	0	0	0	0	0	1.9	0	0	0	0	0	0	0	0	0	0	0.1	29.8
HG00131	0	0	0	0	0	0	0	0	0	0.04	0	0	0	0.16	0.43	0	0	0.71	0	0.06	0	0.08	0	0	0	0	0	0	0.52	28.33
HG00372	0	0	0.06	0	0.67	0	0	0.23	0	0	0	0	0	0	0.95	0	0	0	0	0	0	0	0	0	0	0	0	0	0.09	25.2
NA19092	0	0	0.01	0	0.06	0	0	0.73	0	0	0.16	0.95	0	0	0	0	0	0	0	0	0	0	0	0	0	0	0	0	0.09	25.12
NA10847	0	0	0	0	0	0	0	0	0	0	0.85	0	0.11	0	0	0	0	0	0	0	0	0	0	0	0	0	0	0	1.04	26.11
HG00277	0	0	0	0	0	0	0	0	0	0	0	0	0	0	0.93	0	0	0	0	0	0	0	0	0	0	0	0	0	1.07	26.93
NA18510	0.01	0.02	0.09	0	0.11	0	0	0.11	0	0.01	0.06	0.03	0.01	0.88	0.03	0	0	0.48	0	0	0	0.07	0	0	0	0	0	0	0.09	27.35
NA12399	0	0	0	0	0.04	0	0	0.91	0	0	0.01	0	0	0	0.95	0	0	0	0	0	0	0	0	0	0	0	0	0	0.09	25.96
HG00327	0.95	0	0	0	0	0	0	0	0	0	0	0	0	0.95	0	0	0	0	0	0	0	0	0	0	0	0	0	0	0.1	22.2
NA19247	0	0	0	0	0	0	0	0	0	0.01	0	0.23	0	1.15	0	0	0	0.39	0	0.06	0	0.08	0	0	0	0	0	0	0.08	28.28
HG00332	0	0	0	0	0	0	0	0	0	0	0	0	0	0	0.95	0	0	0	0	0	0	0	0	0	0	0	0	0	1.05	26.95
NA18504	0	0	0	0	0	0	0	0	0	0	0	0	0	0	0	0	0	0	0	0.94	0	0	0	0	0	0	0	0	1.06	27.88
HG00252	0	0	0	0	0.01	0	0	1.9	0	0	0	0	0	0	0	0	0	0	0	0	0	0	0	0	0	0	0	0	0.09	24.08
HG00238	0	0	0	0	0	0	0	0.95	0	0	0	0	0	0	0.82	0	0	0	0	0	0	0	0	0	0	0	0	0	0.23	25.87
HG00342	0	0	0.15	0	0.51	0	0	0.98	0	0	0.26	0	0	0	0	0	0	0	0	0	0	0	0	0	0	0	0	0	0.1	23.55
NA20581	0.03	0.06	0	0	0.26	0	0	0.42	0	0	0.19	0	0	0.95	0	0	0	0	0	0	0	0	0	0	0	0	0	0	0.09	25.62
HG00268	0	0	0	0	0	0	0	0.03	0	0	0.33	0	0.59	0	0	0	0	0.95	0	0	0	0	0	0	0	0	0	0	0.1	28.46
HG00154	0	0	0	0	0.1	0	0	0.67	0	0	0.19	0	0	0	0.01	0	0	0	0	0	0	0	0	0	0	0	0	0	1.03	25.14
HG00371	0	0	0	0	0	0	0	0	0	0	0	0	0	0	0.1	0	0	0	0	0	0	0	0	0	0	0	0	0	1.9	26.1
NA18870	0.01	0	0.01	0	0.04	0	0	0.57	0	0	0.27	0	0.07	0.95	0	0	0.02	0	0	0	0	0	0	0	0	0	0	0	0.06	26.33
NA20505	0	0	0	0	0	0	0	0.95	0	0.03	0.01	0	0	0	0.15	0	0	0	0	0.03	0	0	0	0	0	0	0	0	0.83	25.23
NA20538	0	0	0	0	0	0	0	0	0	0	0	0	0	0	0.05	0	0	0.95	0	0.02	0	0	0	0	0	0	0	0	0.98	27.99
HG00182	0	0.09	0.85	0	0.14	0	0	0.26	0	0	0.03	0	0.56	0	0	0	0	0	0	0	0	0	0	0	0	0	0	0	0.07	23.11
NA19207	0	0	0	0	0	0.1	0	0	0	0.01	0	0.95	0	0	0.49	0	0	0	0	0.1	0	0	0	0.01	0	0	0	0	0.34	26.51
HG00373	0	0	0.95	0	0	0	0	0.95	0	0	0	0	0	0	0	0	0	0	0	0	0	0	0	0	0	0	0	0	0.1	22.2
NA20800	0	0.95	0	0	0	0	0	0.31	0	0	0.01	0	0.16	0	0	0	0.48	0	0	0	0	0	0	0	0	0	0	0	0.09	23.01
HG00151	0	0.01	0.57	0	0.11	0	0	0.2	0	0	0.07	0	0.01	0	0	0	0	0	0	0	0	0	0	0	0	0	0	0	1.03	23.84
NA11829	0	0	0.4	0	0.97	0	0	0.36	0	0	0.01	0	0.17	0	0	0	0	0	0	0	0	0	0	0	0	0	0	0	0.09	22.67
HG00324	0	0	0	0	0.94	0	0	0.01	0	0	0	0	0	0	0.95	0	0	0	0	0	0	0	0	0	0	0	0	0	0.1	25.06
HG00120	0.06	0	1.55	0	0.12	0	0	0.19	0	0	0	0	0	0	0	0	0	0	0	0	0	0	0	0	0	0	0	0	0.08	20.62
NA12828	0	0	0	0	0	0	0	0	0	0	0	0	0	0	0.15	0	0	0	0	0	0	0	0	0	0	0	0	0	1.85	26.15
NA12777	0	0	0	0	0	0	0	0	0	0.06	0.95	0	0	0	0.44	0	0	0	0	0	0	0	0	0.01	0	0	0	0	0.54	26.41
NA20539	0	0	0	0	0	0	0	0	0	0	0	0	0	0	1.07	0	0	0	0	0	0	0	0	0	0	0	0	0.16	0.77	27.71
NA19213	0	0	0.01	0	0.61	0	0	0.35	0	0.01	0.34	0	0	0	0.47	0	0	0	0	0	0	0	0	0	0	0	0	0	0.21	24.86
NA19147	0	0	0	0	0	0	0	0	0	0	0	0.03	0	0.01	0.25	0	0	0.92	0	0	0	0.01	0	0	0	0	0	0	0.78	28.13
HG00379	0	0	0	0	0	0	0	0	0	0	0	0	0	0	1.48	0	0	0	0	0	0	0	0	0.26	0	0	0	0	0.26	28.26
HG00158	0	0	0	0	0	0	0	0.95	0	0	0	0	0	0	0.02	0	0	0	0	0	0	0	0	0	0	0	0	0	1.03	25.07
HG00329	0	0	0	0	0	0	0	0	0	0	0	0	0	0	0	0	0	0.95	0	0	0	0	0	0	0	0	0	0	1.05	27.9
HG00344	0	0	0	0	0	0	0	0	0	0	0	0	0	0	0.9	0	0	0.95	0	0	0	0	0	0	0	0	0	0	0.15	28.8
NA11931	0	0	0	0	0.01	0	0	0.79	0	0	0.16	0	0	0.95	0	0	0	0	0	0	0	0	0	0	0	0	0	0	0.09	26.14
HG00142	0.14	0	0.67	0	0.15	0	0	0	0	0	0	0	0	0	0.32	0	0	0	0	0.47	0	0	0	0.16	0	0	0	0	0.09	24.73
HG00100	0	0	0	0	0.27	0	0	0.69	0	0	0	0	0	0	0.23	0	0	0	0	0	0	0	0	0	0	0	0	0	0.81	25.0
NA12843	0	0	0.69	0	0.18	0	0	0.91	0	0	0.13	0	0	0	0	0	0	0	0	0	0	0	0	0	0	0	0	0	0.09	22.66
NA18909	0.01	0.02	0.07	0	0.09	0	0	0.09	0	0	0.05	0	0.01	0.58	0.03	0	0	0.96	0	0	0	0	0	0	0	0	0	0	0.09	27.93
HG00243	0.02	0	0.92	0	0.04	0	0	0.83	0	0	0.1	0	0	0	0	0	0	0	0	0	0	0	0	0	0	0	0	0	0.09	22.23
NA20806	0	0	0	0	0	0	0	0	0	0	0	0	0	0	0.82	0	0	0	0	0.03	0	0.95	0	0	0	0	0	0	0.2	29.73
NA20768	0	0	0	0	0	0	0	0	0	0	0	0	0	0	1	0	0	0	0	0.02	0	0	0	0	0	0	0	0	0.98	27.04
HG00123	0	0	0	0.48	0.86	0	0	0.1	0	0	0	0	0	0	0	0	0	0	0	0	0	0	0	0	0	0	0	0	0.56	22.74
NA20529	0	0	0	0	0.02	0	0	0.64	0	0	0.29	0	0	0	0.95	0	0	0	0	0	0	0	0	0	0	0	0	0	0.1	26.27
HG00122	0.07	0	0.87	0	0.01	0	0	0	0	0	0	0	0	0	0.71	0	0	0	0	0	0	0	0	0	0	0	0	0	0.34	23.73
NA18853	0.04	0	0.01	0	1.17	0	0	0.36	0	0	0.14	0	0.06	0.13	0	0	0.01	0	0	0	0	0	0	0	0	0	0	0	0.08	23.28
NA19189	0	0	0	0	0.48	0	0	0.48	0	0	0	0	0	0	0.95	0	0	0	0	0	0	0	0	0	0	0	0	0	0.09	25.51
HG00148	0	0	0	0	0	0	0	0	0	0.95	0	0	0	0	0	0.17	0	0	0	0	0	0	0	0	0	0	0	0	0.88	25.22
HG00171	0	0	0.03	0	0.93	0	0	0	0	0	0	0	0	0.95	0	0	0	0	0	0	0	0	0	0	0	0	0	0	0.09	25.0
HG00331	0.19	0	0.38	0	0	0	0	0.19	0	0	0.19	0	0	0	0.93	0	0	0	0	0	0	0	0	0	0	0	0	0	0.12	24.65
HG00381	0	0	0	0	0	0	0	0.94	0	0	0.01	0	0	0	0	0	0	0.95	0	0	0	0	0	0	0	0	0	0	0.1	26.96
NA18856	0	0	0	0	0	0.47	0	0	0	0.01	0	0	0	0	0.15	0	0	0.95	0	0.01	0	0	0	0.01	0	0	0	0	0.4	27.15
HG00345	0.95	0	0	0	0	0	0	0.01	0	0	0	0	0	0	0.61	0	0	0	0	0.01	0	0	0	0	0	0	0	0	0.42	21.87
NA18861	0	0	0	0	0	0	0	0	0	0	0	0	0	0.95	0.12	0	0	0	0	0	0	0	0	0	0	0	0	0	0.93	27.07
HG00185	0.95	0	0	0	0	0	0	0	0	0	0	0	0	0	0.87	0	0	0	0	0.01	0	0	0	0	0	0	0	0	0.17	22.14
NA07051	0	0	0	0	0.95	0	0	0	0	0	0	0	0	0	0	0	0	0	0	0	0	0	0	0	0	0	0	0	1.05	24.1
NA20527	0	0	0	0	0.1	0	0	0.86	0	0	0	0	0	0.01	0	0	0	0.45	0	0	0	0.49	0.01	0	0.01	0	0	0	0.07	27.39
NA20783	0	0	0.95	0	0	0	0	0	0	0	0	0	0	0	0	0	0	0.01	0	0	0	0.01	0.94	0	0	0	0	0	0.09	26.02
NA19137	0	0	0	0	0	0	0	0	0	0	0	0	0	0	1.57	0	0	0	0	0.01	0	0	0	0	0	0	0	0	0.42	27.59
NA19201	0	0	0	0	0	0	0	0	0.95	0.01	0	0.23	0	0.2	0	0	0	0.39	0	0.06	0	0.08	0	0	0	0	0	0	0.08	26.38
NA18488	0.01	0.02	0.33	0	0.13	0	0	0.34	0	0	0.11	0.03	0.01	0.44	0.01	0	0	0.45	0	0.01	0	0.01	0	0	0	0	0	0	0.1	25.69
HG00311	0	0	0	0	0	0	0	0.95	0	0	0	0	0	0	0	0.95	0	0	0	0	0	0	0	0	0	0	0	0	0.1	26.0
HG00337	0	0	0	0	0	0	0	0.95	0	0	0	0	0	0.54	0	0	0	0.42	0	0	0	0	0	0	0	0	0	0	0.09	26.43
HG00257	0	0	0	0	0.01	0	0	0.49	0	0	0.46	0	0	0.95	0	0	0	0	0	0	0	0	0	0	0	0	0	0	0.09	26.44
HG00136	0	0	0	0	0	0	0	0	0	0	0	0	0	0.55	0.87	0	0	0.41	0	0.03	0	0	0	0	0	0	0	0	0.14	28.3
NA20826	0	0	0.94	0	0.01	0	0	0.01	0	0	0	0	0	0.06	0	0	0	0.71	0	0	0	0.19	0	0	0	0	0	0	0.08	25.2
NA20518	0	0	0	0	0	0	0	0	0	0.19	0	0	0	0	0.16	0	0	0.86	0	0.01	0	0.1	0	0	0	0	0	0	0.68	28.01
NA20786	0	0	0	0	0	0	0	0.95	0	0	0	0	0	0	0.63	0	0	0	0	0	0	0	0	0	0	0	0	0	0.42	25.68
NA20760	0.01	0	0	0	0.63	0	0	0.25	0	0	0.06	0	0	0	0.94	0	0	0	0	0	0	0	0	0	0	0	0	0	0.11	25.38
HG00114	0	0	0	0	0	0	0	0	0	0	0	0	0.95	0.18	0	0	0	0.57	0	0	0	0.21	0	0	0	0	0	0	0.09	28.9
HG00117	0	0	0	0	0	0	0	0	0	0	0	0.95	0	0	0.11	0	0	0	0	0	0	0	0	0	0	0	0	0.14	0.8	26.67
NA20534	0	0	0.03	0	0	0	0	0.67	0	0	0.23	0	0.03	0	0	0	0	0	0	0	0	0	0	0	0	0	0	0	1.04	25.27
NA20809	0	0	0.55	0	0.41	0	0	0	0	0	0	0	0	0	0.34	0	0	0	0	0	0	0	0	0	0	0	0	0	0.7	23.87
NA12273	0	0	0	0	0	0	0	0.14	0	0	0.81	0	0	0.91	0	0	0	0.04	0	0	0	0	0	0	0	0	0	0	0.1	26.85
NA20808	0	0	0	0	0	0	0	0	0	0.01	0	0	0	0	0.78	0	0	0	0	0.32	0	0	0	0.03	0	0	0	0	0.86	27.5
NA19197	0	0	0	0	0	0	0	0	0	0	0	0	0	0	1	0	0	0	0	0.01	0	0	0	0	0	0	0	0	0.99	27.02
NA11918	0	0	0.95	0	0.83	0	0	0.09	0	0	0.04	0	0	0	0	0	0	0	0	0	0	0	0	0	0	0	0	0	0.09	21.4
NA20509	0	0.03	0	0	0.03	0	0	0.87	0	0	0.03	0	0	0	0.61	0	0	0	0	0.04	0	0	0	0	0	0	0	0	0.39	25.64
NA20757	0	0	0	0	0	0	0	0	0	0.01	0	0	0	0.95	0.14	0	0	0	0	0	0	0	0	0	0	0	0	0	0.9	27.08
HG00125	0	0	0	0	0	0	0	0.42	0	0.01	0.34	0	0.2	0	0.75	0	0	0	0	0.03	0	0	0	0	0	0	0	0	0.25	26.58
NA11894	0.94	0	0	0	0	0	0	0.01	0	0	0.01	0	0	0	0	0	0	0	0	0	0	0	0	0	0	0	0	0	1.04	21.29
NA18517	0	0	0	0	0	0	0	0	0	0	0	0	0	0	1.64	0	0	0	0	0	0	0	0	0.01	0	0	0	0	0.35	27.67
NA20798	0	0	0.92	0	0.02	0	0	0.01	0	0	0.01	0	0.01	0	0	0	0	0	0	0	0	0	0	0.95	0	0	0	0	0.08	26.05
NA20588	0	0	0.95	0	0	0	0	0	0	0.41	0	0	0	0	0.11	0	0	0	0	0.01	0	0	0	0	0	0	0	0	0.52	22.87
HG00285	0	0	0	0	0	0	0	0	0	0	0	0	0	0	0.95	0	0	0	0	0	0	0	0	0	0	0	0	0	1.05	26.95
NA19153	0	0	0	0	0	0	0	0	0	0.68	0	0.01	0	0.03	0.05	0	0	0.05	0	0.01	0	0.95	0	0.01	0	0	0	0	0.21	28.4
NA20804	0	0	0.8	0	0	0	0	0	0	0	0.16	0	0	0	0	0	0	0.95	0	0	0	0	0	0	0	0	0	0	0.09	25.5
HG00306	0	0	0	0	0	0	0	0.95	0	0	0	0	0	0	0	0	0	0.95	0	0	0	0	0	0	0	0	0	0	0.1	26.95
NA19210	0	0	0	0	0	0	0	0	0	0	0	0	0	0	0	0	0	0.95	0.95	0	0	0	0	0	0	0	0	0	0.1	29.8
NA18908	0	0	0	0	0	0	0	0	0	0	0	0.95	0	0	0.07	0	0	0	0	0	0	0	0	0	0	0	0	0	0.98	26.07
NA20585	0	0	0.41	0	0.02	0	0	0.35	0	0	0.01	0	0.17	0	0	0	0	0	0	0	0	0	0	0	0	0	0	0	1.04	24.55
NA20543	0	0	0.11	0	0.01	0	0	1.51	0	0	0	0	0.28	0	0	0	0	0	0	0	0	0	0	0	0	0	0	0	0.09	24.42
NA20508	0	0	0	0	0	0	0	0	0	0	0	0	0	0.21	0.01	0	0	0.68	0	0.01	0	0.07	0	0	0	0	0.93	0	0.09	31.53
NA18916	0	0	0.04	0	0.04	0	0	0.23	0.45	0	0.03	0	0.17	0.85	0.04	0	0.03	0.01	0	0	0	0	0	0	0	0	0	0	0.11	26.26
NA20799	0	0	0	0	0.07	0	0	0.88	0	0	0.01	0	0	0	0	0	0	0	0	0	0	0	0	0	0	0	0	0	1.04	24.98
NA19235	0	0	0	0	0	0	0	0	0.95	0	0	0	0	0.95	0	0	0	0	0	0	0	0	0	0	0	0	0	0	0.1	26.0
HG00240	0	0	0	0	0	0	0	0.95	0	0	0	0	0	0	0.14	0	0	0	0	0	0	0	0	0.15	0	0	0	0	0.76	25.64
NA20765	0	0	0	0	0	0	0	0	0	0	0	0	0	0	1.2	0	0	0	0	0.06	0	0	0	0	0	0	0	0	0.74	27.32
NA18516	0.01	0	0.01	0	0.04	0	0	0.57	0	0	0.27	0	0.07	0	0.54	0	0.02	0	0	0	0	0	0	0	0	0	0	0	0.47	25.92
NA20801	0	0	0	0	0.67	0	0	0.29	0	0	0	0	0	0	0.05	0	0	0	0	0.02	0	0	0	0	0	0	0	0	0.97	24.46
NA18867	0	0	0	0	0	0	0	0	0.95	0	0	0	0	0	0	0	0	0	0	0	0	0	0	0	0.95	0	0	0	0.1	28.85
NA20524	0.06	0	0	0	0	0	0	0	0	0.01	0	0	0	0	0.76	0	0	0	0	0.21	0	0	0	0.05	0	0	0	0	0.91	27.02
HG00323	0	0	0.82	0	0.07	0	0	0.07	0	0	0	0	0	0	0.01	0	0	0	0	0	0	0	0	0	0	0	0	0	1.03	23.34
NA20589	0.01	0.01	0.39	0	0.35	0	0	1.09	0	0	0.05	0	0.02	0	0	0	0	0	0	0	0	0	0	0	0	0	0	0	0.08	22.97
NA11893	0	0	0	0	0	0	0	0	0	0.01	0	0	0	0	1.48	0	0	0	0	0.17	0	0	0	0	0	0	0	0	0.34	27.81
NA20502	0.88	0	0	0	0.04	0	0	0.08	0	0	0.91	0	0	0	0	0	0	0	0	0	0	0	0	0	0	0	0	0	0.09	21.44
HG00282	0	0.01	0.02	0	0.44	0	0	0.33	0	0	0.17	0	0	0	0	0	0	0	0	0	0	0	0	0	0	0	0	0	1.03	24.69
NA19171	0	0	0	0	0	0	0	0	0	0	0	0.95	0	0	0.95	0	0	0	0	0	0	0	0	0	0	0	0	0	0.1	26.95
NA12761	0	0	0	0	0	0	0	0	0	0	0	0	0	0	0	0	0	0.95	0	0	0	0	0	0	0	0	0	0	1.05	27.9
NA20795	0	0	0	0	0	0	0	0	0	0	0.95	0	0	0.46	0	0	0	0.34	0	0	0	0.01	0.14	0	0	0	0	0	0.1	27.59
NA19238	0	0	0	0	0	0	0	0	0	0	0	0	0	0.95	0	0	0	0	0	0.94	0	0	0	0	0	0	0	0	0.11	28.83
NA19159	0	0	0	0	0	0	0	0	0	0	0	0	0	0.95	0.95	0	0	0	0	0	0	0	0	0	0	0	0	0	0.1	27.9
HG00366	0	0	0	0	0	0	0	0	0	0.06	0	0	0	0	0.57	0	0	0	0	0.04	0	0	0	0.01	0	0	0	0	1.32	26.62
NA11992	0	0	0	0	0	0	0	0	0	0	0	0	0	0	0	0	0	0.95	0	0	0	0	0	0	0	0	0	0	1.05	27.9
HG00141	0	0	0	0	0.95	0	0	0.95	0	0	0	0	0	0	0	0	0	0	0	0	0	0	0	0	0	0	0	0	0.1	23.15
NA18873	0	0	0	0	0	0	0	0	0	0	0	0.95	0	0	0.94	0	0	0	0	0	0	0	0	0	0	0	0	0	0.11	26.94
HG00336	0	0	0.55	0	0.33	0	0	0.07	0	0	0.02	0	0	0	0	0	0	0	0	0	0	0	0	0	0	0	0	0	1.03	23.62
NA06994	0	0	0.95	0	0.06	0	0	0.9	0	0	0	0	0	0	0	0	0	0	0	0	0	0	0	0	0	0	0	0	0.09	22.13
NA19190	0	0	0	0	0	0	0	0	0	0	0	0	0	0	0.95	0	0	0.95	0	0	0	0	0	0	0	0	0	0	0.1	28.85
HG00186	0	0	0	0	0	0	0.12	0	0	0	0	0	0	0	0.75	0	0	0	0	0.22	0	0	0	0	0	0	0	0	0.91	26.95
NA20805	0	0	1.73	0	0.13	0	0	0.05	0	0	0	0	0	0	0	0	0	0	0	0	0	0	0	0	0	0	0	0	0.09	20.5
HG00325	0	0	0	0	0.11	0	0	0.8	0	0	0.04	0	0.01	0	0.12	0	0	0	0	0.1	0	0	0	0	0	0	0	0	0.82	25.31
NA20766	0	0	0.95	0	0	0	0	0	0	0	0.58	0	0.38	0	0	0	0	0	0	0	0	0	0	0	0	0	0	0	0.09	23.53
HG00183	0	0	0.42	0	0.1	0	0	0.43	0	0	0	0	0	0	0	0	0	0.95	0	0	0	0	0	0	0	0	0	0	0.1	26.01
NA12827	0	0	0	0	0	0	0	0	0	0	0	0	0	0.14	0	0	0	0.75	0	0	0	0.07	0	0	0	0	0	0	1.04	27.85
NA12400	0	0.95	0	0	0	0	0	0	0	0	0	0	0	0	0	0	0	0.95	0	0	0	0	0	0	0	0	0	0	0.1	24.1
NA12760	0	0	0	0	0	0	0	0	0	0.02	0	0	0	0	0.12	0	0	0	0	0.01	0	0	0	0	0	0	0	0	1.85	26.12
NA20540	0	0	0	0	0	0	0	0	0	0	0	0	0	0	0.01	0	0	0	0	0	0	0	0	0	0	0	0	0	1.99	26.01
NA20772	0	0.95	0	0	0	0	0	0	0	0	0	0.95	0	0	0	0	0	0	0	0	0	0	0	0	0	0	0	0	0.1	22.2
NA07056	0.02	0	0	0	0	0	0	0	0	0	0	0	0	0	1.52	0	0	0	0	0.35	0	0	0	0	0	0	0	0	0.11	28.12
NA12154	0	0	0	0	0.84	0	0	1.05	0	0	0.02	0	0	0	0	0	0	0	0	0	0	0	0	0	0	0	0	0	0.09	23.27
HG00149	0	0	0	0	0.95	0	0	0.75	0	0	0.21	0	0	0	0	0	0	0	0	0	0	0	0	0	0	0	0	0	0.09	23.35
NA18912	0.25	0.03	0.02	0	0.06	0	0	0.44	0	0	0.11	0	0.06	0	0	0	0.02	0.95	0	0	0	0	0	0	0	0	0	0	0.06	26.01
HG00343	0	0	0.4	0	0.55	0	0	0.01	0	0	0	0	0	0	0	0	0	0.95	0	0	0	0	0	0	0	0	0	0	0.09	25.59
NA19130	0	0	0	0	0	0	0	0	0	0	0	0.95	0	0	0.95	0	0	0	0	0	0	0	0	0	0	0	0	0	0.1	26.95
NA12286	0	0	0	0	0	0	0	0	0	0	0	0	0	0.94	0.32	0	0	0.01	0	0	0	0	0	0	0	0	0	0	0.73	27.28
NA12340	0	0	0	0	0	0	0	0.95	0	0.48	0	0	0	0	0	0	0	0	0	0	0	0	0	0	0	0	0	0	0.57	24.57
HG00118	0	0	0.07	0	0.73	0	0	1.05	0	0	0.06	0	0	0	0	0	0	0	0	0	0	0	0	0	0	0	0	0	0.09	23.28
HG00275	0	0	0	0	0	0	0	0.95	0	0	0	0	0	0.95	0	0	0	0	0	0	0	0	0	0	0	0	0	0	0.1	26.0
NA19143	0	0	0	0	0	0	0	0	0	0	0	0	0	0	0	0	0	0	0	0	0	0.95	0	0	0	0	0	0	1.05	28.85
HG00280	0	0	0	0	0	0	0	0	0	0	0	0	0	0	0.1	0	0	0	0	0	0	0	0	0	0	0	0	0	1.9	26.1
NA12383	0	0	0	0	0	0	0	0	0	0.01	0	0	0	0.23	0.13	0	0	0.69	0	0.02	0	0.04	0	0	0	0	0	0	0.88	27.89
NA12717	0	0	0	0	0	0	0.11	0	0	0	0.95	0	0	0	0.24	0	0	0	0	0	0	0	0	0	0	0	0	0	0.7	26.02
NA20814	0	0	0	0	0	0	0	0	0	0	0	0	0	0	0	0	0	0	0	0	0	0	0	0	0	0	0	0	2.0	26.0
NA18501	0	0	0	0	0.48	0	0	0.48	0	0	0	0	0	0	0.24	0	0	0	0	0	0	0	0	0.03	0	0	0	0	0.77	24.89
HG00231	0	0	0	0	0	0	0	0.92	0	0	0.04	0	0	0	0	0	0	0.56	0	0	0	0.39	0	0	0	0	0	0	0.09	27.37
HG00242	0	0	0	0	0.95	0	0	0	0	0	0	0	0	0	0.06	0	0	0	0	0.01	0	0	0	0	0	0	0	0	0.98	24.18
NA18486	0	0	0	0	0	0	0	0	0	0	0	0.95	0	0	0.95	0	0	0	0	0	0	0	0	0	0	0	0	0	0.1	26.95
HG00274	0	0.01	0.16	0	0.13	0	0	1.5	0	0	0.11	0	0	0	0	0	0	0	0	0	0	0	0	0	0	0	0	0	0.09	23.72
HG00335	0	0	0	0	0	0	0	0	0	0	0	0	0	0	0.24	0	0	0	0	0.95	0	0	0	0	0	0	0	0	0.81	28.14
HG00259	0	0	0.87	0	0	0	0	0.03	0	0	0	0	0.06	0	0	0	0	0	0	0	0	0	0	0	0	0	0	0	1.04	23.42
NA20530	0.06	0	1.02	0	0.12	0	0	0.52	0	0	0.19	0	0	0	0	0	0	0	0	0	0	0	0	0	0	0	0	0	0.09	21.88
HG00096	0	0	0.88	0	0.04	0	0	0.03	0	0	0	0	0.95	0	0	0	0	0	0	0	0	0	0	0	0	0	0	0	0.1	24.2
NA18871	0	0	0	0	0	0	0	0	0	0	0	0	0	0	0.74	0	0	0	0	0	0	0	0	0.04	0	0	0	0	1.22	26.86
NA20802	0	0	0.41	0	0.33	0	0	0.18	0	0	0.04	0	0	0	0.83	0	0	0	0	0.12	0	0	0	0.01	0	0	0	0	0.08	25.03
HG00236	0	0	0	0	0.95	0	0	0	0	0	0	0	0	0	0	0	0	0	0	0	0	0	0	0	0	0	0	0	1.05	24.1
NA11920	0.95	0	0	0	0	0	0	0	0	0	0	0	0	0.19	0	0	0	0.77	0	0	0	0	0	0	0	0	0	0	0.09	22.98
HG00239	0.95	0	0	0	0	0	0	0.95	0	0	0	0	0	0	0	0	0	0	0	0	0	0	0	0	0	0	0	0	0.1	20.3
HG00265	0	0	0	0	0	0	0	0	0	0	0	0	0	0	0	0	0	0.48	0	0	0	0.48	0	0	0	0	0	0	1.04	28.4
HG00115	0	0	0.1	0	0.03	0	0	0.83	0	0	0.95	0	0	0	0	0	0	0	0	0	0	0	0	0	0	0	0	0	0.09	24.81
HG00244	0	0	0	0	0	0	0	0	0	0.15	0	0	0	0.95	0.03	0	0	0	0	0.01	0	0	0	0	0	0	0	0	0.86	26.85
NA18868	0	0	0	0	0	0	0	0	0	0	0	0.03	0	0.44	0	0	0	0.48	0	0	0	0.01	0	0	0	0	0	0	1.04	27.43
HG00110	0	0	0	0	0	0	0	0	0	0	0	0	0.95	0	0.24	0	0	0	0	0.71	0	0	0	0	0	0	0	0	0.1	28.61
HG00181	0	0	0.4	0	0.55	0	0	0.01	0	0	0	0	0	0	0.67	0	0	0	0	0	0	0	0	0	0	0	0	0	0.37	24.36
HG00187	0	0	0	0	0.08	0	0	0.83	0	0	0.06	0	0	0	0	0	0	0	0	0	0	0	0	0	0	0	0	0	1.03	25.01
HG00188	0	0	0	0	0	0	0	0	0	0	0	0	0	0	0.94	0	0	0	0	0	0	0	0	0	0	0	0	0	1.06	26.94
NA20542	0	0	0	0	0	0	0	0	0	0	0	0	0	0	0.59	0	0	0	0	0	0	0	0	0	0	0	0	0	1.41	26.59
HG00264	0	0	0	0	0	0	0	0	0	0	0.95	0	0	0	0	0	0	0	0	0	0	0	0	0	0	0	0	0	1.05	26.0
HG00315	0	0	0	0	0.93	0	0	0.02	0	0	0	0	0	0.2	0	0	0	0.64	0	0	0	0.12	0	0	0	0	0	0	0.09	25.96
HG00376	0.7	0	0	0	0	0	0	0	0	0	0.25	0	0	0	0.06	0	0	0	0	0.01	0	0	0	0	0	0	0	0	0.98	22.58
NA20811	0	0	0.24	0	0.12	0	0	1.35	0	0	0.19	0	0	0	0	0	0	0	0	0	0	0	0	0	0	0	0	0	0.1	23.69
NA20785	0.01	0.01	0	0	0.24	0	0	0.63	0	0	0.08	0.94	0	0.01	0	0	0	0.01	0	0	0	0	0	0	0	0	0	0	0.07	24.83
HG00176	0	0	0	0	0.02	0	0	0.63	0	0	0.31	0	0	0	0	0	0	0	0	0	0	0	0	0	0	0	0.95	0	0.09	29.13
NA18507	0	0	0	0	0	0	0	0	0	0	0	0.01	0	0	1.53	0	0	0	0	0	0	0	0	0.01	0	0	0	0	0.45	27.56
HG00261	0.06	0	0.79	0	0.11	0	0	0.64	0	0	0.32	0	0	0	0	0	0	0	0	0	0	0	0	0	0	0	0	0	0.08	22.47
HG00179	0	0	0.13	0	0.67	0	0	1.04	0	0	0.07	0	0	0	0	0	0	0	0	0	0	0	0	0	0	0	0	0	0.09	23.23
NA12776	0	0	0	0	0	0	0	0	0	0	0	0	0	0	1.12	0	0	0	0	0.7	0	0	0	0	0	0	0.09	0	0.09	28.88
NA20758	0	0	0	0.35	0	0	0	0	0	0.19	0	0	0	0	0.17	0	0	0	0	0	0	0	0	0	0	0	0	0	1.29	24.93
NA18498	0	0	0	0	0	0.1	0	0	0	0.01	0	0.02	0	0.01	0.49	0	0	0.93	0	0.1	0	0.01	0	0.01	0	0	0	0	0.32	28.41
HG00321	0	0	0.81	0	0.08	0	0	0.07	0	0	0	0	0	0	0.07	0	0	0	0	0.01	0	0	0	0	0	0	0	0	0.96	23.43
HG00313	0	0	0.48	0	0.48	0	0	0	0	0	0	0	0	0	0.95	0	0	0	0	0	0	0	0	0	0	0	0	0	0.09	24.55
HG00174	0	0	0	0	0.22	0	0	0.6	0	0	1.04	0	0.05	0	0	0	0	0	0	0	0	0	0	0	0	0	0	0	0.09	25.01
NA12287	0.11	0	0.73	0	0.12	0	0.16	0	0	0	0	0	0	0	0	0	0	0	0	0	0	0	0	0	0	0	0	0	0.88	22.7
NA20756	0	0	0	0	0	0	0	0.47	0	0	0.49	0	0	0	0.1	0	0	0	0	0.15	0	0	0	0	0	0	0	0	0.79	25.93
HG00180	0	0	0	0	0.01	0	0	0.46	0	0	0	0	0.46	0	0	0.44	0.03	0	0	0	0	0	0	0	0	0	0	0	0.6	26.48
NA19257	0.01	0.01	0.21	0	0.16	0.45	0	0.18	0	0.01	0.04	0.01	0.04	0.28	0.17	0	0	0.01	0	0.02	0	0	0	0.01	0	0	0	0	0.39	24.45
HG00112	0	0	0	0	0	0	0	0	0	0	0	0	0	0	0.96	0	0	0	0	0.91	0	0	0	0	0	0	0	0	0.13	28.78
NA20586	0	0	0	0	0	0	0	0	0	0	0	0	0	0	0.69	0	0	0	0	0.11	0	0	0	0	0	0	0	0	1.2	26.91
NA12347	0	0	0	0	0.01	0	0	0.95	0	0	0	0	0	0	0	0	0	0.95	0	0	0	0	0	0	0	0	0	0	0.09	26.93
NA20517	0	0	0.72	0	0.12	0	0	0.09	0	0	0.03	0	0.01	0.03	0	0	0	0.93	0	0	0	0	0	0	0	0	0	0	0.07	25.41
HG00384	0	0	0.21	0	1.2	0	0	0.28	0	0	0.22	0	0	0	0	0	0	0	0	0	0	0	0	0	0	0	0	0	0.09	22.69
NA12283	0	0	0	0	0	0	0	0	0	0	0	0	0	0	0.01	0	0	0.93	0	0	0	0.03	0	0	0	0	0	0	1.03	27.96
NA11843	0	0	0	0	0	0	0	0.71	0	0.01	0.24	0	0	0	0.16	0	0	0	0	0	0	0	0	0	0	0	0	0	0.88	25.44
NA20778	0	0	0	0	0	0	0	0	0	0	0	0	0	0	0	0	0	0	0	0	0	0	0	0	0	0	0	0	2.0	26.0
NA20541	0	0	0.95	0	0.06	0	0	0.8	0	0	0.11	0	0	0	0	0	0	0	0	0	0	0	0	0	0	0	0	0	0.08	22.23
HG00267	0	0	0	0	0	0	0	0	0	0	0	0	0	0	0.13	0	0	0	0	0	0	0	0	0	0	0	0	0	1.87	26.13
NA19102	0	0	0	0	0	0	0	0	0	0	0	0	0	0	0	0	0	0.95	0	0	0	0	0	0	0	0	0	0	1.05	27.9
NA12272	0	0	0.95	0	0	0	0	0	0	0	0	0	0	0.94	0	0	0	0	0	0	0	0.02	0	0	0	0	0	0	0.09	24.15
NA19141	0	0	0	0	0	0	0	0	0	0	0	0	0	0	0	0	0	1.9	0	0	0	0	0	0	0	0	0	0	0.1	29.8
NA07048	0	0	0	0	0	0	0	0	0	0.01	0.49	0	0.47	0	0.11	0	0	0	0	0.01	0	0	0	0	0	0	0	0	0.91	26.59
NA20769	0	0	0	0	0	0	0	0.04	0	0	0.91	0	0	0	0.68	0	0	0	0	0.27	0	0	0	0	0	0	0	0	0.1	27.18
NA20773	0.07	0	0	0	0	0	0	0	0	0	0	0	0	0	0.63	0	0	0	0	0.16	0	0	0	0.04	0	0	0	0	1.1	26.72
HG00328	0	0	0.75	0	0.17	0	0	0.04	0	0	0	0	0	0	0	0	0	0	0	0	0	0	0	0	0	0	0	0	1.04	23.37
HG00106	0	0	0	0	0	0	0	0.95	0	0	0	0	0	0	0	0	0	0	0	0	0	0	0	0	0	0	0	0	1.05	25.05
HG00361	0	0	0.4	0	0.55	0	0	0.01	0	0	0	0	0	0	0.08	0	0	0	0	0.01	0	0	0	0	0	0	0	0	0.95	23.79
HG00253	0	0	0	0	0	0	0	0	0	0	0	0	0	0	0	0	0	0.95	0	0	0	0	0	0	0	0	0	0	1.05	27.9
HG00155	0	0	0	0	0	0	0	0	0	0.08	0	0	0	0	0.22	0	0	0.41	0	0.01	0	0.55	0	0	0	0	0	0	0.73	28.63
NA20792	0	0	0	0	0	0	0	0	0	0	0	0	0	0.27	0	0	0	0.96	0	0	0	0.24	0	0	0.43	0	0	0	0.1	30.63
NA20759	0	0	0	0	0	0	0	0	0	0	0	0	0	0	0.76	0	0	0	0	0.03	0	0	0	0.01	0	0	0	0	1.2	26.85
NA18934	0	0	0	0	0	0	0	0	0	0	0	0	0	0	0	0	0	0	0	0.95	0	0.95	0	0	0	0	0	0	0.1	30.75
NA11840	0	0	0	0	0	0	0	1.09	0	0	0.81	0	0	0	0	0	0	0	0	0	0	0	0	0	0	0	0	0	0.1	24.91
HG00109	0	0	0	0	0.95	0	0	0	0	0	0	0	0	0	0.47	0	0	0	0	0.02	0	0	0	0.47	0	0	0	0	0.09	26.02
NA18511	0.01	0.02	0.09	0	0.1	0	0	0.1	0	0.01	0.06	0	0.01	0.44	0.61	0	0	0.01	0	0.04	0	0	0	0.01	0	0	0	0	0.49	26.48
HG01334	0	0	0	0	0.16	0	0	0.8	0	0	0	0	0	0	0	0.17	0	0	0	0	0	0	0	0	0	0	0	0	0.87	25.05
NA12842	0	0	0	0	0	0	0	0	0	0.01	0	0	0	0.95	0.43	0	0	0	0	0	0	0	0	0	0	0	0	0	0.61	27.37
HG00338	0	0	0.14	0	0.41	0	0	0.95	0	0	0.41	0	0	0	0	0	0	0	0	0	0	0	0	0	0	0	0	0	0.09	23.81
HG00269	0	0	0	0	0	0	0	0.61	0	0.03	0.34	0	0	0	0.31	0	0	0	0	0	0	0	0	0.12	0	0	0	0	0.59	26.03
HG00173	0	0	0	0	0	0	0	0	0	0	0	0	0	0	0.51	0	0	0	0	0.01	0	0	0	0	0	0	0	0	1.48	26.53
NA06986	0.03	0	0.88	0	0.05	0	0	0.91	0	0	0.05	0	0	0	0	0	0	0	0	0	0	0	0	0	0	0	0	0	0.08	22.2
NA12003	0	0	0	0	0	0	0	0	0	0	0	0	0	0	0.02	0	0	0	0	0	0	0	0	0	0	0	0	0	1.98	26.02
NA20774	0.32	0	0	0	0	0	0	0.32	0	0.01	0.32	0	0	0	0.13	0	0	0	0	0	0	0	0	0	0	0	0	0	0.9	24.2
NA20828	0	0	0.01	0	0	0	0	0.73	0	0.11	0.22	0	0	0	0.01	0	0	0	0	0	0	0	0	0	0	0	0	0	0.92	25.14
HG00284	0	0	0	0	0	0	0	0	0	0	0	0	0	0	0.25	0	0	0	0	0.01	0	0	0	0	0	0	0	0	1.74	26.27
NA12750	0	0	0	0	0	0	0	0.53	0	0.02	0	0	0.43	0	0.46	0	0	0	0	0.01	0	0	0	0.03	0	0	0	0	0.52	26.45
NA18522	0	0	0	0	0	0	0	0	0	0	0	0	0	0	0.01	0	0	0	0	0	0	0.95	0	0	0	0	0	0	1.04	28.86
NA12275	0	0	0.95	0	0	0	0	0	0	0	0	0	0	0	0.94	0	0	0	0	0.01	0	0	0	0	0	0	0	0	0.1	24.11
NA20528	0	0	0.32	0	0.32	0	0	0.32	0	0	0	0	0	0	0	0	0	0.95	0	0	0	0	0	0	0	0	0	0	0.09	25.98
NA18910	0	0	0	0	0	0	0	0	0	0	0	0	0	1.9	0	0	0	0	0	0	0	0	0	0	0	0	0	0	0.1	27.9
HG00272	0	0	0.88	0	0.06	0	0	0.02	0	0	0	0	0	0	0.1	0	0	0	0	0.05	0	0	0	0	0	0	0	0	0.89	23.42
HG00138	0.01	0	0.91	0	0.03	0	0	0.11	0	0	0.5	0	0.34	0	0	0	0	0	0	0	0	0	0	0	0	0	0	0	0.1	23.39
HG00159	0	0	0	0	0	0	0	0	0	0	0	0	0	0.01	0	0	0	1.89	0	0	0	0	0	0	0	0	0	0	0.1	29.79
HG00108	0	0	0	0	0	0	0	0	0	0	0.95	0	0	0.2	0	0	0	0.63	0	0	0	0.12	0	0	0	0	0	0	0.1	27.82
NA19256	0	0	0	0	0.3	0	0	0.66	0	0	0	0	0	0	0.56	0	0	0	0	0.1	0	0	0	0	0	0	0	0	0.38	25.5
HG00111	0	0	0.82	0	0.07	0	0	0.07	0	0	0	0	0	0.19	0	0	0	0.77	0	0	0	0	0	0	0	0	0	0	0.08	25.06
HG00143	0	0	0	0	0.08	0	0.08	0.22	0	0.01	0	0	0	0	0.06	0	0	0.65	0	0.02	0	0	0	0	0	0	0	0	0.88	26.85
NA19119	0	0	0	0	0.61	0	0	0.34	0	0	0	0	0	0.95	0	0	0	0	0	0	0	0	0	0	0	0	0	0	0.1	25.39
NA12751	0	0	0	0	0.23	0	0	1.55	0	0	0.12	0	0.01	0	0	0	0	0	0	0	0	0	0	0	0	0	0	0	0.09	24.0
HG00121	0	0	0.95	0	0.8	0	0	0.16	0	0	0	0	0	0	0	0	0	0	0	0	0	0	0	0	0	0	0	0	0.09	21.39
NA20515	0	0	0	0	0	0	0	0	0	0.02	0	0	0	0	0.43	0	0	0	0	0	0	0	0	0.16	0	0	0	0	1.39	26.89
NA20512	0	0	0	0	0	0	0	0	0	0	0	0	0	0	0.95	0	0	0.95	0	0	0	0	0	0	0	0	0	0	0.1	28.85
NA06989	0	0	0	0.48	0	0	0	0	0	0	0.58	0	0.38	0	0	0	0	0	0	0	0	0	0	0	0	0	0	0	0.56	24.94
HG00281	0	0	0	0	0	0	0.05	0	0	0	0	0	0	0	0.34	0	0	0	0	0	0	0	0	0	0	0	0	0	1.61	26.24
HG00383	0	0	0	0	0	0	0	0	0	0	0.48	0	0.47	0	0	0	0	0	0	0	0	0	0	0	0	0	0	0	1.05	26.47
NA12716	0	0	0	0	0	0	0	0.04	0	0	0	0	0.92	0	0.02	0	0	0	0	0	0	0	0	0	0	0	0	0	1.02	26.9
NA12718	0	0.01	0.12	0	0.34	0	0	0.3	0	0	0.2	0	0.01	0	0	0	0	0.93	0	0	0	0.03	0	0	0	0	0	0	0.06	26.58
HG00137	0.03	0.84	0.01	0	0.01	0	0	0.07	0	0	0.01	0	0	0	0	0	0	0	0	0	0	0	0	0	0	0	0	0	1.03	22.37
NA20790	0.93	0	0	0	0.01	0	0	0.01	0	0	0	0	0	0	0	0	0	0.95	0	0	0	0	0	0	0	0	0	0	0.1	23.22
NA18489	0	0	0	0	0.48	0	0	1.43	0	0	0	0	0	0	0	0	0	0	0	0	0	0	0	0	0	0	0	0	0.09	23.61
HG00334	0	0.01	0	0	0.03	0	0	0.34	0	0	0.59	0	0	0	0	0	0	0	0	0	0	0	0	0	0	0	0	0	1.03	25.56
NA20803	0	0	0	0	0	0	0.06	0	0	0	0	0	0	0.01	0.05	0	0	0.01	0	0.02	0	0.93	0	0	0	0	0	0	0.92	28.79
NA11892	0.02	0	0	0	0	0	0	0	0	0.16	0	0	0	0	0.58	0	0	0	0	0.22	0	0	0	0.04	0	0	0	0	0.98	26.88
HG00232	0.02	0	0.9	0	0.04	0	0	0.95	0	0	0	0	0	0	0	0	0	0	0	0	0	0	0	0	0	0	0	0	0.09	22.17
HG00369	0	0	0	0	0.13	0	0	0.69	0	0	0.13	0.01	0	0.1	0	0	0	0.85	0	0	0	0.01	0	0	0	0	0	0	0.08	26.88
NA19152	0	0	0	0	0	0	0	0	0	0	0	0.95	0	0	0.94	0	0	0	0	0	0	0	0	0	0	0	0	0	0.11	26.94
NA07037	0	0	0	0	0.8	0	0	0.16	0	0	0.95	0	0	0	0	0	0	0	0	0	0	0	0	0	0	0	0	0	0.09	24.24
NA11831	0	0	0.06	0	0	0	0	0.83	0	0	0.07	0	0	0	0.01	0	0	0	0	0	0	0	0	0	0	0	0	0	1.03	25.0
HG00133	0	0	0	0	0.1	0	0	1.62	0	0	0.19	0	0	0	0	0	0	0	0	0	0	0	0	0	0	0	0	0	0.09	24.18
NA19248	0	0	0	0	0	0	0	0	0	0	0	0	0	0	0.84	0	0	0	0	0	0	0	0	0.04	0	0	0	0	1.12	26.96
NA11830	0	0	0.95	0	0	0	0	0.95	0	0	0	0	0	0	0	0	0	0	0	0	0	0	0	0	0	0	0	0	0.1	22.2
HG00126	0	0	0	0	0	0	0	0	0	0.01	0	0	0	0	0.45	0	0	0	0	0	0	0	0	0	0	0	0	0	1.54	26.44
NA20813	0.94	0	0	0	0	0	0	0.01	0	0	0.01	0	0	0	0.81	0	0	0	0	0	0	0	0	0	0	0	0	0	0.23	22.1
NA11994	0	0	0	0	0	0	0	0.1	0	0	0.78	0	0	0	0.01	0	0	0	0	0	0.08	0	0	0	0	0	0	0	1.03	26.15
NA19209	0	0	0	0	0	0	0	0	0	0	0	0	0	0	0	0	0	0.95	0.95	0	0	0	0	0	0	0	0	0	0.1	29.8
HG00255	0	0	0.02	0	0.92	0	0	0.01	0	0	0.01	0	0	0	0.01	0	0	0	0	0	0	0	0	0	0	0	0	0	1.03	24.1
NA19225	0	0	0	0	0.29	0	0	0.67	0	0	0	0	0	0.95	0	0	0	0	0	0	0	0	0	0	0	0	0	0	0.09	25.7
NA20532	0	0	0	0	0.65	0	0	1.26	0	0	0	0	0	0	0	0	0	0	0	0	0	0	0	0	0	0	0	0	0.09	23.44
NA18923	0	0	0	0	0	0	0	0	0	0	0	0	0	0	0.75	0	0	0	0	0	0	0.95	0	0	0	0	0	0	0.3	29.6
NA20812	0	0	0.95	0	0	0	0	0	0	0	0	0	0	0	0.77	0	0	0	0	0.12	0	0	0	0.07	0	0	0	0	0.09	24.37
HG00250	0	0	1.9	0	0	0	0	0	0	0	0	0	0	0	0	0	0	0	0	0	0	0	0	0	0	0	0	0	0.1	20.3
HG00256	0	0	0	0	0	0	0	0	0	0	0	0	0	0.95	0.39	0	0	0	0	0.56	0	0	0	0	0	0	0	0	0.1	28.46
HG00262	0	0	0	0	0	0	0	0	0	0	0	0.95	0	0	0	0	0	0	0	0	0	0	0	0	0	0	0	0	1.05	26.0
NA12348	0	0	0	0	0	0	0	0.63	0	0	0.96	0	0.32	0	0	0	0	0	0	0	0	0	0	0	0	0	0	0	0.09	25.69
NA18858	0	0	0	0	0	0	0	0	0	0	0	0	0	0.95	0.01	0	0	0	0	0.61	0	0	0	0	0	0	0	0	0.43	28.18
NA20754	0	0	0	0	0	0	0	0	0	0.17	0	0	0	0	1.41	0	0	0	0	0.01	0	0	0	0	0	0	0	0	0.41	27.26
NA12775	0.01	0	0	0	0.77	0	0	0.17	0	0.19	0.01	0	0	0	0.1	0	0	0	0	0.01	0	0	0	0	0	0	0	0	0.74	24.17
NA20510	0	0	0	0	0.13	0	0	0.82	0	0	0	0	0	0	0	0	0	0	0	0.95	0	0	0	0	0	0	0	0	0.1	26.82
NA11930	0	0	0	0	0	0	0	0	0	0	0	0	0	0	0.51	0	0	0	0	0.95	0	0	0	0	0	0	0	0	0.54	28.41
NA19138	0	0	0	0	0	0	0	0	0	0	0	0	0	0	1.03	0	0	0	0	0.04	0	0	0	0	0	0	0	0	0.93	27.11
NA18499	0	0	0	0	0	0	0	0	0	0	0	0	0	0	0.95	0	0	0	0	0.38	0	0	0	0	0	0	0	0	0.67	27.71
NA19093	0	0	0	0	0	0	0	0	0	0	0	0.16	0	1.27	0	0	0	0	0.48	0	0	0	0	0	0	0	0	0	0.09	28.23
HG00367	0	0.46	0.49	0	0	0	0.12	0	0	0	0	0	0.01	0	0.18	0	0	0	0	0	0	0	0	0	0	0	0	0	0.74	22.64
NA19108	0	0	0	0	0	0	0	0	0	0	0	0	0	0	0.67	0	0	0	0	0	0	0	0	0	0	0	0	0	1.33	26.67
NA19200	0.01	0.02	0.07	0	0.09	0	0	0.09	0	0	0.05	0	0.01	0.58	0.03	0	0	0.96	0	0	0	0	0	0	0	0	0	0	0.09	27.93
HG00278	0	0	0.95	0	0	0	0	0	0	0	0	0	0	0	0.09	0	0	0	0	0	0	0	0	0	0	0	0	0	0.96	23.24
HG00309	0	0	0.73	0	0.17	0	0	0.06	0	0	0	0	0	0	0	0	0	0	0	0	0	0	0	0	0	0	0	0	1.04	23.41
HG00139	0	0	0	0	0	0	0	0	0	0	0	0	0	0.95	0.95	0	0	0	0	0	0	0	0	0	0	0	0	0	0.1	27.9
NA19098	0	0	0	0	0	0	0	0	0	0	0	0	0	0	0.75	0	0	0	0	0.77	0	0	0	0	0	0	0	0	0.48	28.29
HG00271	0	0	0	0	0	0	0	0	0	0	0	0	0	0	0.99	0	0	0	0	0.01	0	0	0	0	0	0	0	0	1.0	27.01
NA20520	0	0	0	0	0	0	0	0	0	0	0	0	0	0	0	0	0	0.36	0	0	0	0.59	0	0	0	0	0	0	1.05	28.49
HG00246	0	0	0	0	0	0	0	0.48	0	0	0.47	0.02	0	0.94	0	0	0	0	0	0	0	0	0	0	0	0	0	0	0.09	26.46
NA12045	0.89	0	0	0	0	0	0	0.06	0	0.01	0	0	0	0	0.5	0	0	0	0	0.02	0	0	0	0	0	0	0	0	0.52	22.02
NA12889	0	0	0.44	0	0	0	0	0	0	0	0.07	0	0.44	0	0	0	0	0	0	0	0	0	0	0	0	0	0	0	1.05	25.12
HG00276	0	0	0	0	0	0	0	0.79	0	0	0.13	0	0.04	0	0.06	0	0	0	0	0	0	0	0	0	0	0	0	0	0.98	25.31
NA12830	0	0	0	0	0.03	0	0	0.89	0	0	0.04	0	0	0	0	0	0	0	0	0	0	0	0	0	0	0	0	0	1.04	25.05
NA18519	0	0	0	0	0	0	0	0	0	0	0	0.95	0	0.95	0	0	0	0	0	0	0	0	0	0	0	0	0	0	0.1	26.95
NA06984	0	0	0.95	0	0	0	0	0	0	0	0	0	0	0	0.03	0	0	0	0	0.01	0	0	0	0	0	0	0	0	1.01	23.2
HG00320	0	0	0	0	0	0	0	0	0	0	0	0	0	0	0	0	0	0	0	0	0	0	0	0	0	0	0	0	2.0	26.0
NA19223	0	0	0	0	0	0	0	0	0.95	0	0	0	0	0	0	0	0	0	0	0.06	0	0	0	0	0	0	0	0	0.99	25.17
NA19107	0	0	0	0	0	0	0	0	0	0	0	0	0	0	0.54	0	0	0	0	0	0	0	0	0	0	0	0	0	1.46	26.54
HG00382	0	0	0.07	0	1.02	0	0	0.75	0	0	0.07	0	0	0	0	0	0	0	0	0	0	0	0	0	0	0	0	0	0.09	23.0
HG00119	0	0.34	0.29	0	0.27	0	0	0.06	0	0	0.01	0	0	0	0.11	0	0	0	0	0	0	0	0	0	0	0	0	0	0.92	23.28
