	17	18	18.5	19	20	20.5	21	21.5	22.5	22.75	23	23	23.5	23.5	24	24.5	24.75	25	25	25.5	26	26	26.5	27	27	28	22	Beta
NA19131	0	0	0	0	0	0	0	0	0	0	0	0	0	0	0.96	0	0	0	0	0	0	0.01	0	0	0	0	1.03	45.96
NA19198	0	0	0	0	0	0	0	0	0	0	0	0.32	0	0	0.32	0	0	0	0	0	0	0	0	0.32	0	0	1.04	46.56
HG00273	0	0	0	0	0	0	0.01	0	0	0	0	0.56	0	0	0.33	0	0	0	1.02	0	0	0	0	0	0	0	0.08	48.27
HG00150	0	0.11	0	0.03	0.07	0	1.01	0	0	0	0	0.36	0	0.01	0.19	0	0	0	0.02	0	0	0.05	0	0	0	0	0.15	43.335
HG00145	0	0	0	0	0.04	0	0.92	0	0	0	0	0	0	0	0	0	0	0	0	0	0	0	0	0	0	0	1.04	43.0
HG00339	0	0	0	0.01	0.01	0	0.12	0	0	0	0	1.41	0	0	0.01	0	0	0	0	0	0	0	0	0	0	0	0.44	45.26
HG00102	0	0	0	0.02	0.01	0	0.21	0	0.01	0	0	0.53	0	0	0.01	0	0	0	0	0	0	0	0	0	0	0	1.21	44.265
NA18523	0	0	0	0	0	0	0.26	0	0	0	0	0.02	0	0	0.25	0	0	0	0.26	0	0	1.09	0	0	0	0	0.12	49.4
HG00346	0	0	0	0.01	0.22	0	0.11	0	0	0	0	0.08	0	0	0.01	0	0	0	0.88	0	0	0.01	0	0	0	0	0.68	46.2
NA12249	0	0.02	0	0.01	0.06	0	0.55	0	0	0	0	0.06	0	0	0.17	0	0	0	0	0	0	0	0	0	0	0	1.13	43.62
HG00266	0	0	0	0	0	0	0	0	0	0	0	0	0	0	0.96	0	0	0	0	0	0	0	0	0	0	0	1.04	45.92
NA12413	0	0	0	0	0	0	0	0	0	0	0	0.84	0	0	0.07	0	0	0	0.07	0	0	0	0	0	0	0	1.02	45.19
NA19236	0	0	0	0	0	0	0	0	0	0	0	0	0	0	0.01	0	0	0	0.95	0	0	0	0	0	0	0	1.04	46.87
NA20544	0	0	0	0	0	0	0.01	0	0	0	0	0.59	0	0	0.33	0	0	0	0.04	0	0	0	0	0	0	0	1.03	45.36
NA19204	0	0	0	0	0	0	0	0	0	0	0	0	0	0	1.91	0	0	0	0	0	0	0	0	0	0	0	0.09	47.82
HG00103	0	0	0	0	0.01	0	0.9	0	0	0	0	0.01	0	0	0.41	0	0	0	0.55	0	0	0	0	0	0	0	0.12	45.56
NA20582	0	0	0	0	0.02	0	0.25	0	0	0	0	0.1	0	0	0.01	0	0	0	0.02	0	0	0	0	0	0	0	1.6	43.89
NA19172	0	0	0.32	0	0.63	0	0.34	0	0	0	0	0	0	0	0	0	0	0	0	0	0	0.01	0	0	0	0	0.7	41.32
NA20815	0	0	0	0.06	0.87	0	0.86	0	0	0	0	0	0	0	0	0	0	0	0	0	0	0	0	0	0	0	0.21	41.22
HG00375	0	0	0	0	0	0	0.96	0	0	0	0	0	0	0	0	0	0	0	0.96	0	0	0	0	0	0	0	0.08	45.92
NA18933	0	0.09	0	0.01	0	0	0.29	0	0	0	0	0.02	0	0	1.15	0	0	0	0.29	0	0	0.04	0	0	0	0	0.11	46.67
HG00245	0	0	0	0	0.37	0	0.59	0	0	0	0	0.96	0	0	0	0	0	0	0	0	0	0	0	0	0	0	0.08	43.63
HG00319	0	0	0	0.45	0.46	0	0.03	0	0	0	0	0	0	0	0.05	0	0	0	0	0	0	0	0	0	0	0	1.01	41.8
NA12155	0	0	0	0.01	0.06	0	0.25	0	0.01	0	0	1.18	0	0	0.12	0	0	0	0.07	0	0	0	0	0	0	0	0.3	45.235
NA12749	0	0	0	0	0	0	0.96	0	0.95	0	0	0	0	0	0	0	0	0	0	0	0	0	0	0	0	0	0.09	43.515
HG00341	0	0	0	0	0.96	0	0	0	0	0	0	0	0	0	0	0	0	0	0	0	0	0	0	0	0	0	1.04	42.08
NA20771	0	0	0	0.01	0	0	1.56	0	0	0	0	0.07	0	0	0.23	0	0	0	0	0	0	0	0	0	0	0	0.13	42.94
NA20761	0	0.96	0	0	0	0	0	0	0	0	0	0.85	0	0	0	0	0	0	0	0	0	0	0	0	0	0	0.19	41.01
NA12341	0	0	0	0	0.96	0	0	0	0	0	0	0	0	0	0	0	0	0	0.96	0	0	0	0	0	0	0	0.08	44.96
HG00380	0	0	0	0.19	0.58	0	0.19	0	0	0	0	0	0	0	0.96	0	0	0	0	0	0	0	0	0	0	0	0.08	44.0
NA12763	0	0	0	0	0	0	0.74	0	0	0	0	0.01	0	0	0	0	0	0	0	0	0	0	0	0	0	0	1.25	43.27
NA18917	0	0	0	0	0	0	0	0	0	0	0	0.82	0	0	0	0	0	0	0	0	0	0	0	0	0	0	1.18	44.82
HG00116	0	0.14	0	0.04	0.1	0	0.03	0	0	0	0	0.1	0	0.01	0.31	0	0	0	1.01	0	0	0.11	0	0	0	0	0.15	47.295
HG00260	0	0	0	0	0.96	0	0.84	0	0	0	0	0.07	0	0	0	0	0	0	0	0	0	0.03	0	0	0	0	0.1	41.43
NA18907	0	0	0	0	0	0	0.02	0	0	0	0	0.28	0	0	0.23	0	0	0.02	0.24	0	0	0.02	0	0.02	0.96	0	0.21	50.48
NA20770	0	0	0	0.01	0.91	0	0.03	0	0	0	0	0.66	0	0	0.29	0	0	0	0.01	0	0	0	0	0	0	0	0.09	43.39
NA20807	0	0.02	0	0.01	0	0	0.14	0	0	0	0	0.19	0	0	0.9	0	0	0	0.05	0	0	0.05	0	0.01	0	0	0.63	46.14
NA20796	0	0.57	0	0.38	0.01	0	0.02	0	0	0	0	0	0	0	0	0	0	0	0.91	0	0	0	0	0	0	0	0.11	43.27
NA19160	0	0	0	0	0	0	0	0	0	0	0	0	0	0	0	0	0	0	0	0	0	0	0	0	0	0	2.0	44.0
NA20810	0	0	0	0.07	0.48	0	0.72	0	0	0	0	0.15	0	0	0.06	0	0	0	0	0	0	0	0	0	0	0	0.52	42.38
NA20787	0	0	0	0	0.25	0	0.71	0	0	0	0	0	0	0	0.96	0	0	0	0	0	0	0	0	0	0	0	0.08	44.71
NA07347	0	0	0	0	0.96	0	0	0	0	0	0	0.96	0	0	0	0	0	0	0	0	0	0	0	0	0	0	0.08	43.04
HG00101	0	0	0	0	0.01	0	0.01	0	0	0	0	1.01	0	0	0.32	0	0	0	0.18	0	0	0.09	0	0	0	0	0.38	46.52
HG00160	0	0	0	0	0	0	0	0	0	0	0	0.64	0	0	0.93	0	0	0	0	0	0	0.01	0	0	0	0	0.42	46.54
HG00251	0	0.06	0	0.09	0.4	0	0.28	0.02	0.04	0	0	0.79	0.01	0	0.02	0.01	0	0	0.01	0	0	0	0	0	0	0	0.27	43.32
HG00146	0	0	0	0	0.06	0	0	0	0	0	0	0.61	0	0	0.01	0	0	0	0.65	0	0	0.37	0	0	0	0	0.3	47.94
NA20819	0	0	0	0	0	0	0.01	0	0	0	0	0.45	0	0	0.96	0	0	0	0	0	0	0	0	0	0	0	0.58	46.36
NA12778	0.01	0	0	1.74	0.09	0	0.05	0	0	0	0	0.01	0	0	0	0	0	0	0	0	0	0	0	0	0	0	0.1	38.51
NA12890	0	0	0	0	0.96	0	0	0	0	0	0	0	0	0	0	0	0	0	0.57	0	0	0.39	0	0	0	0	0.08	45.35
NA20535	0	0.31	0	0.05	0.4	0	0.1	0	0	0	0	0.04	0	0	0.01	0	0	0	0	0	0	0	0	0	0	0	1.09	41.77
NA19116	0	0	0	0	0	0	0.41	0	0	0	0	0	0	0	0.03	0	0	0	0	0	0	0.05	0	0	0	0	1.51	43.85
NA20506	0	0	0	0.64	0.81	0	0.32	0	0.01	0	0	0.01	0	0	0.01	0	0	0	0	0	0	0	0	0	0	0	0.2	40.175
HG00330	0	0	0	0	0	0	0	0	0	0	0	0.96	0	0	0.55	0	0	0	0	0	0	0.41	0	0	0	0	0.08	47.7
HG00189	0	0	0	0	0	0	0.01	0	0	0	0	0.1	0	0	1.34	0	0	0.01	0.17	0	0	0.01	0	0	0	0	0.36	47.35
HG00233	0	0	0	0	0.96	0	0.68	0	0	0	0	0.27	0	0	0	0	0	0	0	0	0	0	0	0	0	0	0.09	41.67
NA12546	0	0	0	0	0.96	0	0	0	0	0	0	0.63	0	0	0	0	0	0	0.2	0	0	0.03	0	0	0	0	0.18	43.43
NA19129	0	0	0	0	0.46	0	0.48	0	0	0	0	0.48	0	0	0	0	0.05	0	0.45	0	0	0	0	0	0	0	0.08	44.5675
NA20525	0	0	0	0	0	0	0.02	0	0	0	0	0.23	0	0	1.15	0	0	0	0.25	0	0	0.05	0	0	0	0	0.3	47.46
NA19144	0	0	0	0	0	0	0	0	0	0	0	0	0	0	0.96	0	0	0	0	0	0	0	0	0	0	0	1.04	45.92
NA12058	0	0	0	0	1.55	0	0.34	0	0	0	0	0.01	0	0	0	0	0	0	0	0	0	0	0	0	0	0	0.1	40.57
NA20516	0	0	0	0	0.94	0	0.05	0	0	0	0	0.78	0	0	0.03	0	0	0	0.03	0	0	0.02	0	0	0	0	0.15	43.08
NA20797	0	0	0	0	0	0	0.51	0	0	0	0	0.41	0	0	0.01	0	0	0	0.96	0	0	0	0	0	0	0	0.11	46.8
HG00178	0	0	0	0	0	0	0	0	0	0	0	0.09	0	0	0.96	0	0	0	0	0	0	0	0	0	0	0	0.95	46.01
NA11832	0	0	0	0	0	0	0.96	0	0	0	0	0.9	0	0	0	0	0	0	0	0	0	0	0	0	0	0	0.14	43.94
NA18520	0	0	0	0	0.01	0	0.59	0	0	0	0	0.02	0	0	1.27	0	0	0	0	0	0	0	0	0	0	0	0.11	45.95
HG00263	0	0	0	0	0	0	0.01	0	0	0	0	0.83	0	0	0.08	0	0	0	0.04	0	0	0.04	0	0	0	0	1.0	45.26
HG00127	0	0	0	0	0.97	0	0.73	0	0	0	0	0.01	0	0	0	0	0	0	0	0	0	0	0	0	0	0	0.29	41.34
HG00326	0	0	0	0.08	0.02	0	0.99	0	0	0	0	0.36	0	0	0.05	0	0	0	0	0	0	0.03	0	0	0	0	0.47	43.31
NA20531	0	0	0	0.96	0.91	0	0.03	0	0	0	0	0.01	0	0	0	0	0	0	0	0	0	0	0	0	0	0	0.09	39.28
HG00310	0	0.96	0	0	0	0	0	0	0	0	0	0.33	0	0	0.02	0	0	0	0	0	0	0	0	0	0	0	0.69	40.53
HG00378	0	0	0	0	0	0	0	0	0	0	0	0.48	0	0	0.48	0	0	0	0	0	0	0	0	0	0	0	1.04	45.44
NA12342	0	0	0	0	0.94	0	0.97	0	0	0	0	0	0	0	0	0	0	0	0	0	0	0	0	0	0	0	0.09	41.15
NA19206	0	0	0	0	0	0	0.57	0	0	0	0	0.39	0	0	0	0	0	0	0	0	0	0	0	0	0	0	1.04	43.82
NA20752	0	0	0	0	0.01	0	0	0	0	0	0	0.36	0	0	0.45	0	0	0	0.48	0	0	0.13	0	0.01	0	0	0.56	47.25
HG00157	0	0.01	0	0.02	0.13	0	1.41	0	0	0	0	0.12	0	0	0.02	0	0	0	0	0	0	0	0	0	0	0	0.29	42.39
HG00258	0	0	0	0	0.96	0	0	0	0	0	0	0.96	0	0	0	0	0	0	0	0	0	0	0	0	0	0	0.08	43.04
HG00177	0	0	0	0	0	0	0	0	0	0	0	0.96	0	0	0.96	0	0	0	0	0	0	0	0	0	0	0	0.08	46.88
HG00353	0	0	0	0	0	0	0.01	0	0	0	0	0.16	0	0	1.32	0	0	0	0.04	0	0	0.01	0	0	0	0	0.46	46.95
NA19114	0	0	0	0	0	0	0	0	0	0	0	0	0	0	0	0	0	0	0	0	0	0.96	0	0	0	0	1.04	47.84
HG00131	0	0	0	0	0	0	0.95	0	0	0	0	0.21	0	0	0.01	0	0	0	0	0	0	0	0	0	0	0	0.83	43.28
HG00372	0	0	0	0.01	1.79	0	0.04	0	0	0	0	0	0	0	0	0	0	0	0	0	0	0	0	0	0	0	0.16	40.35
NA19092	0	0	0	0	0	0	0	0	0	0	0	0.96	0	0	0.96	0	0	0	0	0	0	0	0	0	0	0	0.08	46.88
NA10847	0	0	0	0	0.02	0	0.79	0	0	0	0	0.83	0	0	0	0	0	0	0	0	0	0	0	0	0	0	0.36	44.0
HG00277	0	0.76	0	0.15	0.98	0	0	0	0	0	0	0	0	0	0.03	0	0	0	0	0	0	0	0	0	0	0	0.08	38.61
NA18510	0	0	0	0	0	0	0.96	0	0	0	0	0	0	0	0	0	0	0	0	0	0	0	0	0	0	0	1.04	43.04
NA12399	0	0	0	0	0.58	0	0.24	0	0	0	0	0	0	0	0	0	0	0	0.96	0	0	0	0	0	0	0	0.22	45.48
HG00327	0	0	0	0.01	0.62	0	1.27	0	0	0	0	0	0	0	0	0	0	0	0	0	0	0	0	0	0	0	0.1	41.46
NA19247	0	0	0	0.01	0.25	0	0.88	0	0	0	0	0	0	0	0.06	0	0	0	0	0	0	0.09	0	0	0	0	0.71	43.07
HG00332	0	0	0	0	0.76	0	0	0	0	0	0	0.19	0	0	0.95	0	0	0	0.01	0	0	0	0	0	0	0	0.09	44.6
NA18504	0	0	0.32	0	0.63	0	0.21	0	0	0.01	0	0	0	0	0.02	0	0	0	0	0	0	0.31	0	0	0	0	0.5	42.6975
HG00252	0	0	0	0	0	0	0.37	0	0	0	0	0.48	0	0	0.87	0	0	0	0.09	0	0	0.05	0	0	0	0	0.14	46.32
HG00238	0	0	0	0	0.96	0	0.06	0	0	0	0	0	0	0	0	0	0	0	0	0	0	0	0	0	0	0	0.98	42.02
HG00342	0	0	0	0.09	0.03	0	0.93	0	0	0	0	0	0	0	0.62	0	0	0	0	0	0	0	0	0	0	0	0.33	43.98
NA20581	0	0	0	0.06	0.01	0	0.98	0	0	0	0	0	0	0	0	0	0	0	0	0	0	0	0	0	0	0	0.95	42.82
HG00268	0	0	0	0	0.11	0	0.46	0	0.01	0	0	0.51	0	0	0.15	0	0	0	0.01	0	0	0	0	0	0	0	0.75	44.165
HG00154	0	0	0	0.95	0.01	0	0	0	0	0	0	0	0	0	0	0	0	0	0.96	0	0	0	0	0	0	0	0.08	44.01
HG00371	0	0	0	0	1.88	0	0.02	0	0	0	0	0	0	0	0	0	0	0	0	0	0	0	0	0	0	0	0.1	40.22
NA18870	0	0	0	0	0	0	0	0	0	0	0	0	0	0	0	0	0	0	0	0	0	0	0	0	0	0	2.0	44.0
NA20505	0	0	0	0	0	0	0.01	0	0	0	0	0.05	0	0	0.04	0	0	0	0.94	0	0	0.87	0	0	0	0	0.09	50.42
NA20538	0	0	0	0	0	0	0.1	0	0	0	0	1.11	0	0	0.25	0	0	0	0.17	0	0	0.1	0	0	0	0	0.27	46.42
HG00182	0.03	0.02	0	0.21	0.35	0	0.17	0	0.02	0	0	0.18	0	0	0.02	0	0	0	0	0	0	0	0	0	0	0	1.0	42.5
NA19207	0	0	0	0	0	0	0.93	0	0	0	0	0.23	0	0	0.19	0	0	0.08	0.19	0	0	0.02	0	0.01	0	0	0.35	44.62
HG00373	0	0	0	0	0.1	0	0	0	0	0	0	0.78	0	0	0.4	0	0	0	0.01	0	0	0.1	0	0	0	0	0.61	45.81
NA20800	0	0	0	0.01	0.96	0	0.01	0	0	0	0	0.26	0	0	0.01	0	0	0	0	0	0	0	0	0	0	0	0.75	42.32
HG00151	0	0	0	0	0	0	0.96	0	0	0	0	0.1	0	0	0	0	0	0	0	0	0	0	0	0	0	0	0.94	43.14
NA11829	0	0.01	0	0	0	0	0.9	0	0	0	0	0	0	0	0	0	0	0	0	0	0	0	0	0	0	0	1.09	43.06
HG00324	0	0.02	0	0.21	0.53	0	0.19	0	0	0	0	0.01	0	0	0.03	0	0	0	0.02	0	0	0.91	0	0	0	0	0.08	45.81
HG00120	0	0	0	0	0	0	0.52	0	0	0	0	0.1	0	0	0.24	0	0	0	0.61	0	0	0.08	0	0	0	0	0.45	46.21
NA12828	0	0	0	0	0.36	0	1.55	0	0	0	0	0	0	0	0	0	0	0	0	0	0	0	0	0	0	0	0.09	41.73
NA12777	0	0	0	0	0	0	0.01	0	0	0	0	0.98	0	0	0	0	0	0	0.87	0	0	0.06	0	0	0	0	0.08	47.82
NA20539	0	0	0	0.95	0.01	0	0	0	0	0	0	0.01	0	0	0.72	0	0	0	0.19	0	0	0	0	0	0	0	0.12	43.15
NA19213	0	0	0	0	0	0	0.02	0	0	0	0	0.01	0	0	0.05	0	0	0	0.88	0	0	0	0	0	0	0	1.04	46.73
NA19147	0	0	0	0	0	0	0.4	0	0	0	0	0.56	0	0	0	0	0	0	0	0	0	0	0	0	0	0.95	0.09	49.86
HG00379	0	0	0	0.18	0.02	0	0.14	0	0	0	0	0.24	0	0	0.08	0	0	0	0.02	0	0	0.01	0	0	0	0	1.31	43.78
HG00158	0	0	0	0	0	0	1.18	0	0	0	0	0.47	0	0	0	0	0	0	0.01	0	0	0	0	0	0	0	0.34	43.32
HG00329	0	0	0	0	0	0	0.13	0	0	0	0	0	0	0	0	0	0	0	0.96	0	0	0	0	0	0	0	0.91	46.75
HG00344	0	0	0	0.03	0.88	0	0.43	0	0	0	0	0.01	0	0	0.01	0	0	0	0	0	0	0	0	0	0	0	0.64	41.75
NA11931	0	0	0	0	0.96	0	0.01	0	0	0	0	0.92	0	0	0.01	0	0	0	0	0	0	0	0	0	0	0	0.1	43.01
HG00142	0	0.95	0	0.01	0.79	0	0.02	0	0	0	0	0.11	0.03	0	0.02	0	0	0	0	0	0	0	0	0	0	0	0.07	38.765
HG00100	0	0	0	0	0	0	0.94	0	0	0	0	0.02	0	0	0.96	0	0	0	0	0	0	0	0	0	0	0	0.08	45.0
NA12843	0	0	0	0	0	0	0	0	0	0	0	0.94	0	0	0.87	0	0	0	0.09	0	0	0	0	0	0	0	0.1	46.95
NA18909	0	0	0	0	0	0	0	0	0	0	0	0	0	0	0	0	0	0	0	0	0	0.96	0	0	0	0	1.04	47.84
HG00243	0	0	0	0	0.85	0	0.07	0	0	0	0	0.39	0	0	0	0	0	0	0.57	0	0	0.01	0	0	0	0	0.11	44.37
NA20806	0	0	0	0	0	0	0.01	0	0	0	0	0.08	0	0.01	0.25	0	0	0	0.15	0	0	0.5	0	0.93	0	0	0.07	51.685
NA20768	0	0	0	0	0	0	0	0	0	0	0	1.45	0	0	0.27	0	0	0	0	0	0	0.03	0	0	0	0	0.25	46.11
HG00123	0	0	0	0.49	0.47	0	0	0	0	0	0	0	0	0	0.65	0	0	0	0.31	0	0	0	0	0	0	0	0.08	43.82
NA20529	0	0	0	0	0	0	0	0	0	0	0	0.31	0	0	0.93	0	0	0	0.34	0	0	0.19	0	0	0	0	0.23	47.95
HG00122	0	0	0	0	0	0	0	0	0	0	0	0.64	0	0.03	0.32	0	0	0	0.93	0	0	0	0	0	0	0	0.08	48.115
NA18853	0	0	0.32	0.05	0.98	0	0.24	0	0	0	0	0.05	0	0	0.08	0	0	0	0.05	0	0	0.02	0	0	0	0	0.21	40.97
NA19189	0	0.02	0	0.1	0.37	0	0.29	0	0	0	0	0.1	0	0	0.06	0	0	0	0.01	0	0	0	0	0	0	0	1.05	42.84
HG00148	0	0	0	0	0.01	0	0.04	0	0.95	0	0	0.55	0	0	0.36	0	0	0	0.01	0	0	0	0	0	0	0	0.08	45.715
HG00171	0	0	0	0	1.74	0	0.18	0	0	0	0	0	0	0	0	0	0	0	0	0	0	0	0	0	0	0	0.08	40.34
HG00331	0	0	0	0	0	0	0	0	0	0	0	0.97	0	0	0	0	0	0	0	0	0	0	0	0	0	0	1.03	44.97
HG00381	0	0	0	0	0.96	0	0	0	0	0	0	0.88	0	0	0.03	0	0	0	0	0	0	0.01	0	0	0	0	0.12	43.06
NA18856	0	0	0	0	0	0	0.96	0	0	0	0	0	0	0	0	0	0	0	0	0	0	0	0	0	0.96	0	0.08	47.84
HG00345	0	0	0	0	0.02	0	0.03	0	0.43	0	0	0.08	0	0	0.06	0	0	0	0.82	0	0	0	0	0	0	0	0.56	46.805
NA18861	0	0	0	0	0.01	0	0	0	0	0	0	0.01	0	0	0	0	0	0	0.95	0	0	0	0	0	0	0	1.03	46.84
HG00185	0	0	0	0.04	0.86	0	1.02	0	0	0	0	0	0	0	0	0	0	0	0	0	0	0	0	0	0	0	0.08	41.14
NA07051	0	0	0	0	0.59	0	0.37	0	0	0	0	0	0	0	0	0	0	0	0.96	0	0	0	0	0	0	0	0.08	45.33
NA20527	0	0	0	0.01	0.01	0	0.06	0	0	0	0	0.06	0	0	0.8	0	0	0.96	0	0	0	0	0	0	0	0	0.1	48.43
NA20783	0	0	0	0	0	0	0.97	0	0	0	0	0.79	0	0	0.01	0	0	0	0.01	0	0	0	0	0	0	0	0.22	43.87
NA19137	0	0	0	0	0.04	0	0.81	0	0	0	0	0.09	0	0	0	0	0	0	0.92	0	0	0	0	0	0	0	0.14	45.96
NA19201	0	0	0.63	0.01	1.26	0	0.02	0	0	0	0	0	0	0	0	0	0	0	0	0	0	0	0	0	0	0	0.08	39.225
NA18488	0	0	0	0	0	0	0.22	0	0	0	0	0	0	0	0.04	0	0	0	0	0	0	0.25	0	0	0	0	1.49	44.86
HG00311	0	0	0	0.04	0.87	0	0.07	0	0	0	0	0.93	0	0	0	0	0	0	0	0	0	0	0	0	0	0	0.09	43.0
HG00337	0	0	0	0	0.02	0	0.03	0	0.43	0	0	0.01	0	0	0	0	0	0	0.96	0	0	0	0	0	0	0	0.55	47.035
HG00257	0	0.01	0	0.06	0.99	0	0.06	0	0.02	0	0	0.22	0	0	0.11	0	0	0	0.14	0	0	0.04	0	0.02	0	0	0.33	42.87
HG00136	0	0	0	0.02	0.5	0	0.29	0	0	0	0	0.96	0	0	0.01	0	0	0	0.01	0	0	0	0	0	0	0	0.21	43.66
NA20826	0	0	0	0	0	0	0.96	0	0	0	0	0	0	0	0	0	0	0	0	0	0	0	0	0	0	0	1.04	43.04
NA20518	0	0	0	0.11	1.7	0	0.05	0	0	0	0	0.01	0	0	0	0	0	0	0	0	0	0	0	0	0	0	0.13	40.23
NA20786	0	0	0	0	0.01	0	0.53	0	0	0	0	0.89	0	0	0.01	0	0	0	0.46	0	0	0	0	0	0	0	0.1	45.74
NA20760	0	0	0	0.03	1.02	0	0.07	0	0	0	0	0.17	0	0	0.13	0	0	0	0	0	0	0	0	0	0	0	0.58	42.23
HG00114	0	0	0	0.11	0.01	0	0.14	0	0	0	0	1.08	0	0	0.53	0	0	0	0	0	0	0	0	0	0	0	0.13	45.65
HG00117	0	0	0	0	0.72	0	0	0	0	0	0	0.24	0	0	0	0	0	0	0	0	0	0	0	0	0	0	1.04	42.8
NA20534	0	0	0	0.03	0.75	0	0.1	0	0	0	0	0.08	0	0	0.09	0	0	0	0.54	0	0	0.26	0	0.02	0	0	0.13	45.33
NA20809	0	0.74	0	0.87	0.21	0	0.07	0	0.01	0	0	0.02	0	0	0	0	0	0	0	0	0	0	0	0	0	0	0.08	37.965
NA12273	0	0.48	0	0	0.48	0	0	0	0	0	0	0	0	0	0.95	0	0	0	0.01	0	0	0	0	0	0	0	0.08	43.05
NA20808	0	0	0	0	0.35	0	0.61	0	0	0	0	0.53	0	0	0.22	0	0	0	0	0	0	0	0	0	0	0	0.29	43.66
NA19197	0	0	0	0	0	0	0	0	0	0	0	0	0	0	0	0	0	0	0	0	0	0	0	0	0	0	2.0	44.0
NA11918	0	0	0	0	1.1	0	0.56	0	0	0	0	0.16	0	0	0	0	0	0	0	0	0	0	0	0	0	0	0.18	41.4
NA20509	0	0	0	0	0.04	0	0.29	0	0	0	0	0.03	0	0	0.16	0	0	0	0.05	0	0	0	0	0	0	0	1.43	44.13
NA20757	0	0	0	0	0	0	0	0	0	0	0	0.04	0	0	0.73	0	0	0	0.23	0	0	0.02	0	0	0	0	0.98	46.27
HG00125	0	0	0	0.14	0.86	0	0.15	0	0	0	0	0.74	0	0	0.01	0	0	0	0	0	0	0	0	0	0	0	0.1	42.47
NA11894	0	0	0	0.94	0	0	0.01	0	0	0	0	0.35	0	0	0	0	0	0	0	0	0	0	0	0	0	0	0.7	41.52
NA18517	0	0	0	0	0	0	0	0	0	0	0	0	0	0	0	0	0	0	0	0	0	0	0	0	0	0	2.0	44.0
NA20798	0	0	0	0.02	1	0	0.3	0	0	0	0	0.05	0	0	0.01	0	0	0	0	0	0	0	0	0	0	0	0.62	41.71
NA20588	0	0.96	0	0	0	0	0	0	0	0	0	0.55	0	0	0.41	0	0	0	0	0	0	0	0	0	0	0	0.08	41.53
HG00285	0	0.32	0	0.64	0.93	0	0.02	0	0	0	0	0	0	0	0	0	0	0	0	0	0	0	0	0	0	0	0.09	38.92
NA19153	0	0	0	0	0	0	0.48	0	0	0	0	0.51	0	0	0.93	0	0	0	0	0	0	0	0	0	0	0	0.08	45.89
NA20804	0	0.04	0	0.03	0.04	0	0.63	0	0	0	0	0.35	0	0	0	0	0	0	0	0	0	0	0	0	0	0	0.91	43.39
HG00306	0	0	0	0	0.14	0	0.36	0	0	0	0	0.15	0	0	0.58	0	0	0.01	0.06	0	0	0.01	0	0	0	0	0.69	44.92
NA19210	0	0.06	0	0.02	0.22	0	0.22	0	0	0	0	0.09	0	0	0.11	0	0	0	1.08	0	0	0.03	0	0.01	0	0	0.16	46.76
NA18908	0	0	0	0	0	0	0	0	0	0	0	0.07	0	0	0	0	0	0	0	0	0	0.48	0	0	0	0	1.45	45.99
NA20585	0	0.01	0	0.05	0.36	0	0.5	0	0	0	0	0.01	0	0	0	0	0	0	0	0	0	0.95	0	0	0	0	0.12	46.4
NA20543	0	0	0	0	0	0	0.96	0	0	0	0	0.84	0	0	0.02	0	0	0	0.1	0	0	0	0	0	0	0	0.08	44.22
NA20508	0	0	0	0	0.39	0	0.57	0	0	0	0	0	0	0	0.09	0	0	0	0.87	0	0	0	0	0	0	0	0.08	45.44
NA18916	0	0	0.32	0	0.63	0	0.02	0	0	0	0	0.21	0	0	0.11	0	0	0	0	0	0	0	0	0	0	0	0.71	42.03
NA20799	0	0	0	0	0.42	0	0.54	0	0	0	0	0.01	0	0.13	0.02	0	0	0	0.8	0	0	0	0	0	0	0	0.08	45.265
NA19235	0	0	0	0.03	0.55	0	0.13	0	0	0	0	0.1	0	0	0.01	0	0	0	0	0	0	0	0	0	0	0	1.18	42.8
HG00240	0	0	0	0	1.9	0	0.01	0	0	0	0	0	0	0	0	0	0	0	0	0	0	0	0	0	0	0	0.09	40.19
NA20765	0	0	0	0	0	0	0.45	0	0	0	0	0.57	0	0	0.32	0	0	0	0.32	0	0	0	0	0	0	0	0.34	45.72
NA18516	0	0	0	0	0	0	0.13	0	0	0	0	0.05	0	0	1.62	0	0	0	0.07	0	0	0.02	0	0.01	0	0	0.1	47.5
NA20801	0	0	0	0	0.33	0	0.63	0	0	0	0	0.09	0	0	0.19	0	0	0.39	0.11	0	0.15	0.02	0	0	0	0	0.09	45.36
NA18867	0	0	0	0.02	0.19	0	0.33	0	0	0.02	0	0.12	0	0	0.03	0	0	0	0	0	0	0.28	0	0	0	0	1.01	44.545
NA20524	0	0	0	0.62	0.3	0	0.28	0	0	0	0	0.01	0	0	0	0	0	0	0	0	0	0	0	0	0	0	0.79	41.27
HG00323	0	0	0	0	0.96	0	0	0	0	0	0	0.16	0	0	0.14	0	0	0	0.62	0	0	0.05	0	0	0	0	0.07	44.58
NA20589	0.02	0.01	0	0.11	0.37	0	0.27	0	0	0	0	0.04	0	0	0.02	0	0	0	0.32	0	0	0.63	0	0	0	0	0.21	46.08
NA11893	0	0	0	0	0	0	0.96	0	0	0	0	0.96	0	0	0	0	0	0	0	0	0	0	0	0	0	0	0.08	44.0
NA20502	0	0	0	0.95	0.08	0	0.09	0	0	0	0	0	0	0	0	0	0	0	0	0	0	0	0	0	0	0	0.88	40.9
HG00282	0	0	0	0	1.33	0	0	0	0	0	0	0	0	0	0	0	0	0	0	0	0	0	0	0	0	0	0.67	41.34
NA19171	0	0	0.32	0.04	0.73	0.01	0.32	0.03	0.09	0	0	0.11	0.02	0	0.05	0.02	0	0	0.03	0	0	0	0	0	0	0	0.23	41.375
NA12761	0	0	0	0.19	0.98	0	0.01	0	0	0	0	0.71	0	0	0.01	0	0	0	0	0	0	0.01	0	0	0	0	0.09	42.23
NA20795	0	0	0	0	0.14	0	0.59	0	0	0	0	0.06	0	0	0	0	0	0	0	0	0	0	0	0	0	0	1.21	43.19
NA19238	0	0	0	0.01	0.13	0	0.11	0	0	0	0	0.21	0	0	0.31	0	0.37	0	0.05	0	0	0.2	0	0	0	0	0.61	46.3975
NA19159	0	0	0	0	0	0	0	0	0	0	0	0	0	0	0	0	0	0	0	0	0	0.94	0	0	0.96	0	0.1	52.56
HG00366	0	0	0	0	0	0	0	0	0	0	0	0	0	0	0.96	0	0	0	0	0	0	0	0	0	0	0	1.04	45.92
NA11992	0	0	0	0	0.96	0	0.96	0	0	0	0	0	0	0	0	0	0	0	0	0	0	0	0	0	0	0	0.08	41.12
HG00141	0	0	0	0	0	0	0.96	0	0	0	0	0.04	0	0	0.82	0	0	0	0.06	0	0	0.05	0	0	0	0	0.07	45.1
NA18873	0	0	0.16	0.96	0.8	0	0.01	0	0	0	0	0	0	0	0	0	0	0	0	0	0	0	0	0	0	0	0.07	38.95
HG00336	0	0	0	0	0	0	0.93	0	0.01	0	0	0.88	0	0	0.05	0	0	0	0.01	0	0	0.02	0	0	0	0	0.1	44.165
NA06994	0	0	0	0.96	0.96	0	0	0	0	0	0	0	0	0	0	0	0	0	0	0	0	0	0	0	0	0	0.08	39.2
NA19190	0	0	0	0	0	0	0.95	0	0	0	0	0.01	0	0	0	0	0	0	0	0	0	0	0	0	0	0	1.04	43.06
HG00186	0	0	0	0	0.95	0	0.01	0	0	0	0	0.04	0	0	0.43	0	0	0	0.01	0	0	0	0	0	0	0	0.56	43.02
NA20805	0	0	0	0	0	0	0.52	0	0	0	0	1.02	0	0	0.01	0	0	0	0	0	0	0	0	0	0	0	0.45	44.52
HG00325	0	0	0	0	0	0	0	0	0	0	0	0.54	0	0	0.41	0	0	0	0	0	0	0	0	0	0	0	1.05	45.36
NA20766	0	0	0	0.57	0.33	0	0.03	0	0	0	0	0.01	0	0	0.01	0	0	0.08	0.01	0	0.87	0	0	0	0	0	0.09	45.38
HG00183	0	0	0	0	0	0	0.02	0	0	0	0	0.24	0	0	0.31	0	0	0	0.58	0	0	0.15	0	0	0	0	0.7	47.18
NA12827	0	0	0	0	0.94	0	0.97	0	0	0	0	0	0	0	0	0	0	0	0	0	0	0	0	0	0	0	0.09	41.15
NA12400	0	0	0	0	0	0	0.99	0	0	0	0	0.2	0	0	0.45	0	0	0	0	0	0	0	0	0	0	0	0.36	44.11
NA12760	0	0	0	0	0	0	0	0	0	0	0	0	0	0	0.95	0	0	0	0.01	0	0	0	0	0	0	0	1.04	45.93
NA20540	0	0	0	0.67	0.23	0	0.03	0	0	0	0	0.01	0	0	0.89	0	0	0	0.05	0	0	0	0	0	0	0	0.12	43.44
NA20772	0	0	0	0	0.6	0	0.23	0	0	0	0	0.1	0	0	0.01	0	0	0	0.84	0	0	0.01	0	0	0	0	0.21	45.25
NA07056	0	0	0	0.09	0.86	0	0.01	0	0.96	0	0	0	0	0	0	0	0	0	0	0	0	0	0	0	0	0	0.08	42.48
NA12154	0	0	0	0	0.64	0	0.08	0	0	0	0	0.14	0	0	0.11	0	0	0	0.05	0	0	0	0	0	0	0	0.98	43.15
HG00149	0	0	0	0	0	0	0	0.44	0	0	0	0.01	0	0	0.04	0	0	0	0.47	0	0	0	0	0	0	0	1.04	45.28
NA18912	0	0	0	0.03	0.19	0	0.09	0	0	0	0	0.56	0	0	0.02	0	0	0	0	0	0	0.96	0	0	0	0	0.15	47.88
HG00343	0.01	0.02	0	0.17	0.34	0	0.25	0	0	0	0	0.09	0	0	0.04	0	0	0	0	0	0	0	0	0	0	0	1.08	42.6
NA19130	0	0	0	0	0.01	0	0	0	0	0	0	0.03	0	0	0	0	0	0	0.95	0	0	0	0	0	0	0	1.01	46.86
NA12286	0	0	0	0	0.91	0	0.04	0	0	0	0	0	0	0	0	0	0	0	0	0	0	0	0	0	0	0	1.05	42.14
NA12340	0	0	0	0	0.01	0	0.12	0.87	0.01	0	0	0.24	0.01	0	0.23	0	0	0	0.21	0	0	0	0	0	0	0	0.3	44.775
HG00118	0	0.04	0	0.01	0.87	0	0.09	0	0	0	0	0.79	0	0	0.05	0	0	0	0.07	0	0	0.02	0	0	0	0	0.06	43.16
HG00275	0	0	0	0	0	0	0.01	0	0	0	0	0	0	0	0	0	0	0	0.96	0	0	0	0	0	0	0	1.03	46.87
NA19143	0	0	0	0.01	0.67	0	0.13	0	0	0	0	0.09	0	0	0.28	0	0	0	0.13	0	0	0.24	0	0	0	0	0.45	44.5
HG00280	0	0	0	0.01	1.38	0	0.42	0	0	0	0	0.06	0	0	0	0	0	0	0	0	0	0	0	0	0	0	0.13	40.85
NA12383	0	0	0	0	0.01	0	0.83	0	0	0	0	0.49	0	0	0.08	0	0	0	0	0	0	0	0	0	0	0	0.59	43.8
NA12717	0	0	0	0.49	0.21	0	1.02	0	0	0	0	0	0	0	0	0	0	0	0	0	0	0	0	0	0	0	0.28	41.09
NA20814	0	0	0	0	0	0	0.96	0	0	0	0	0	0	0	0	0	0	0	0.01	0	0	0.95	0	0	0	0	0.08	46.87
NA18501	0	0	0.31	0.01	0.63	0	0.01	0	0	0	0	0	0	0	0	0	0	0	0	0	0	0	0	0	0	0	1.04	41.615
HG00231	0	0	0	0	0.14	0	0	0	0	0	0	0.64	0	0	0.41	0	0	0	0	0	0	0	0	0	0	0	0.81	45.18
HG00242	0	0	0	0	0.96	0	0	0	0	0	0	0	0	0	0.96	0	0	0	0	0	0	0	0	0	0	0	0.08	44.0
NA18486	0	0	0	0	0	0	0.66	0	0	0	0	0.47	0	0	0.12	0	0	0	0	0	0	0.12	0	0	0	0	0.63	44.53
HG00274	0	0	0	0.04	0.87	0	0.5	0	0.5	0	0	0	0	0	0	0	0	0	0	0	0	0	0	0	0	0	0.09	41.89
HG00335	0	0.02	0	0.01	0.04	0	0.16	0	0	0	0	0.31	0	0	0.05	0	0	0	0.45	0	0	0.01	0	0	0	0	0.95	45.45
HG00259	0	0	0	0.02	0.02	0	0.24	0.07	0.34	0	0	0.3	0.09	0	0.04	0.06	0	0	0.16	0.02	0	0.26	0	0.08	0	0	0.3	46.45
NA20530	0	0	0	0	0.14	0	0.96	0	0	0	0	0.01	0	0	0	0	0	0	0	0	0	0	0	0	0	0	0.89	42.77
HG00096	0	0	0	0	0.03	0	0.09	0	0	0	0	1.23	0	0	0	0	0	0	0	0	0	0	0	0	0	0	0.65	45.08
NA18871	0	0	0	0	0	0	0.01	0	0	0	0	0.05	0	0	0.03	0	0	0	0.01	0	0	0	0	0	0	0	1.9	44.13
NA20802	0	0.01	0	0.11	0.88	0	0.06	0	0	0	0	0.02	0	0	0.01	0	0	0	0	0	0	0	0	0	0	0	0.91	41.85
HG00236	0	0.61	0	0.35	0.94	0	0.01	0	0	0	0	0	0	0	0	0	0	0	0	0	0	0	0	0	0	0	0.09	38.62
NA11920	0	0	0	0	0.96	0.53	0.02	0.05	0.16	0	0	0	0.14	0	0.02	0.03	0	0	0	0.01	0	0	0	0	0	0	0.08	41.68
HG00239	0	0	0	0	0.39	0	0.43	0	0	0	0	1.09	0	0	0	0	0	0	0	0	0	0	0	0	0	0	0.09	43.88
HG00265	0	0	0	0	0.28	0	1.63	0	0	0	0	0	0	0	0	0	0	0	0	0	0	0	0	0	0	0	0.09	41.81
HG00115	0	0	0	0	0.88	0	0.8	0	0	0	0	0.06	0	0	0	0	0	0	0	0	0	0	0	0	0	0	0.26	41.5
HG00244	0	0	0	0	0	0	0	0	0	0	0	0.38	0	0	0.01	0	0	0	1.33	0	0	0.2	0	0	0	0	0.08	49.19
NA18868	0	0	0	0	0	0	0.31	0	0	0	0	0	0	0	0.3	0	0	0	0.31	0	0	0.03	0	0	0	0	1.05	45.34
HG00110	0	0	0	0.22	0.8	0.01	0.35	0.04	0.11	0	0	0.16	0.03	0	0.05	0.02	0	0	0.01	0	0	0	0	0	0	0	0.2	41.795
HG00181	0	0	0	0	0	0	0	0	0	0	0	0.96	0	0	0.22	0	0	0	0.66	0	0	0.08	0	0	0	0	0.08	47.7
HG00187	0	0	0	0	0.96	0	0	0	0	0	0	0	0	0	0.96	0	0	0	0	0	0	0	0	0	0	0	0.08	44.0
HG00188	0	0	0	0	0.01	0	1.49	0.05	0	0	0	0.05	0	0	0.12	0	0	0	0.19	0	0	0	0	0	0	0	0.09	43.325
NA20542	0	0	0	0.21	0.01	0	0.15	0	0	0	0	0.84	0	0	0.03	0	0	0	0	0	0	0.02	0	0	0	0	0.74	44.18
HG00264	0	0	0	0	0	0	0.14	0	0	0	0	0.34	0	0	0.96	0	0	0	0	0	0	0	0	0	0	0	0.56	46.12
HG00315	0	0	0	0	0.96	0	0	0	0	0	0	0.02	0	0	0.07	0	0	0	0.66	0	0	0.22	0	0	0	0	0.07	45.1
HG00376	0	0	0	0	0.96	0	0	0	0	0	0	0.18	0	0	0	0	0	0	0	0	0	0	0	0	0	0	0.86	42.26
NA20811	0	0	0	0.01	0.94	0	0.04	0	0	0	0	0.02	0	0	0.01	0	0	0	0	0	0	0	0	0	0	0	0.98	42.09
NA20785	0	0	0	0	0	0	0.96	0	0	0	0	0.96	0	0	0	0	0	0	0	0	0	0	0	0	0	0	0.08	44.0
HG00176	0	0	0	0.1	0.58	0	0.28	0.44	0	0	0	0.01	0	0	0.04	0	0	0	0.47	0	0	0	0	0	0	0	0.08	43.54
NA18507	0	0	0	0.96	0	0	0	0	0	0	0	0.01	0	0	0	0	0	0	0	0	0	0	0	0	0	0	1.03	41.13
HG00261	0	0	0	0	0.66	0	0.21	0	0	0	0	0	0	0	0	0	0	0.58	0	0	0.38	0	0	0	0	0	0.17	45.73
HG00179	0	0	0	0.03	0.35	0	0.43	0	0	0	0	0.09	0	0	0.65	0	0	0	0.31	0	0	0.02	0	0	0	0	0.12	45.18
NA12776	0	0	0	0	0	0	0	0	0	0	0	1.85	0	0	0	0	0	0	0	0	0	0.01	0	0	0	0	0.14	45.89
NA20758	0	0	0	0.96	0.03	0	0.93	0	0	0	0	0	0	0	0	0	0	0	0	0	0	0	0	0	0	0	0.08	40.13
NA18498	0	0	0	0	0.04	0	0	0	0	0	0	0	0	0	0	0	0	0	0.92	0	0	0.96	0	0	0	0	0.08	50.52
HG00321	0	0	0	0	0	0	0	0	0	0	0	0.04	0	0	0.37	0	0	0	0.01	0	0	0	0	0	0	0	1.58	44.81
HG00313	0	0	0	0	0.03	0	0.44	0.02	0	0	0	0.17	0	0	1.13	0	0	0	0.09	0	0	0	0	0	0	0	0.12	46.19
HG00174	0	0.03	0	0.04	0.06	0	0.31	0	0	0	0	0.04	0	0	0.14	0	0	0	0	0	0	0	0	0	0	0	1.38	43.65
NA12287	0	0	0	0.1	0.01	0	0.49	0	0.49	0	0	0	0	0	0	0	0	0	0	0	0	0	0	0	0	0	0.91	43.435
NA20756	0	0	0	0.02	0.03	0	0.02	0	0	0	0	0.62	0	0	1.05	0	0	0	0.15	0	0	0.04	0	0	0	0	0.07	47.19
HG00180	0	0	0	0	0	0	0	0	0	0	0	0.8	0	0	0.51	0	0	0	0.2	0	0	0	0	0	0	0	0.49	46.42
NA19257	0	0	0	0.1	0	0	0.12	0	0	0	0	1.43	0	0	0	0	0	0	0	0	0	0	0	0	0	0	0.35	45.01
HG00112	0	0.01	0	0	0.09	0	0.27	0	0	0	0	0.19	0	0	0.02	0	0	0	0	0	0	0	0	0	0	0	1.42	43.74
NA20586	0	0	0	0	0.07	0	0.63	0	0.01	0	0	0.11	0	0	0.96	0	0	0	0.06	0	0	0	0	0	0	0	0.16	45.445
NA12347	0	0	0	0	0	0	0	0	0	0	0	0.93	0	0	0.01	0	0	0	0.96	0	0	0	0	0	0	0	0.1	47.83
NA20517	0	0	0	0	0	0	0.01	0	0	0	0	0.42	0	0	0.42	0	0	0	1.07	0	0	0	0	0	0	0	0.08	48.46
HG00384	0	0.84	0	0.01	0	0	0	0	0	0	0	0.96	0	0	0.04	0	0	0	0	0	0	0.02	0	0	0	0	0.13	41.73
NA12283	0	0	0	0	0.01	0	0.06	0	0	0	0	0.01	0	0	0	0	0	0	0	0	0	0	0	0	0	0	1.92	43.93
NA11843	0	0	0	0	0.71	0	0.21	0	0	0	0	0.04	0	0	0	0	0	0	0	0	0	0	0	0	0	0	1.04	42.41
NA20778	0	0	0	0	1.03	0	0.55	0	0	0	0	0	0	0	0	0	0	0	0	0	0	0	0	0	0	0	0.42	41.39
NA20541	0	0	0	0	0	0	0.05	0	0.02	0	0	0.03	0	0	0.03	0	0	0	0.94	0	0	0	0	0	0	0	0.93	46.87
HG00267	0	0	0	0	0	0	0.17	0	0	0	0	0.77	0	0	0.95	0	0	0	0.01	0	0	0	0	0	0	0	0.1	46.53
NA19102	0	0	0	0	0	0	0.32	0	0	0	0	0	0	0	0	0	0	0	0	0	0	0	0	0	0	0	1.68	43.68
NA12272	0	0	0	0.1	0.82	0	0.65	0	0.01	0	0	0.3	0	0	0	0	0	0	0	0	0	0	0	0	0	0	0.12	41.715
NA19141	0	0	0	0	0	0	0	0	0	0	0	0.85	0	0	0	0	0	0	0.11	0	0	0	0	0	0	0	1.04	45.18
NA07048	0	0	0	0	0.98	0	0.93	0	0	0	0	0	0	0	0	0	0	0	0	0	0	0	0	0	0	0	0.09	41.11
NA20769	0	0	0	0	0.01	0	0.05	0	0	0	0	0.88	0	0	0.01	0	0	0	0	0	0	0	0	0	0	0	1.05	44.83
NA20773	0	0	0	0.96	0	0	0	0	0	0	0	0.95	0	0	0.01	0	0	0	0	0	0	0	0	0	0	0	0.08	42.09
HG00328	0	0	0	0.13	0.63	0	0.2	0.44	0	0	0	0.01	0	0	0.04	0	0	0	0.47	0	0	0	0	0	0	0	0.08	43.43
HG00106	0	0	0	0	0.96	0	0	0	0	0	0	0.93	0	0	0.03	0	0	0	0	0	0	0	0	0	0	0	0.08	43.07
HG00361	0	0	0	0	0	0	0	0	0	0	0	0.96	0	0	0.01	0	0	0	0.95	0	0	0	0	0	0	0	0.08	47.83
HG00253	0	0	0	0	0.74	0	0.6	0	0	0	0	0.1	0	0	0	0	0	0	0	0	0	0	0	0	0	0	0.56	42.02
HG00155	0	0	0	0	0	0	0.96	0	0	0	0	0	0	0	0.91	0	0	0	0.05	0	0	0	0	0	0	0	0.08	45.01
NA20792	0	0	0	0	0.34	0	0.5	0	0	0	0	0.21	0	0	0.4	0	0	0	0.23	0	0	0.12	0	0	0	0	0.2	45.0
NA20759	0	0	0	0	0	0	0.09	0	0	0	0	0.13	0	0	0.56	0	0	0	0.61	0	0	0.3	0	0	0	0	0.31	48.19
NA18934	0	0	0	0	0	0	0.01	0	0	0	0	0.07	0	0	0.05	0	0	0	0.01	0	0	0	0	0	0	0	1.86	44.19
NA11840	0	0	0	0	0.48	0	0.48	0	0	0	0	0.32	0	0	0.64	0	0	0	0	0	0	0	0	0	0	0	0.08	44.16
HG00109	0	0	0	0.01	0.11	0.01	0.3	0.04	0.11	0	0	0.16	0.03	0	0.05	0.02	0	0	0.01	0	0	0	0	0	0	0	1.15	43.855
NA18511	0	0	0	0	0	0	0.05	0	0	0	0	0.01	0	0	0.02	0	0	0	0	0	0	0.09	0	0	0	0	1.83	44.36
HG01334	0	0	0	0	0.12	0	0.81	0	0	0	0	0.01	0	0	0.94	0	0	0	0.01	0	0	0	0	0	0	0	0.11	44.87
NA12842	0	0.46	0	0	0.5	0	0.01	0	0	0	0	0	0	0	0.96	0	0	0	0	0	0	0	0	0	0	0	0.07	43.07
HG00338	0	0	0	0	0.91	0	0.01	0	0	0	0	0.56	0	0	0.33	0	0	0	0.09	0	0	0	0	0	0	0	0.1	43.66
HG00269	0	0	0	0	0	0	0.01	0	0	0	0	0.56	0	0	0.33	0	0	0	0.06	0	0	0	0	0	0	0	1.04	45.39
HG00173	0	0.78	0	0.16	0.01	0	0.01	0	0	0	0	0.01	0	0	0.01	0	0	0	0.01	0	0	0	0	0	0	0	1.01	40.43
NA06986	0	0	0	0.96	0	0	0	0	0	0	0	0.9	0	0	0.04	0	0	0	0.02	0	0	0.01	0	0	0	0	0.07	42.2
NA12003	0	0	0	0.02	0.04	0	0.06	0	0	0	0	0.36	0	0	0.12	0	0	0	0.03	0	0	0.06	0	0	0	0	1.31	44.73
NA20774	0	0	0	0	0.79	0	0.5	0	0.03	0	0	0.2	0	0	0.04	0	0	0	0	0	0	0	0	0	0	0	0.44	42.215
NA20828	0	0	0	0.02	0.58	0	1.03	0	0	0	0	0.12	0	0	0.01	0	0	0	0.01	0	0	0	0	0	0	0	0.23	41.92
HG00284	0	0	0	0.04	0.87	0	0.66	0	0	0	0	0	0	0	0.26	0	0	0	0.09	0	0	0	0	0	0	0	0.08	42.27
NA12750	0	0	0	0	0	0	0	0	0	0	0	0.1	0	0	0.81	0	0	0	0.93	0	0	0.07	0	0	0	0	0.09	48.79
NA18522	0	0	0	0	0.01	0	0	0	0	0	0	0	0	0	0.96	0	0	0	0.95	0	0	0	0	0	0	0	0.08	48.75
NA12275	0	0.02	0	0.13	0.56	0	0.38	0	0	0	0	0.01	0	0	0.07	0	0	0	0	0	0	0	0	0	0	0	0.83	42.18
NA20528	0	0	0	0	0	0	0.45	0	0	0	0	0.01	0	0	0.9	0	0	0	0.5	0	0	0	0	0	0	0	0.14	46.86
NA18910	0	0.02	0	0.1	0.36	0	0.48	0	0	0	0	0.06	0	0	0.14	0	0	0	0	0	0	0.13	0	0	0	0	0.71	43.28
HG00272	0	0	0	0	0.2	0	0.76	0	0	0	0	0	0	0	0	0	0	0	0.96	0	0	0	0	0	0	0	0.08	45.72
HG00138	0	0	0	0	0.24	0	0	0	0	0	0	0.95	0	0	0.01	0	0	0	0	0	0	0	0	0	0	0	0.8	44.49
HG00159	0	0	0	0.11	1.38	0	0.23	0	0	0	0	0.02	0	0	0.02	0	0	0	0	0	0	0	0	0	0	0	0.24	40.74
HG00108	0	0	0	0	0.24	0	0.78	0	0	0	0	0.18	0	0	0	0	0	0	0	0	0	0	0	0	0	0	0.8	42.92
NA19256	0	0	0	0	0	0	0.01	0	0	0	0	0.96	0	0	0.17	0	0	0	0.79	0	0	0	0	0	0	0	0.07	47.66
HG00111	0	0	0	0	0.01	0	0.02	0	0.01	0	0	0.66	0	0	0.27	0	0	0.03	0.19	0.01	0	0.05	0	0.02	0	0	0.73	46.16
HG00143	0	0	0	0	0	0	0	0	0	0	0	0.17	0	0.05	0.02	0	0	0	1.2	0	0	0.48	0	0	0	0	0.08	49.805
NA19119	0	0	0	0	0.01	0	0.02	0	0	0	0	0.08	0	0	0.17	0	0	0	0.6	0	0	0.06	0	0.02	0	0	1.04	46.52
NA12751	0	0	0	0	0	0	0.96	0	0	0	0	0.96	0	0	0	0	0	0	0	0	0	0	0	0	0	0	0.08	44.0
HG00121	0	0	0	0	0.03	0	0.94	0	0	0	0	0.47	0	0	0.01	0	0	0	0.28	0	0	0.11	0	0	0	0	0.16	44.77
NA20515	0	0	0	0	0	0	0.16	0	0	0	0	0.14	0	0	0.61	0	0	0	0.15	0	0	0	0	0	0	0	0.94	45.65
NA20512	0	0	0	0	0.06	0	0.05	0	0	0	0	0.28	0	0	0	0	0	0	0	0	0	0	0	0	0	0	1.61	44.11
NA06989	0	0	0	0	0.03	0	0.94	0	0	0	0	0.27	0	0	0.67	0	0	0	0	0	0	0	0	0	0	0	0.09	44.61
HG00281	0	0	0	0	0	0	0.75	0	0	0	0	0	0	0	0	0	0	0	0	0	0	0	0	0	0	0	1.25	43.25
HG00383	0	0	0	0	0.78	0	0.18	0	0	0	0	0	0	0	0.96	0	0	0	0	0	0	0	0	0	0	0	0.08	44.18
NA12716	0	0	0	0	0	0	0	0	0	0	0	0.38	0	0	0	0	0	0	0	0	0	0	0	0	0	0	1.62	44.38
NA12718	0	0.04	0	0.08	1.7	0	0.05	0	0	0	0	0.01	0	0	0	0	0	0	0	0	0	0	0	0	0	0	0.12	40.16
HG00137	0.17	0	0	0	0.08	0	0.6	0	0	0	0	0.97	0	0	0.02	0	0	0	0	0	0	0.01	0	0	0	0	0.15	43.44
NA20790	0	0.01	0	0.44	0.32	0	0.25	0	0.01	0	0	0.66	0	0	0.04	0	0	0	0.09	0	0	0.02	0	0	0	0	0.16	42.845
NA18489	0	0	0	0	0	0	0	0	0	0	0	0	0	0	0	0	0	0	0	0	0	0	0	0	0	0.16	1.84	44.96
HG00334	0	0.01	0	0.04	0.26	0	0.65	0	0	0	0	0.94	0	0	0.02	0	0	0	0	0	0	0	0	0	0	0	0.08	43.65
NA20803	0	0.01	0	0	0.18	0	0.06	0	0	0	0	1.44	0	0	0.06	0	0	0	0.04	0	0	0.01	0	0	0	0	0.2	45.26
NA11892	0	0.01	0	0.04	0.37	0	0.52	0	0	0	0	0.76	0	0	0.22	0	0	0	0	0	0	0	0	0	0	0	0.08	43.78
HG00232	0	0	0	0	0.01	0	0.16	0	0	0	0	1.03	0	0	0.04	0	0	0	0.01	0	0	0.02	0	0	0	0	0.73	45.04
HG00369	0	0	0	0	0	0	0	0	0	0	0	0.95	0	0	0.51	0	0	0	0	0	0	0.45	0	0	0	0	0.09	47.77
NA19152	0	0	0	0	0	0	1.66	0	0	0	0	0.19	0	0	0	0	0	0	0	0	0	0	0	0	0	0	0.15	42.53
NA07037	0	0	0	0	0.94	0	0.96	0	0	0	0	0	0	0	0	0	0	0	0	0	0	0	0	0	0	0	0.1	41.16
NA11831	0	0	0	0	0.01	0	0	0	0	0	0	0.43	0	0	0.96	0	0	0	0	0	0	0	0	0	0	0	0.6	46.33
HG00133	0	0	0	0	0.5	0	0.43	0	0	0	0	0	0	0	0	0	0	0.79	0	0	0.17	0	0	0	0	0	0.11	45.62
NA19248	0	0	0	0.05	0.35	0	1.18	0	0	0	0	0.05	0	0	0.08	0	0	0	0.05	0	0	0.02	0	0	0	0	0.22	42.41
NA11830	0	0	0	0	0	0	0.06	0	0	0	0	0.3	0	0	0.18	0	0	0	0	0	0	0	0	0.06	0	0	1.4	44.9
HG00126	0	0	0	0.09	1.16	0	0.16	0	0	0	0	0.5	0	0	0	0	0	0	0	0	0	0	0	0	0	0	0.09	41.75
NA20813	0	0.06	0	0.27	0.47	0	0.13	0	0	0	0	0.13	0	0	0.55	0	0	0	0.17	0	0	0.03	0	0	0	0	0.19	43.74
NA11994	0	0	0	0.48	0	0	0.96	0	0	0	0	0.48	0	0	0	0	0	0	0	0	0	0	0	0	0	0	0.08	42.08
NA19209	0	0	0	0	0.01	0	0.01	0	0	0	0	0	0	0	0.28	0	0	0	0	0	0	0.95	0	0	0	0	0.75	48.33
HG00255	0	0	0	0	0	0	1.22	0	0	0	0	0.21	0	0	0	0	0	0	0	0	0	0	0	0	0	0	0.57	42.99
NA19225	0	0	0	0	0	0	0	0	0	0	0	0	0	0	0	0	0	0	0	0	0	0	0	0	0.96	0	1.04	48.8
NA20532	0	0	0	0.01	0.56	0	0.06	0	0	0	0	1.19	0	0	0	0	0	0	0	0	0	0	0	0	0	0	0.18	43.98
NA18923	0	0	0	0	0	0	0.2	0	0	0.01	0	0.96	0	0	0.02	0	0	0	0	0	0	0.31	0	0	0	0	0.5	46.0475
NA20812	0	0	0	0	0.07	0	0.38	0	0	0	0	0.28	0	0	0.82	0	0	0	0.14	0	0	0	0	0	0	0	0.31	45.82
HG00250	0	0	0	0	0.99	0	0.02	0	0	0	0	0.34	0	0	0.38	0	0	0	0.18	0	0	0	0	0	0	0	0.09	43.64
HG00256	0	0	0	0	0	0	0.01	0	0	0	0	0.07	0	0	0	0	0	0	0	0	0	0	0	0	0	0	1.92	44.06
HG00262	0	0	0	0	0	0	0	0	0	0	0	0	0	0	0	0	0	0	0	0	0	0	0	0	0	0	2.0	44.0
NA12348	0	0	0	0	0	0	0	0	0	0	0	0.77	0	0	0.33	0	0	0	0	0	0	0	0	0	0	0	0.9	45.43
NA18858	0	0	0	0	0	0	0.18	0	0	0.02	0	0	0	0	0.02	0	0	0	0	0	0	1.17	0	0	0	0	0.61	48.555
NA20754	0	0.26	0	0.03	0.37	0	0.05	0	0	0	0	0.72	0	0	0.17	0	0	0	0.05	0	0	0.06	0	0	0	0	0.29	43.53
NA12775	0	0	0	0	0.96	0	0	0	0	0	0	0.01	0	0	0.84	0	0	0	0.11	0	0	0.01	0	0	0	0	0.07	44.14
NA20510	0	0	0	0	0.41	0	0.18	0	0	0	0	0.1	0	0	0.04	0	0	0	0.94	0	0	0	0	0	0	0	0.33	46.0
NA11930	0	0	0	0	0	0	0.95	0	0	0	0	0	0	0	0.01	0	0	0	0.94	0	0	0	0	0	0	0	0.1	45.89
NA19138	0	0	0	0	0	0	0	0	0	0	0	0	0	0	0	0	0	0	0	0	0	0.95	0	0	0.96	0	0.09	52.6
NA18499	0	0	0	0.05	0.35	0	0.23	0	0	0	0	0.05	0	0	0.08	0	0	0	0.05	0	0	0.02	0	0	0	0	1.17	43.36
NA19093	0	0.11	0	0.03	0.01	0	0.6	0	0	0	0	0.09	0	0	0.18	0	0	0	0.26	0	0	0.13	0	0	0	0	0.59	44.6
HG00367	0	0	0	0	0	0	0	0	0	0	0	0	0	0	1.19	0	0	0	0.72	0	0	0	0	0	0	0	0.09	48.54
NA19108	0	0	0	0	0	0	0	0	0	0	0	0	0	0	0	0	0	0	0	0	0	0	0	0	0	0	2.0	44.0
NA19200	0	0	0.32	0	0.63	0	0.01	0	0	0	0	0	0	0	0	0	0	0	0	0	0	0	0	0	0	0	1.04	41.61
HG00278	0	0.94	0	0.01	0.11	0	0.48	0	0.01	0	0	0.08	0	0	0.03	0	0	0	0	0	0	0	0	0	0	0	0.34	39.655
HG00309	0	0.72	0	0.02	0	0	0	0	0	0	0	0.96	0	0	0.01	0	0	0	0.21	0	0	0	0	0	0	0	0.08	42.67
HG00139	0	0	0	0	0	0	0	0	0	0	0	0	0	0	1.91	0	0	0	0	0	0	0	0	0	0	0	0.09	47.82
NA19098	0	0	0.32	0	0.63	0	0.02	0	0	0	0	0.08	0	0	0.16	0	0	0	0.61	0	0	0.06	0	0.02	0	0	0.1	44.17
HG00271	0	0	0	0	0.13	0	0.83	0	0	0	0	0.96	0	0	0	0	0	0	0	0	0	0	0	0	0	0	0.08	43.87
NA20520	0	0	0	0.38	0.02	0	1.1	0	0	0	0	0.07	0	0	0	0	0	0	0	0	0	0	0	0	0	0	0.43	41.79
HG00246	0	0.01	0	0.01	0	0	0.81	0	0	0	0	0.03	0	0	0.16	0	0	0	0.82	0	0	0.01	0	0	0	0	0.15	45.97
NA12045	0	0	0	0	0	0	0	0	0	0	0	0.03	0	0	1.67	0	0	0	0.22	0	0	0	0	0	0	0	0.08	48.03
NA12889	0	0	0	0	0.96	0	0	0	0	0	0	0.92	0	0	0.02	0	0	0	0.02	0	0	0.01	0	0	0	0	0.07	43.14
HG00276	0	0	0	0	0	0	0	0	0	0	0	0.49	0	0	0.96	0	0	0	0	0	0	0	0	0	0	0	0.55	46.41
NA12830	0	0	0	0	0.96	0	0.02	0	0	0	0	0.91	0	0	0.02	0	0	0	0.01	0	0	0	0	0	0	0	0.08	43.04
NA18519	0	0	0	0	0	0	0.01	0	0	0	0	0.05	0	0	0.03	0	0	0	0.01	0	0	0	0	0	0	0	1.9	44.13
NA06984	0	0	0	0	0	0	0	0	0	0	0	0.58	0	0	0.35	0	0	0	0.03	0	0	0.01	0	0	0	0	1.03	45.41
HG00320	0	0	0	0	0	0	0	0	0	0	0	0.65	0	0	0.12	0	0	0	0.06	0	0	0.28	0	0	0	0	0.89	46.19
NA19223	0	0	0	0	0	0	0.1	0	0	0	0	0.27	0	0	0.23	0	0	0	0.01	0	0	0.07	0	0	0.96	0	0.36	49.74
NA19107	0	0	0	0	0	0	0.38	0	0	0	0	0	0	0	0.01	0	0	0	0	0	0	0.11	0	0	0.96	0	0.54	48.88
HG00382	0	0	0	0	0	0	0.94	0	0.01	0	0	0.95	0	0	0.01	0	0	0	0.01	0	0	0	0	0	0	0	0.08	44.065
HG00119	0	0	0	0.1	0.86	0	0	0	0	0	0	0	0	0	0	0	0	0	0	0	0	0	0	0	0	0	1.04	41.98
