	5	6	8	9	9.75	10	7	Beta
NA19131	0	0	0.99	0	0	0	1.01	14.99
NA19198	0	0.99	0	0.99	0	0	0.02	14.99
HG00273	0	0	0.99	0.99	0	0	0.02	16.97
HG00150	0	0.98	0	0	0.99	0	0.03	15.7425
HG00145	0	0	0.99	0.99	0	0	0.02	16.97
HG00339	0	0	0	0	0.99	0	1.01	16.7225
HG00102	0	0.01	0	0.99	0.98	0	0.02	18.665
NA18523	0	0	0	0	0	0	2.0	14.0
HG00346	0	0	0	0.99	0	0	1.01	15.98
NA12249	0	0	0.95	0	0.99	0	0.06	17.6725
HG00266	0	0.7	0.02	0.97	0.19	0	0.12	15.7825
NA12413	0	0	0	0.99	0	0	1.01	15.98
NA19236	0	0.23	0	0	0	0	1.77	13.77
NA20544	0	0	0	0.99	0.99	0	0.02	18.7025
NA19204	0	0	0.99	0	0	0	1.01	14.99
HG00103	0	0	0	0	0.99	0	1.01	16.7225
NA20582	0	0.17	0	1.82	0	0	0.01	17.47
NA19172	0	0	0	0	0	0	2.0	14.0
NA20815	0	0	0.99	0.99	0	0	0.02	16.97
HG00375	0	1.74	0	0	0.25	0	0.01	12.9475
NA18933	0	0	0	0	0	0	2.0	14.0
HG00245	0	0.99	0	0	0.99	0	0.02	15.7325
HG00319	0	0.99	0	0	0	0	1.01	13.01
NA12155	0	0.99	0	0	0.99	0	0.02	15.7325
NA12749	0	0.99	0	0.99	0	0	0.02	14.99
HG00341	0	0.01	0	0	0.98	0	1.01	16.685
NA20771	0	0.99	0	0.99	0	0	0.02	14.99
NA20761	0	0	0	0	0.99	0	1.01	16.7225
NA12341	0	0.05	0.05	0.9	0.99	0	0.01	18.5225
HG00380	0	0	0	0	0	0	2.0	14.0
NA12763	0	0.99	0	0	0.99	0	0.02	15.7325
NA18917	0	1.93	0.05	0	0	0	0.02	12.12
HG00116	0	0	0	0	0	0	2.0	14.0
HG00260	0	0	0	0.99	0	0	1.01	15.98
NA18907	0	0	0.99	0	0	0	1.01	14.99
NA20770	0	1.98	0	0	0	0	0.02	12.02
NA20807	0	1.36	0	0.63	0	0	0.01	13.9
NA20796	0	0	0.04	0.94	0.99	0.01	0.02	18.6725
NA19160	0	0	0	0	0	0	2.0	14.0
NA20810	0	0	0	0	0.99	0	1.01	16.7225
NA20787	0	0.99	0	0	0	0	1.01	13.01
NA07347	0	0	0.99	0.99	0	0	0.02	16.97
HG00101	0	0	0	0	0.99	0	1.01	16.7225
HG00160	0	0	0.99	0	0.99	0	0.02	17.7125
HG00251	0	0	0.79	0.21	0.99	0	0.01	17.9325
HG00146	0	0	0	0	0	0	2.0	14.0
NA20819	0	0.99	0	0.99	0	0	0.02	14.99
NA12778	0	0.99	0	0	0.99	0	0.02	15.7325
NA12890	0	0.99	0	0	0	0	1.01	13.01
NA20535	0	0	0.99	0.99	0	0	0.02	16.97
NA19116	0	0	0.99	0	0	0	1.01	14.99
NA20506	0	0.99	0	0	0.99	0	0.02	15.7325
HG00330	0	0	0	0	1.98	0	0.02	19.445
HG00189	0	0	0	0	1.98	0	0.02	19.445
HG00233	0	0	0.94	0	0.99	0	0.07	17.6625
NA12546	0	0	0	0	1.98	0	0.02	19.445
NA19129	0	0.99	0.01	0	0	0	1.0	13.02
NA20525	0	0	0	0	1.98	0	0.02	19.445
NA19144	0	0	0.01	0.99	0	0	1.0	15.99
NA12058	0.99	0.99	0	0	0	0	0.02	11.03
NA20516	0	0.99	0.01	0	0.99	0	0.01	15.7425
NA20797	0	0.99	0.99	0	0	0	0.02	14.0
HG00178	0	0	0.99	0.01	0.5	0	0.5	16.385
NA11832	0	0	0	0	0	0	2.0	14.0
NA18520	0	0.99	0.73	0.14	0.07	0.01	0.06	14.2425
HG00263	0	0	0	0	1.98	0	0.02	19.445
HG00127	0	0	0	0	1.98	0	0.02	19.445
HG00326	0	0	0.99	0	0.99	0	0.02	17.7125
NA20531	0	0	0	0	1.98	0	0.02	19.445
HG00310	0	0	0	0.99	0.99	0	0.02	18.7025
HG00378	0	0.99	0	0	0.99	0	0.02	15.7325
NA12342	0	0	0	0	0	0	2.0	14.0
NA19206	0	0.01	0.99	0	0	0	1.0	14.98
NA20752	0	0	0	0	0.99	0	1.01	16.7225
HG00157	0	0	1.97	0.01	0	0	0.02	15.99
HG00258	0	0.99	0	0	0.34	0	0.67	13.945
HG00177	0	0	0	0	1.98	0	0.02	19.445
HG00353	0	0	0.03	0.97	0.99	0	0.01	18.6925
NA19114	0.01	0.04	0.38	0.45	0.06	0.04	1.02	15.505
HG00131	0	1.98	0	0	0	0	0.02	12.02
HG00372	0	0.99	0	0	0	0	1.01	13.01
NA19092	0	1.11	0.04	0	0.83	0	0.02	15.2125
NA10847	0	0.99	0.99	0	0	0	0.02	14.0
HG00277	0.99	0	0	0.99	0	0	0.02	14.0
NA18510	0	0	0	1.98	0	0	0.02	17.96
NA12399	0	0	0	0	1.98	0	0.02	19.445
HG00327	0	0	0	0	1.98	0	0.02	19.445
NA19247	0	0.99	0.99	0	0	0	0.02	14.0
HG00332	0	0	0	0	0.99	0	1.01	16.7225
NA18504	0	0	0.99	0.99	0	0	0.02	16.97
HG00252	0	1.98	0	0	0	0	0.02	12.02
HG00238	0	0.99	0.15	0.85	0	0	0.01	14.86
HG00342	0	0.99	0.99	0	0	0	0.02	14.0
NA20581	0	0	0	0.99	0.99	0	0.02	18.7025
HG00268	0	1.98	0	0	0	0	0.02	12.02
HG00154	0	0.99	0	0	0.05	0	0.96	13.1475
HG00371	0	0	0	0.99	0.99	0	0.02	18.7025
NA18870	0	0.99	0.99	0	0	0	0.02	14.0
NA20505	0	0.99	0	0	0.99	0	0.02	15.7325
NA20538	0	0	0.97	0.03	0.99	0	0.01	17.7525
HG00182	0	0	0	0	1.98	0	0.02	19.445
NA19207	0.01	0.36	1.15	0.01	0.12	0	0.35	15.12
HG00373	0	0	0	0	0.99	0	1.01	16.7225
NA20800	0	0.01	0.01	0.01	1.96	0	0.01	19.41
HG00151	0	0	0.04	0.53	0	0.43	1.0	16.39
NA11829	0	0.02	0.99	0	0.85	0	0.14	17.3075
HG00324	0	0.99	0	0	0	0	1.01	13.01
HG00120	0	1.98	0	0	0	0	0.02	12.02
NA12828	0	0.99	0	0	0.99	0	0.02	15.7325
NA12777	0	0.99	0	0	0	0	1.01	13.01
NA20539	0	0.99	0.82	0.17	0	0	0.02	14.17
NA19213	0	0.6	1.04	0.01	0.09	0	0.26	14.7075
NA19147	0	0	0	1.98	0	0	0.02	17.96
HG00379	0	0.99	0	0	0.99	0	0.02	15.7325
HG00158	0	0.99	0	0	0	0	1.01	13.01
HG00329	0	0	0.99	0	0.99	0	0.02	17.7125
HG00344	0	0	0.99	0	0.99	0	0.02	17.7125
NA11931	0	0.99	0	0.99	0	0	0.02	14.99
HG00142	0	0.01	0.18	0.8	0	0.02	0.99	15.83
HG00100	0	0	0	0.99	0.99	0	0.02	18.7025
NA12843	0	0	0	0	1.98	0	0.02	19.445
NA18909	0	0	0.99	0.99	0	0	0.02	16.97
HG00243	0	0	0	0	0.99	0	1.01	16.7225
NA20806	0	0	0	0	0	0	2.0	14.0
NA20768	0	0.99	0.02	0.21	0	0.77	0.01	15.76
HG00123	0	0	0	0	1.98	0	0.02	19.445
NA20529	0	0	0	0	0.99	0	1.01	16.7225
HG00122	0	0.99	0	0	0.99	0	0.02	15.7325
NA18853	0	0.99	0	0	0	0	1.01	13.01
NA19189	0	0	1.98	0	0	0	0.02	15.98
HG00148	0	0	0	0	0.99	0	1.01	16.7225
HG00171	0	0.99	0	0	0.99	0	0.02	15.7325
HG00331	0	0	0	0	1.98	0	0.02	19.445
HG00381	0	0.01	0.04	0.02	0	0	1.93	14.07
NA18856	0	0	0	0.99	0	0	1.01	15.98
HG00345	0	0	0	0	0.99	0	1.01	16.7225
NA18861	0	0.6	0.28	0.01	0.09	0	1.02	13.9475
HG00185	0	0	0.59	0.4	0.99	0	0.02	18.1125
NA07051	0	0	0.01	0.93	0	0.06	1.0	16.05
NA20527	0	0.99	0	0	0.99	0	0.02	15.7325
NA20783	0	0.99	0.01	0.99	0	0	0.01	15.0
NA19137	0	0	0	0.99	0	0	1.01	15.98
NA19201	0	1.44	0.17	0.24	0.14	0	0.01	13.595
NA18488	0.01	0.17	0.64	0.01	0.12	0.02	1.03	14.86
HG00311	0	0	0.07	0.92	0	0	1.01	15.91
HG00337	0	0.99	0	0	0	0	1.01	13.01
HG00257	0	0	0.81	1.16	0	0.02	0.01	17.19
HG00136	0	0.99	0.99	0	0	0	0.02	14.0
NA20826	0	0	0	0	1.98	0	0.02	19.445
NA20518	0	0.02	0.05	0.01	1.27	0	0.65	17.5425
NA20786	0	0	0.99	0	0	0	1.01	14.99
NA20760	0	0.99	0	0	0.99	0	0.02	15.7325
HG00114	0	0	0	0	0.99	0	1.01	16.7225
HG00117	0	0	0	0	1.98	0	0.02	19.445
NA20534	0	0	0	0	1.98	0	0.02	19.445
NA20809	0	0.99	0	0	0.99	0	0.02	15.7325
NA12273	0	0.83	0.01	0.02	0.99	0	0.15	15.9425
NA20808	0	0.99	0	0	0	0	1.01	13.01
NA19197	0	0.99	0	0.99	0	0	0.02	14.99
NA11918	0	0	0	0	0.01	0	1.99	14.0275
NA20509	0	0.99	0.01	0.99	0	0	0.01	15.0
NA20757	0	0.99	0	0	0.99	0	0.02	15.7325
HG00125	0	0.99	0.99	0	0	0	0.02	14.0
NA11894	0	0	0	0	0	0	2.0	14.0
NA18517	0	0.99	0.99	0	0	0	0.02	14.0
NA20798	0	1.29	0.13	0	0	0	0.58	12.84
NA20588	0	0	0	0.99	0	0	1.01	15.98
HG00285	0	0.99	0	0.99	0	0	0.02	14.99
NA19153	0	0	0	0	0	0	2.0	14.0
NA20804	0	0.99	0	0	0.99	0	0.02	15.7325
HG00306	0	0.99	0	0	0.99	0	0.02	15.7325
NA19210	0	0	0	0	0	0	2.0	14.0
NA18908	0	0	0	0.99	0	0	1.01	15.98
NA20585	0	0.99	0.99	0	0	0	0.02	14.0
NA20543	0	0	0	0.01	0.99	0.98	0.02	19.6825
NA20508	0	0.99	0	0	0	0	1.01	13.01
NA18916	0	1	0.49	0	0.01	0	0.5	13.5175
NA20799	0	1.98	0	0	0	0	0.02	12.02
NA19235	0	0	0.33	0	0	0	1.67	14.33
HG00240	0	0.02	0	0	0.01	0	1.97	14.0075
NA20765	0	0	0	0.99	0.99	0	0.02	18.7025
NA18516	0	0.01	0.01	0.04	0	0	1.94	14.08
NA20801	0	0.99	0	0	0.99	0	0.02	15.7325
NA18867	0	0	0.99	0.99	0	0	0.02	16.97
NA20524	0	0	0.05	1.94	0	0	0.01	17.93
HG00323	0	0.99	0	0.99	0	0	0.02	14.99
NA20589	0	0	0	0	0	0	2.0	14.0
NA11893	0	0	0.19	0.81	0.99	0	0.01	18.5325
NA20502	0	0	0	0.99	0	0	1.01	15.98
HG00282	0	0	0	0	1.98	0	0.02	19.445
NA19171	0	0	0	0.99	0	0	1.01	15.98
NA12761	0	0	0	0	1.98	0	0.02	19.445
NA20795	0	0.99	0	0	0.99	0	0.02	15.7325
NA19238	0	0	1	0	0.01	0	0.99	15.0275
NA19159	0	0	0.99	0	0	0	1.01	14.99
HG00366	0	0	0	0	0.99	0	1.01	16.7225
NA11992	0.78	0	0.21	0	0.99	0	0.02	15.3725
HG00141	0	0.99	0	0	0.97	0	0.04	15.6775
NA18873	0	0	0	0	0	0	2.0	14.0
HG00336	0	1.98	0	0	0	0	0.02	12.02
NA06994	0	0	0	0	1.89	0	0.11	19.1975
NA19190	0	0	0	0	0	0	2.0	14.0
HG00186	0	0	0	0	0.99	0	1.01	16.7225
NA20805	0	0	0.2	1.78	0	0	0.02	17.76
HG00325	0	0	0.01	0.98	0.99	0	0.02	18.6925
NA20766	0	0	0	0	0.99	0	1.01	16.7225
HG00183	0	0	0.99	0	0.99	0	0.02	17.7125
NA12827	0	0	0	0	0.99	0	1.01	16.7225
NA12400	0	0	1.05	0.93	0	0	0.02	16.91
NA12760	0	0	0	0.99	0.99	0	0.02	18.7025
NA20540	0	0	0.05	0.96	0	0	0.99	15.97
NA20772	0.01	1.05	0.43	0.08	0.37	0.01	0.05	14.5675
NA07056	0	0.99	0.01	0	0.99	0	0.01	15.7425
NA12154	0	0.99	0	0	0.99	0	0.02	15.7325
HG00149	0	0	0	0	0	0	2.0	14.0
NA18912	0	0	0.77	0.01	0	0	1.22	14.79
HG00343	0	0	0	0.99	0.99	0	0.02	18.7025
NA19130	0	0.49	1	0	0	0	0.51	14.51
NA12286	0	0.99	0	0	0.99	0	0.02	15.7325
NA12340	0	0.01	0.08	0	0.99	0	0.92	16.7925
HG00118	0	0	0	0	0.99	0	1.01	16.7225
HG00275	0	0	0	0	0.99	0	1.01	16.7225
NA19143	0	0.99	0.01	0.99	0	0	0.01	15.0
HG00280	0	0	0.28	0.72	0.99	0	0.01	18.4425
NA12383	0	0	0.93	0	0.01	0	1.06	14.9575
NA12717	0	0	0	0.99	0	0	1.01	15.98
NA20814	0	0.99	0.01	0	0	0	1.0	13.02
NA18501	0	0.01	0	0	0	0	1.99	13.99
HG00231	0	0.99	0	0	0.99	0	0.02	15.7325
HG00242	0	0	0.99	0	0.99	0	0.02	17.7125
NA18486	0	0	0.99	0	0	0	1.01	14.99
HG00274	0	1.98	0	0	0	0	0.02	12.02
HG00335	0	0	0	0.99	0	0	1.01	15.98
HG00259	0	0	0	0.02	0	0.98	1.0	16.98
NA20530	0	0.99	0	0.01	0.99	0	0.01	15.7525
HG00096	0	0	0	0	0.99	0	1.01	16.7225
NA18871	0	0	0	0.99	0	0	1.01	15.98
NA20802	0	0	0	1.95	0	0.03	0.02	17.99
HG00236	0	0	0.02	0.97	0.99	0	0.02	18.6825
NA11920	0	0.99	0	0	0.99	0	0.02	15.7325
HG00239	0	0	0	0	1.98	0	0.02	19.445
HG00265	0	0	0	0	1.98	0	0.02	19.445
HG00115	0	0	0	0	0.99	0	1.01	16.7225
HG00244	0	0	0.99	0	0.99	0	0.02	17.7125
NA18868	0	0	0.01	0.99	0	0	1.0	15.99
HG00110	0	0	0	0	0.99	0	1.01	16.7225
HG00181	0	0	0	0	0	0	2.0	14.0
HG00187	0	0	0	0.99	0.99	0	0.02	18.7025
HG00188	0	0	0	0.99	0.99	0	0.02	18.7025
NA20542	0	0	0	0	1.98	0	0.02	19.445
HG00264	0	0	0	0.99	0.99	0	0.02	18.7025
HG00315	0.01	0	1.97	0.01	0	0	0.01	15.97
HG00376	0	0	0.33	0.67	0	0	1.0	15.67
NA20811	0	0.99	0	0	0	0	1.01	13.01
NA20785	0	0	0	0	1.98	0	0.02	19.445
HG00176	0	0	0.09	1.81	0.01	0.07	0.02	17.9475
NA18507	0	0	0.99	0	0	0	1.01	14.99
HG00261	0	0.99	0.01	0.02	0.01	0.97	0.0	15.9975
HG00179	0	0	0	0.99	0	0	1.01	15.98
NA12776	0	0	0	0.99	0.99	0	0.02	18.7025
NA20758	0	0.99	0	0	0.99	0	0.02	15.7325
NA18498	0	0	1.98	0	0	0	0.02	15.98
HG00321	0	0	0	0.99	0.99	0	0.02	18.7025
HG00313	0	0.99	0	0	0.99	0	0.02	15.7325
HG00174	0	0.99	0	0	0.99	0	0.02	15.7325
NA12287	0	0	0	0	0.99	0	1.01	16.7225
NA20756	0	0.99	0	0	0.99	0	0.02	15.7325
HG00180	0	0	0.66	1.32	0	0	0.02	17.3
NA19257	0	1.04	0	0	0	0	0.96	12.96
HG00112	0	0	0.97	0.02	0.99	0	0.02	17.7325
NA20586	0	0	0	0.99	0.99	0	0.02	18.7025
NA12347	0	0.99	0	0.93	0	0.06	0.02	15.05
NA20517	0	0	0	0	1.98	0	0.02	19.445
HG00384	0	0.99	0	0.99	0	0	0.02	14.99
NA12283	0	0	0	0	0.99	0	1.01	16.7225
NA11843	0	0	0	0	0	0	2.0	14.0
NA20778	0	0	0	0.99	0.99	0	0.02	18.7025
NA20541	0	0.98	0	0	0	0	1.02	13.02
HG00267	0	0	0	0.94	0.99	0.05	0.02	18.7525
NA19102	0	0.99	0.99	0	0	0	0.02	14.0
NA12272	0	0	0	0	1.98	0	0.02	19.445
NA19141	0	0	0.99	0	0	0	1.01	14.99
NA07048	0	0	0.02	0.98	0	0	1.0	15.98
NA20769	0	0	0.71	0.78	0	0	0.51	16.27
NA20773	0	0.99	0	0	0	0	1.01	13.01
HG00328	0	0	0	0	0.99	0	1.01	16.7225
HG00106	0	0.99	0	0	0.99	0	0.02	15.7325
HG00361	0	0	0	0.99	0	0	1.01	15.98
HG00253	0	0	0.17	1.81	0.01	0	0.01	17.8175
HG00155	0	0	0	0.99	0.99	0	0.02	18.7025
NA20792	0	0	0	0	0.99	0	1.01	16.7225
NA20759	0	0	0	0	1.98	0	0.02	19.445
NA18934	0	0.01	0.49	0.01	0.01	0	1.48	14.5275
NA11840	0	0	0	0	1.98	0	0.02	19.445
HG00109	0	0	0	0	0.99	0	1.01	16.7225
NA18511	0	0.95	0	0	0.04	0	1.01	13.16
HG01334	0	0	0.02	0.98	0.99	0	0.01	18.7025
NA12842	0	0	0	0	1.98	0	0.02	19.445
HG00338	0	0.99	0	0	0.99	0	0.02	15.7325
HG00269	0	0	0	1	0.5	0	0.5	17.375
HG00173	0	0	0.66	0.33	0.01	0	1.0	15.3475
NA06986	0	0	0	0	1.98	0	0.02	19.445
NA12003	0	0	0.98	1	0	0	0.02	16.98
NA20774	0	0.01	0.01	0	1	0	0.98	16.75
NA20828	0	0.01	0	0	0.99	0	1.0	16.7125
HG00284	0	0.99	0	0	0.99	0	0.02	15.7325
NA12750	0	1.98	0	0	0	0	0.02	12.02
NA18522	0	0	0	0	0	0	2.0	14.0
NA12275	0	0.99	0	0	0.99	0	0.02	15.7325
NA20528	0	1.98	0	0	0	0	0.02	12.02
NA18910	0	0.99	0.99	0	0	0	0.02	14.0
HG00272	0	0	0	0	0.99	0	1.01	16.7225
HG00138	0	0	0	0	0.99	0	1.01	16.7225
HG00159	0	0	1.98	0	0.01	0	0.01	16.0075
HG00108	0	0	0	0	0.99	0	1.01	16.7225
NA19256	0	0	0	0	0	0	2.0	14.0
HG00111	0	0.01	0	0	1.98	0	0.01	19.435
HG00143	0	0	0	0	0.99	0	1.01	16.7225
NA19119	0	0	0	0	0	0	2.0	14.0
NA12751	0	0.02	0	0	0.97	0	1.01	16.6475
HG00121	0	0	0	0.99	0.99	0	0.02	18.7025
NA20515	0	0.41	0.14	1.44	0	0	0.01	16.61
NA20512	0	0.01	0	0	1.98	0	0.01	19.435
NA06989	0	0	0	0.99	0	0	1.01	15.98
HG00281	0	0	0	0.99	0.99	0	0.02	18.7025
HG00383	0	0	0	0	1.98	0	0.02	19.445
NA12716	0	0	0	0.01	0	0.98	1.01	16.96
NA12718	0	0.99	0.02	0.98	0	0	0.01	14.99
HG00137	0	1.98	0	0	0	0	0.02	12.02
NA20790	0	0	0.17	0.82	0.99	0	0.02	18.5325
NA18489	0	0.99	0	0	0	0	1.01	13.01
HG00334	0	0	0.99	0	0.99	0	0.02	17.7125
NA20803	0	0	0	0.99	0.99	0	0.02	18.7025
NA11892	0	0	0	0	0.99	0	1.01	16.7225
HG00232	0	1.97	0	0	0	0	0.03	12.03
HG00369	0	0.06	0	0	1.93	0	0.01	19.2475
NA19152	0	0	0.99	0	0	0	1.01	14.99
NA07037	0	0	0	0.99	0	0	1.01	15.98
NA11831	0	0	0.04	0.96	0	0	1.0	15.96
HG00133	0	0	0.98	0	0.99	0	0.03	17.7025
NA19248	0	0.02	1.08	0.04	0	0	0.86	15.14
NA11830	0	0	0	0.99	0.99	0	0.02	18.7025
HG00126	0	0	0	0	0	0	2.0	14.0
NA20813	0	0.99	0.01	0.75	0	0.23	0.02	15.21
NA11994	0	0.99	0	0.99	0	0	0.02	14.99
NA19209	0	0.83	0	0.01	0.16	0	1.0	13.63
HG00255	0	0	0	0.99	0	0	1.01	15.98
NA19225	0	0	0.99	0.06	0	0	0.95	15.11
NA20532	0	0.01	0	0	1.98	0	0.01	19.435
NA18923	0	0.05	0	0.99	0	0	0.96	15.93
NA20812	0	1.98	0	0	0	0	0.02	12.02
HG00250	0	0	0	0	0.99	0	1.01	16.7225
HG00256	0	1.26	0	0	0.07	0	0.67	12.9325
HG00262	0	1	0	0	0.99	0	0.01	15.7225
NA12348	0	0.99	0	0	0.99	0	0.02	15.7325
NA18858	0	0.99	0	0	0	0	1.01	13.01
NA20754	0	0.99	0	0	0.99	0	0.02	15.7325
NA12775	0	0	0	0	1.98	0	0.02	19.445
NA20510	0	0.05	0.02	0.92	0.99	0	0.02	18.5325
NA11930	0	0.99	0	0.99	0	0	0.02	14.99
NA19138	0	0.95	0.99	0	0.04	0	0.02	14.15
NA18499	0	0	0	0	0	0	2.0	14.0
NA19093	0	0.01	0.98	0	0.99	0	0.02	17.6925
HG00367	0	0	0.01	0.52	0.99	0.47	0.01	19.1825
NA19108	0	0.24	0.28	0.01	0.01	0	1.46	14.0875
NA19200	0	0	0.99	0	0	0	1.01	14.99
HG00278	0	0	0.03	1.95	0	0	0.02	17.93
HG00309	0	0	0	0	0.99	0	1.01	16.7225
HG00139	0	0	0	0	0	0.99	1.01	16.97
NA19098	0	0	0	0	0	0	2.0	14.0
HG00271	0	0.99	0	0	0	0	1.01	13.01
NA20520	0	0.98	0	0	0.99	0	0.03	15.7425
HG00246	0	0	0	0.99	0.99	0	0.02	18.7025
NA12045	0	0.99	0.99	0	0	0	0.02	14.0
NA12889	0	0	0.16	0.37	0.01	0.45	1.01	16.2775
HG00276	0	0.01	0	0.99	0.99	0	0.01	18.6925
NA12830	0	0	0	0	1.98	0	0.02	19.445
NA18519	0	1.21	0.09	0.65	0	0	0.05	14.18
NA06984	0	0.99	0.15	0	0	0	0.86	13.16
HG00320	0	0	0	0	0.9	0	1.1	16.475
NA19223	0	1.23	0.05	0.05	0.05	0	0.62	13.0575
NA19107	0	0.98	0.02	0.99	0	0	0.01	15.02
HG00382	0	0	0	0	1.98	0	0.02	19.445
HG00119	0	0.33	0.4	0.57	0	0.03	0.67	15.3
