	6	7	9	10	11	12	8	Beta
NA19131	0.95	0	0	0	0.99	0	0.06	17.07
NA19198	0.04	0	1.92	0.03	0	0	0.01	17.9
HG00273	0	0	0	0	0.02	0	1.98	16.06
HG00150	0	0	0.19	0.3	0.44	0.07	1.0	18.39
HG00145	0	0	0	0	0.36	0.63	1.01	19.6
HG00339	0	0	0	0	0	0	2.0	16.0
HG00102	0	0	0.03	0	0	0	1.97	16.03
NA18523	0	0	1.53	0	0.45	0	0.02	18.88
HG00346	0	0	0.02	0	0	0	1.98	16.02
NA12249	0	0	0	0	0.99	0	1.01	18.97
HG00266	0	0	0.02	0	0	0	1.98	16.02
NA12413	0	0	0	0	0.86	0.14	1.0	19.14
NA19236	0	0	0	0	0.96	0	1.04	18.88
NA20544	0	0	0.02	0	0.99	0	0.99	18.99
NA19204	0	0	0.99	0	0	0	1.01	16.99
HG00103	0	0	0	0.01	1.14	0.83	0.02	22.76
NA20582	0	0	0	0.02	0.98	0	1.0	18.98
NA19172	0	0	0.97	0	0.03	0	1.0	17.06
NA20815	0	0	0.91	0	0	0	1.09	16.91
HG00375	0	0	0.93	0.87	0.02	0.11	0.07	19.17
NA18933	0	0	1.98	0	0	0	0.02	17.98
HG00245	0	0	0	0	0.77	0.21	1.02	19.15
HG00319	0	0	0.47	0.01	0.99	0	0.53	19.46
NA12155	0	0	0.99	0	0	0	1.01	16.99
NA12749	0	0	0.09	0.01	0	0	1.9	16.11
HG00341	0	0	0	0	0	0	2.0	16.0
NA20771	0	0	0	0	0	0	2.0	16.0
NA20761	0	0	0	1.8	0.08	0.11	0.01	20.28
NA12341	0	0	0.1	0	1	0	0.9	19.1
HG00380	0	0	0	0	0.99	0	1.01	18.97
NA12763	0	0	0	0	0.99	0	1.01	18.97
NA18917	0.48	0	0.99	0	0	0	0.53	16.03
HG00116	0	0	0	0.72	0.27	0	1.01	18.25
HG00260	0	0	0.98	0	0.53	0.47	0.02	20.45
NA18907	0	0.99	0	0.99	0	0	0.02	16.99
NA20770	0	0.07	0.05	0	0.87	0.04	0.97	18.75
NA20807	0	0	0	0	0.99	0	1.01	18.97
NA20796	0	0	0.98	0	0.02	0	1.0	17.04
NA19160	0	0	1.04	0.01	0.87	0.07	0.01	19.95
NA20810	0	0	0.76	0	0.24	0	1.0	17.48
NA20787	0	0	0.01	0	0	0	1.99	16.01
NA07347	0	0	0.01	0	0.98	0	1.01	18.95
HG00101	0	0	0.99	0	0	0	1.01	16.99
HG00160	0	0	0.03	0	0	0	1.97	16.03
HG00251	0	0	0.99	0	0.99	0	0.02	19.96
HG00146	0	0	0	0.02	0.23	0.74	1.01	19.69
NA20819	0	0	0	0.99	0.73	0	0.28	20.17
NA12778	0	0.41	0	0	1.52	0.04	0.03	20.31
NA12890	0	0	0	0	0.99	0	1.01	18.97
NA20535	0	0	0.97	0	0.99	0	0.04	19.94
NA19116	0	0	1.02	0.01	0.76	0.2	0.01	20.12
NA20506	0	0	0.01	0.98	0.46	0	0.55	19.35
HG00330	0	0	0.94	0.21	0.79	0	0.06	19.73
HG00189	0	0	0	0	1.98	0	0.02	21.94
HG00233	0	0	0.98	0	1	0	0.02	19.98
NA12546	0	0	0	0.02	1.61	0	0.37	20.87
NA19129	0	0	0	0.99	0	0	1.01	17.98
NA20525	0	0	0.85	0	0	0	1.15	16.85
NA19144	0	0	1.06	0	0.43	0	0.51	18.35
NA12058	0	0	0	0	0.99	0	1.01	18.97
NA20516	0	0	0.09	0.01	0.98	0	0.92	19.05
NA20797	0	0	0.02	0	0	0	1.98	16.02
HG00178	0	0	0	0	0	0	2.0	16.0
NA11832	0	0	0.17	1.1	0	0	0.73	18.37
NA18520	0	0	1.49	0	0	0	0.51	17.49
HG00263	0	0	0.97	0	0.99	0	0.04	19.94
HG00127	0	0	0	0	0	0	2.0	16.0
HG00326	0	0	0	0	0	0	2.0	16.0
NA20531	0	0.03	0.99	0	0.97	0	0.01	19.87
HG00310	0	0	0.04	0	0	0	1.96	16.04
HG00378	0	0	0.02	0.61	0.39	0	0.98	18.41
NA12342	0	0	0.02	0	0	0	1.98	16.02
NA19206	0	0	0	1	0.98	0	0.02	20.94
NA20752	0	0	0.04	0	1.78	0.17	0.01	22.06
HG00157	0	0	0.14	0	0.01	0	1.85	16.17
HG00258	0	0	0	0.8	0.14	0.03	1.03	18.14
HG00177	0	0	0	0	0	0	2.0	16.0
HG00353	0	0	0.19	0	0	0	1.81	16.19
NA19114	0	0	0	0.99	0	0	1.01	17.98
HG00131	0	0	0.01	0	0	0	1.99	16.01
HG00372	0	0	0.93	0	0	0	1.07	16.93
NA19092	0.48	0	0	0	0	0	1.52	15.04
NA10847	0	0	0	0.99	0	0	1.01	17.98
HG00277	0	0	0	0.99	0.01	0	1.0	18.01
NA18510	0	0	0	0	0	0	2.0	16.0
NA12399	0	0	0.22	0	0	0	1.78	16.22
HG00327	0	0	0.01	0.03	1.88	0	0.08	21.71
NA19247	0.49	0	0.5	0	0	0	1.01	15.52
HG00332	0	0	0.01	0	0.14	0	1.85	16.43
NA18504	0	0	1.48	0	0.5	0	0.02	18.98
HG00252	0	0	0.98	0	0.01	0	1.01	17.01
HG00238	0	0	0.04	0	0.07	0	1.89	16.25
HG00342	0	0	0.51	0	0.16	0	1.33	16.99
NA20581	0	0	0.92	0	0.12	0	0.96	17.28
HG00268	0	0	0	0	0.99	0	1.01	18.97
HG00154	0	0	0	0	1.98	0	0.02	21.94
HG00371	0	0	0	0	1.91	0.04	0.05	21.89
NA18870	0	0	0	0	0.99	0	1.01	18.97
NA20505	0	0	0	0	0.99	0	1.01	18.97
NA20538	0	0	0.99	0	0	0	1.01	16.99
HG00182	0	0	0.99	0	0	0	1.01	16.99
NA19207	0	0	1.49	0	0	0	0.51	17.49
HG00373	0	0	0	0.03	0.98	0	0.99	19.0
NA20800	0	0	0	0	1.98	0	0.02	21.94
HG00151	0	0	0	0	0	0	2.0	16.0
NA11829	0	0	0	0.01	0.11	0.88	1.0	19.87
HG00324	0	0	0.99	0	0.98	0.01	0.02	19.97
HG00120	0	0	0	0	0	0	2.0	16.0
NA12828	0	0	0	0	1.97	0	0.03	21.91
NA12777	0	0	0	0	0.32	0.67	1.01	19.64
NA20539	0	0	0	0	0.02	0	1.98	16.06
NA19213	0	0	0	0	0	0	2.0	16.0
NA19147	0	0	1.44	0	0.01	0	0.55	17.47
HG00379	0	0	0	0	1.98	0	0.02	21.94
HG00158	0	0	0	0.01	0.91	0	1.08	18.75
HG00329	0	0	0.99	0	0.99	0	0.02	19.96
HG00344	0	0	0	0	0	0	2.0	16.0
NA11931	0	0	0.99	0	0	0	1.01	16.99
HG00142	0	0	0	0.99	0.1	0	0.91	18.28
HG00100	0	0.73	0	0	0.27	0	1.0	16.08
NA12843	0	0	1.98	0	0	0	0.02	17.98
NA18909	0	0	0	0	0.99	0	1.01	18.97
HG00243	0	0	0	0.03	0.97	0.98	0.02	22.89
NA20806	0	0	0.99	0	0	0	1.01	16.99
NA20768	0	0	0.06	0	0	0	1.94	16.06
HG00123	0	0	0.95	0	1.03	0	0.02	20.04
NA20529	0	0	0	0.06	0.92	0.01	1.01	18.92
HG00122	0	0	0	0.09	0.8	0	1.11	18.58
NA18853	0	0	0.02	0	0.99	0	0.99	18.99
NA19189	0	0	1.05	0	0.93	0	0.02	19.84
HG00148	0	0	0	0.96	0.03	0	1.01	18.01
HG00171	0	0	0.99	0.44	0.12	0.44	0.01	19.99
HG00331	0	0	0.01	0	0.21	0.56	1.22	18.88
HG00381	0	0	0.93	0	0	0	1.07	16.93
NA18856	0	0	1.36	0	0.02	0	0.62	17.42
HG00345	0	0	0	0	0.99	0	1.01	18.97
NA18861	0.99	0	0.99	0	0	0	0.02	15.01
HG00185	0	0.23	0	0	0.76	0	1.01	18.05
NA07051	0	0	0	0	0.99	0	1.01	18.97
NA20527	0	0	0	0	0	0	2.0	16.0
NA20783	0	0	0.74	0.02	0.2	0.03	1.01	17.5
NA19137	0	0	0	0	1.98	0	0.02	21.94
NA19201	0	0	0.11	0.06	0.74	0.08	1.01	18.77
NA18488	0.99	0	0.99	0	0	0	0.02	15.01
HG00311	0	0	0.04	0.99	0.01	0	0.96	18.05
HG00337	0	0	0	0	0	0	2.0	16.0
HG00257	0	0	0.01	0	0.03	0	1.96	16.1
HG00136	0	0	0.05	0.02	0	0	1.93	16.09
NA20826	0	0	0.02	0	0.99	0	0.99	18.99
NA20518	0	0	0	0.8	0.19	0	1.01	18.17
NA20786	0	0	0.93	0	0.54	0.49	0.04	20.51
NA20760	0	0	1.01	0	0.16	0	0.83	17.49
HG00114	0	0	0	0.02	0.98	0	1.0	18.98
HG00117	0	0	0.03	0	1	0	0.97	19.03
NA20534	0	0	1.03	0.05	0.9	0.01	0.01	19.87
NA20809	0	0	0.04	0	0	0	1.96	16.04
NA12273	0	0	0	0.83	0.04	0.12	1.01	18.26
NA20808	0	0	0.01	0	0.99	0	1.0	18.98
NA19197	1.31	0	0	0	0	0	0.69	13.38
NA11918	0	0	0	0	0.99	0	1.01	18.97
NA20509	0	0	0.95	0.96	0.03	0	0.06	18.96
NA20757	0	0	0.14	0	0	0	1.86	16.14
HG00125	0	0	0.09	0.99	0.01	0	0.91	18.1
NA11894	0	0	0.18	0.99	0.82	0	0.01	20.62
NA18517	0	0	0.5	0	0.5	0	1.0	18.0
NA20798	0	0	1.98	0	0	0	0.02	17.98
NA20588	0	0	0	0.01	1.97	0	0.02	21.93
HG00285	0	0	0	0.99	0	0	1.01	17.98
NA19153	0	0	0.01	0	0.99	0	1.0	18.98
NA20804	0	0	0	0	0	0	2.0	16.0
HG00306	0	0	1	0	0	0	1.0	17.0
NA19210	0.48	0	0.83	0.11	0.02	0	0.56	16.15
NA18908	0	0	0	0	1.98	0	0.02	21.94
NA20585	0	0	0.81	0.99	0	0	0.2	18.79
NA20543	0	0	0	0	0	0	2.0	16.0
NA20508	0	0	0	0.32	1.63	0.03	0.02	21.65
NA18916	0	0	1	0	0	0	1.0	17.0
NA20799	0	0	1.01	0	0.01	0	0.98	17.04
NA19235	0	0	0.99	0	0.99	0	0.02	19.96
HG00240	0	0	0	0	0	0	2.0	16.0
NA20765	0	0	0	0	0.99	0	1.01	18.97
NA18516	0	0	0	0.01	1.97	0	0.02	21.93
NA20801	0	0	0.05	0.4	1.09	0	0.46	20.12
NA18867	0.02	0	1.97	0	0	0	0.01	17.93
NA20524	0	0	0.04	0.01	0	0	1.95	16.06
HG00323	0	0	0.01	0	0	0	1.99	16.01
NA20589	0	0	0.99	0	0.01	0	1.0	17.02
NA11893	0	0	0	0.7	0.23	1.05	0.02	22.29
NA20502	0	0	0.05	0.08	0.35	0.06	1.46	17.5
HG00282	0	0	1.45	0	0	0	0.55	17.45
NA19171	0	0	1.98	0	0	0	0.02	17.98
NA12761	0	0	1	0.01	0	0	0.99	17.02
NA20795	0	0	0.01	0	0.99	0	1.0	18.98
NA19238	0.99	0	0.99	0	0	0	0.02	15.01
NA19159	0	0	0.02	0	0	0	1.98	16.02
HG00366	0	0	0	0	0.99	0	1.01	18.97
NA11992	0	0	1	0.12	0.85	0.01	0.02	19.83
HG00141	0	0	0	0	0	0	2.0	16.0
NA18873	0	0	0.02	0	0.99	0	0.99	18.99
HG00336	0	0	0	0	0.99	0	1.01	18.97
NA06994	0	0	0	0	0.99	0	1.01	18.97
NA19190	0	0	1.17	0.81	0	0	0.02	18.79
HG00186	0	0	0.01	0	0.74	0	1.25	18.23
NA20805	0	0	0.02	0.02	0.98	0	0.98	19.0
HG00325	0	0	0	0.01	0.91	0	1.08	18.75
NA20766	0	0	0.19	0.82	0	0	0.99	17.83
HG00183	0	0	0.21	1.04	0.71	0.03	0.01	20.54
NA12827	0	0	0	0	0.98	0	1.02	18.94
NA12400	0	0	0.45	0.02	1.47	0.03	0.03	21.02
NA12760	0	0	0.05	0.08	0.48	0.39	1.0	19.21
NA20540	0	0	0.01	0	0.34	0.21	1.44	17.87
NA20772	0	0	0	0	0.99	0.99	0.02	22.93
NA07056	0	0	0.01	0	0	0	1.99	16.01
NA12154	0	0	0	0	0.85	0.13	1.02	19.07
HG00149	0	0	0.12	0.06	1.81	0	0.01	21.67
NA18912	0	0	0.99	0.99	0	0	0.02	18.97
HG00343	0	0	0.03	0.01	1.9	0.02	0.04	21.83
NA19130	0	0	1.26	0	0.01	0	0.73	17.29
NA12286	0	0	0.01	0.01	0	0	1.98	16.03
NA12340	0	0	0	0	0.97	0	1.03	18.91
HG00118	0	0	0.99	0	0	0	1.01	16.99
HG00275	0	0	0	0	0.99	0	1.01	18.97
NA19143	0	0	0.99	0	0	0	1.01	16.99
HG00280	0	0	0.01	0.02	1.64	0	0.33	20.97
NA12383	0	0	0.04	0	0	0	1.96	16.04
NA12717	0	0	0.99	0	0.99	0	0.02	19.96
NA20814	0	0	0	0	0	0	2.0	16.0
NA18501	0	0	0.64	0.08	1.2	0.06	0.02	20.64
HG00231	0	0	0	0.01	0.99	0	1.0	18.99
HG00242	0	0	0	0	0	0	2.0	16.0
NA18486	0	0.09	0.03	0.04	1.11	0.01	0.72	19.39
HG00274	0	0	0.02	0.99	0.01	0	0.98	18.03
HG00335	0	0	0	0.16	0.91	0.9	0.03	22.65
HG00259	0	0	0	0	1.01	0	0.99	19.03
NA20530	0	0	0	0	0.99	0	1.01	18.97
HG00096	0	0	0.01	0	0.98	0	1.01	18.95
NA18871	0	0	0	0	0.99	0	1.01	18.97
NA20802	0	0	0	0	0.99	0	1.01	18.97
HG00236	0	0	0	0.09	0.89	0.02	1.0	18.93
NA11920	0	0	0	0	0.05	0	1.95	16.15
HG00239	0	0	0	0	0	0	2.0	16.0
HG00265	0	0	0.08	0	0	0	1.92	16.08
HG00115	0	0	0.19	0	0.99	0	0.82	19.16
HG00244	0	0	0.98	0.99	0.01	0	0.02	18.99
NA18868	1.1	0	0	0	0	0	0.9	13.8
HG00110	0	0	0	0.89	1.03	0.07	0.01	21.15
HG00181	0	0	1.98	0	0	0	0.02	17.98
HG00187	0	0	0.08	0.05	0.74	0.04	1.09	18.56
HG00188	0	0	0.11	0.93	0.05	0.02	0.89	18.2
NA20542	0	0	0	0.99	0.01	0	1.0	18.01
HG00264	0	0	0	0	0	0	2.0	16.0
HG00315	0	0	0.86	0	0.01	0	1.13	16.89
HG00376	0	0	0.02	0	0.01	0	1.97	16.05
NA20811	0	0	0.07	0	0.01	0	1.92	16.1
NA20785	0	0	0	0	0.99	0	1.01	18.97
HG00176	0	0	0.99	0	0	0	1.01	16.99
NA18507	0	0	0.5	0.99	0.5	0	0.01	19.98
HG00261	0	0	0.02	0.01	0.97	0	1.0	18.95
HG00179	0	0	0	1.98	0.01	0	0.01	19.99
NA12776	0	0	0	0.04	0.96	0	1.0	18.96
NA20758	0	0	0	0	0.99	0	1.01	18.97
NA18498	0	0.99	0	0	0.99	0	0.02	17.98
HG00321	0	0	0.99	0	0	0	1.01	16.99
HG00313	0	0	0.02	0.01	0.97	0	1.0	18.95
HG00174	0	0	0.02	0	0.98	0	1.0	18.96
NA12287	0	0	0.99	0	0	0	1.01	16.99
NA20756	0	0	0.15	0	0.05	0	1.8	16.3
HG00180	0	0	0	0	0	0	2.0	16.0
NA19257	0	0	0.99	0.99	0	0	0.02	18.97
HG00112	0	0	0.04	0	0.99	0	0.97	19.01
NA20586	0	0	0.11	0.11	1.71	0.04	0.03	21.62
NA12347	0	0	0	0	0	0	2.0	16.0
NA20517	0	0	1.07	0	0.01	0	0.92	17.1
HG00384	0	0	0	0	0.97	0.02	1.01	18.99
NA12283	0	0	0	0	0	0	2.0	16.0
NA11843	0	0	1	0	0	0	1.0	17.0
NA20778	0	0	0	0.05	0.94	0	1.01	18.92
NA20541	0	0	0.99	0.55	0.33	0.12	0.01	19.56
HG00267	0	0	0.99	0	0	0	1.01	16.99
NA19102	0	0	0	0	0.99	0	1.01	18.97
NA12272	0	0	0.99	0	0	0	1.01	16.99
NA19141	0	0	0	0	0.99	0	1.01	18.97
NA07048	0	0	0	0	0.99	0	1.01	18.97
NA20769	0	0	0.99	0	0.99	0	0.02	19.96
NA20773	0	0	0	0.02	0.14	0.84	1.0	19.82
HG00328	0	0	1.08	0	0.01	0	0.91	17.11
HG00106	0	0	0.02	0	0.99	0	0.99	18.99
HG00361	0	0	0	0	0	0	2.0	16.0
HG00253	0	0	0.05	0	0	0	1.95	16.05
HG00155	0	0	0	0	0.02	0	1.98	16.06
NA20792	0	0	0.06	0	0.01	0.98	0.95	20.01
NA20759	0	0	0.05	0	0.99	0	0.96	19.02
NA18934	0.96	0	0	0	0	0	1.04	14.08
NA11840	0	0	0	0.97	1.01	0	0.02	20.97
HG00109	0	0	0.99	0	0.01	0	1.0	17.02
NA18511	0	0	1.98	0	0	0	0.02	17.98
HG01334	0	0	0.02	0.01	0.54	0	1.43	17.66
NA12842	0	0	0	0	0	0	2.0	16.0
HG00338	0	0	0.07	0	0.01	0	1.92	16.1
HG00269	0	0	0	0	1.98	0	0.02	21.94
HG00173	0	0	0	0	0	0	2.0	16.0
NA06986	0	0	0	0	0	0	2.0	16.0
NA12003	0	0	0.02	0.01	0.96	0.02	0.99	19.0
NA20774	0	0	0.99	0.02	0.98	0	0.01	19.97
NA20828	0	0	0	0	1.96	0	0.04	21.88
HG00284	0	0	0.02	0	0	0.07	1.91	16.3
NA12750	0	0	0	0.7	0.3	0	1.0	18.3
NA18522	0.48	0	0	0	0.99	0	0.53	18.01
NA12275	0	0	0	0.24	0.75	0	1.01	18.73
NA20528	0	0	0.11	0	0.95	0.03	0.91	19.08
NA18910	0	0	0.12	0.07	1.72	0.07	0.02	21.7
HG00272	0	0	0	0	0	0	2.0	16.0
HG00138	0	0	0.02	0.01	0.37	0	1.6	17.15
HG00159	0	0	0.01	0	0.01	0	1.98	16.04
HG00108	0	0	0	0.01	0.99	0	1.0	18.99
NA19256	0	0	0	0	0.99	0	1.01	18.97
HG00111	0	0	0.01	0	0	0	1.99	16.01
HG00143	0	0	0	0	0.65	0.34	1.01	19.31
NA19119	0.01	0	0.99	0	0.09	0	0.91	17.24
NA12751	0	0	0.03	0	0	0	1.97	16.03
HG00121	0	0	0	0	0	0	2.0	16.0
NA20515	0	0	0.08	0	0.04	0	1.88	16.2
NA20512	0	0	0	0.04	0.84	0	1.12	18.6
NA06989	0	0	0	0	0.03	0.96	1.01	19.93
HG00281	0	0	0	0	0.99	0	1.01	18.97
HG00383	0	0	0	0	0	0	2.0	16.0
NA12716	0	0	0	0	1.95	0	0.05	21.85
NA12718	0	0	0.01	0	0.99	0	1.0	18.98
HG00137	0	0	0	0	1.98	0	0.02	21.94
NA20790	0	0	0.01	0	0.01	0	1.98	16.04
NA18489	0	0	0.98	0	0.99	0	0.03	19.95
HG00334	0	0	0.02	0	0	0	1.98	16.02
NA20803	0	0	0.02	0	0	0	1.98	16.02
NA11892	0	0	0	0	0	0	2.0	16.0
HG00232	0	0	0.02	0	0	0	1.98	16.02
HG00369	0	0	0.06	0	0	0	1.94	16.06
NA19152	0	0	0.99	0	0.99	0	0.02	19.96
NA07037	0	0	0	0	0	0	2.0	16.0
NA11831	0	0	0.01	0	0	0	1.99	16.01
HG00133	0	0	0	0	0	0	2.0	16.0
NA19248	0	0	1.17	0	0.81	0	0.02	19.6
NA11830	0	0	0	0	0	0	2.0	16.0
HG00126	0	0	0	0.88	0.11	0	1.01	18.09
NA20813	0	0	0.02	0.04	0.95	0.02	0.97	19.03
NA11994	0	0	0	0.96	1.01	0.01	0.02	20.99
NA19209	0.48	0	0	0	0	0	1.52	15.04
HG00255	0	0	0	0	0.99	0	1.01	18.97
NA19225	0	0	0.5	0	0	0	1.5	16.5
NA20532	0	0	0.01	0.95	1.02	0.02	0.0	21.05
NA18923	0	0	0.5	0.91	0.57	0	0.02	20.03
NA20812	0	0	0.71	0.03	1.18	0.02	0.06	20.39
HG00250	0	0	0	0	0.01	0	1.99	16.03
HG00256	0	0	0.99	0	0	0	1.01	16.99
HG00262	0	0	0.01	0	0	0	1.99	16.01
NA12348	0	0	0	0	0.99	0	1.01	18.97
NA18858	0	0	0.99	0	0	0	1.01	16.99
NA20754	0	0	0	0	0.99	0	1.01	18.97
NA12775	0	0	0	0	0	0	2.0	16.0
NA20510	0	0	0	0.92	1.02	0.05	0.01	21.1
NA11930	0	0	1.98	0	0	0	0.02	17.98
NA19138	0	0	0	0	0.96	0	1.04	18.88
NA18499	0	0	1.98	0	0	0	0.02	17.98
NA19093	1	0	0.5	0	0	0	0.5	14.5
HG00367	0	0	0	0	0	0	2.0	16.0
NA19108	0	0	0.99	0	0.99	0	0.02	19.96
NA19200	0	0	0.5	0.99	0.5	0	0.01	19.98
HG00278	0	0	0.45	0.87	0.1	0.03	0.55	18.61
HG00309	0	0	0	0	0.04	0	1.96	16.12
HG00139	0	0	0.01	0	0.03	0	1.96	16.1
NA19098	0.99	0	0	0	0.99	0	0.02	16.99
HG00271	0	0	0.93	0	0.99	0	0.08	19.9
NA20520	0	0	0.03	0.01	0	0	1.96	16.05
HG00246	0	0	0	0	1.13	0	0.87	19.39
NA12045	0	0	0	0	0.99	0.99	0.02	22.93
NA12889	0	0	0.99	0	0.01	0	1.0	17.02
HG00276	0	0	0	0.99	0.99	0	0.02	20.95
NA12830	0	0	0.01	0.04	1.79	0.14	0.02	22.02
NA18519	0	0	0.99	0	1	0	0.01	19.99
NA06984	0	0	0.02	0.01	0.01	0	1.96	16.07
HG00320	0	0	0.99	0	0	0	1.01	16.99
NA19223	0.48	0	0.18	0.02	0.75	0.05	0.52	17.71
NA19107	0	0	1.98	0	0	0	0.02	17.98
HG00382	0	0	0.01	0	0	0	1.99	16.01
HG00119	0	0	0	0	0.99	0	1.01	18.97
