	15	15	15	16	16	16	16	16	17	17	17	18	18	18	19	19	19	20	20	20	20	20	21	21	21	21	22	22	22	23	19	Beta
NA19131	0	0	0	0	0	0	0	0	0.95	0	0	0	0.01	0	0	0	0	0	0	0	0.94	0	0	0	0	0	0	0	0	0	0.1	37.03
NA19198	0	0	0	0	0	0	0	0	0.97	0	0	0	0.2	0	0	0.3	0	0	0	0	0.36	0	0	0	0.03	0	0	0.01	0.06	0	0.07	36.49
HG00273	0	0	0	0	0	0	0.1	0	0	0.5	0	0	0	0.35	0	0.7	0	0	0	0	0.25	0	0	0	0.01	0	0	0	0	0	0.09	36.62
HG00150	0	0	0.12	0	0	0	0.26	0.95	0	0.33	0	0	0	0.19	0	0	0.03	0	0	0	0	0	0	0	0.04	0	0	0	0	0	0.08	33.12
HG00145	0	0	0	0	0	0	0	0	0	0	0	0	0.96	0	0	0.34	0	0	0	0	0.6	0	0	0	0.01	0	0	0	0	0	0.09	37.66
HG00339	0	0	0	0	0	0	0	0	0.01	0.01	0	0	0.18	0	0	0.84	0	0	0	0	0.51	0	0	0.02	0.35	0	0	0	0	0	0.08	39.03
HG00102	0	0	0.16	0	0	0	0.14	0	0	0.25	0	0	0	0.39	0	0.93	0.03	0	0	0	0.02	0.01	0	0	0	0	0	0	0	0	0.07	36.08
NA18523	0	0	0	0	0	0	0	0	0.09	0	0	0	0.97	0	0	0.77	0	0	0	0	0.04	0	0	0	0.03	0	0	0.01	0	0	0.09	36.98
HG00346	0	0	0	0	0	0	0	0	0	0	0	0	1.55	0	0	0.34	0	0	0	0	0.01	0	0	0	0	0	0	0.01	0	0	0.09	36.49
NA12249	0	0	0	0	0	0	0	0	0	0	0	0	0.94	0	0	0.82	0	0	0	0	0.13	0	0	0	0	0	0	0	0	0	0.11	37.19
HG00266	0	0	0	0	0	0	0	0.95	0	0	0	0	0.95	0	0	0	0	0	0	0	0	0	0	0	0	0	0	0	0	0	0.1	34.2
NA12413	0	0	0	0	0	0	0	0	0	0	0	0	0.04	0	0	0.1	0	0	0	0	1	0	0	0	0.76	0	0	0.01	0	0	0.09	40.51
NA19236	0	0	0	0	0	0	0	0	0	0.01	0	0	0	0.93	0	0	0	0	0	0	0	0.01	0	0	0.95	0	0	0	0	0	0.1	38.96
NA20544	0	0	0	0	0	0	0	0	0	0.01	0	0	0.1	0.94	0	0.47	0	0	0	0	0.24	0	0	0	0.1	0	0	0.04	0	0	0.1	37.5
NA19204	0	0	0	0	0	0	0	0	0.13	0	0	0	0.99	0	0	0.61	0	0	0	0	0.13	0	0	0	0.04	0	0	0.01	0	0	0.09	36.99
HG00103	0	0	0	0	0	0.01	0	0	0	0.95	0	0	0.88	0	0	0.06	0	0	0	0	0.01	0	0	0	0.01	0	0	0	0	0	0.08	35.22
NA20582	0	0	0	0	0	0	0	0	0	0.55	0	0	0	0.4	0	0	0	0	0	0	0	0	0.95	0	0	0	0	0	0	0	0.1	38.4
NA19172	0	0	0	0	0	0	0	0	0.95	0	0	0	0	0	0	0	0	0	0	0	0.95	0	0	0	0	0	0	0	0	0	0.1	37.05
NA20815	0	0	0	0	0	0	0	0	0	0.94	0	0	0.04	0.01	0	0.22	0	0	0	0	0.43	0	0	0	0	0	0	0.27	0	0	0.09	37.31
HG00375	0	0	0	0	0	0	0	0.94	0	0	0	0	0.09	0	0	0.01	0	0	0	0	0.48	0	0	0	0.37	0	0	0.03	0	0	0.08	36.4
NA18933	0	0	0	0	0	0	0	0	0	0	0	0	0.63	0	0	0.32	0	0.95	0	0	0	0	0	0	0	0	0	0	0	0	0.1	38.32
HG00245	0	0	0	0	0	0	0	0	0	0	0	0	0.93	0	0	0.04	0	0	0	0	0.25	0	0	0	0.65	0	0	0.04	0	0	0.09	38.74
HG00319	0	0	0	0	0	0	0	0	0	0	0	0	0.94	0	0	0.01	0	0	0	0	0.95	0	0	0	0	0	0	0	0	0	0.1	38.01
NA12155	0	0	0	0	0	0	0	0	0	0	0	0	0	0	0	1.19	0	0	0	0	0.56	0	0	0	0.15	0	0	0	0	0	0.1	38.86
NA12749	0	0	0	0	0	0	0.02	0	0	0.56	0	0	0.01	0.37	0	0.6	0.01	0	0	0	0.35	0	0	0	0	0	0	0	0	0	0.08	36.79
HG00341	0	0	0	0	0	0	0	1.18	0	0	0	0	0	0	0	0.72	0	0	0	0	0	0	0	0	0	0	0	0	0	0	0.1	34.46
NA20771	0	0	0	0	0	0	0	0	0	0	0	0	0.75	0	0	0.19	0	0	0	0	0.64	0	0	0	0.32	0	0	0	0	0	0.1	38.53
NA20761	0	0	0.01	0	0	0	0.04	0	0.03	0.07	0	0	0.08	0.05	0	0.18	0.79	0	0	0	0.43	0	0	0.01	0.18	0	0	0.06	0	0	0.07	38.5
NA12341	0	0	0	0	0	0	0	0	0	0	0	0	0	0	0	0.29	0	0	0	0	1.6	0	0	0	0.01	0	0	0	0	0	0.1	39.62
HG00380	0	0	0	0	0	0	0	0	0	0	0	0	0.01	0	0	0.9	0	0	0	0	0.28	0	0	0	0.48	0	0	0.24	0	0	0.09	39.95
NA12763	0	0	0	0	0	0	0	0	0.94	0.55	0	0	0.01	0.4	0	0	0	0	0	0	0	0	0	0	0	0	0	0	0	0	0.1	34.61
NA18917	0	0	0	0	0	0	0	0	0.92	0	0	0	0.01	0	0	0.01	0	0	0	0	0.96	0	0	0	0.01	0	0	0	0	0	0.09	37.13
HG00116	0.02	0	0	0	0	0	0	0.93	0	0	0.01	0	0	0	0	0.41	0	0	0	0	0.3	0	0	0	0.24	0	0	0	0	0	0.09	35.89
HG00260	0	0	0	0	0	0	0	0	0.01	0	0	0	0.01	0	0	0.68	0	0	0	0	1.19	0	0	0	0.01	0	0	0	0	0	0.1	39.18
NA18907	0	0	0	0	0	0	0	0.01	0.34	0.02	0	0	0.38	0	0	0.02	0	0	0	0	0.19	0	0	0	0.95	0	0	0	0	0	0.09	38.96
NA20770	0	0	0	0	0	0	0	0	0	0.3	0	0	0.05	0.65	0	0.39	0.01	0	0	0	0.31	0.01	0	0	0.1	0.02	0	0.06	0	0	0.1	37.44
NA20807	0	0	0	0	0	0	0.35	0.9	0	0.28	0	0	0	0.31	0	0.01	0.02	0	0	0	0	0	0	0	0.04	0	0	0	0	0	0.09	33.46
NA20796	0	0	0	0	0	0	0	0	0.01	0.01	0	0	0.82	0	0	0.03	0	0	0	0	0.08	0	0	0.01	0.95	0	0	0.01	0	0	0.08	39.17
NA19160	0.11	0	0	0	0	0	0.01	0.37	0	0.31	0	0	0.27	0	0	0.46	0	0	0	0	0.39	0	0	0	0	0	0	0	0	0	0.08	35.92
NA20810	0	0	0	0	0	0	0.01	0	0	0.19	0	0	0.9	0.42	0	0.39	0	0	0	0	0	0	0	0	0	0	0	0	0	0	0.09	36.27
NA20787	0	0	0	0	0	0	0.02	0	0.01	0.33	0	0	0.06	0.61	0	0.52	0	0	0	0	0.29	0	0	0	0.09	0	0	0.01	0	0	0.06	37.09
NA07347	0	0	0	0	0	0	0	0	0	0	0	0	0	0	0	0.95	0	0	0	0	0.95	0	0	0	0	0	0	0	0	0	0.1	38.95
HG00101	0	0	0	0	0	0	0	0.95	0	0	0	0	0	0	0	0.59	0	0	0	0	0.03	0	0	0	0.34	0	0	0	0	0	0.09	35.86
HG00160	0	0	0	0	0	0	0	0.01	0	0	0	0	0.51	0	0	0.39	0	0	0	0	0.48	0	0	0	0.52	0	0	0	0	0	0.09	38.98
HG00251	0	0	0	0	0	0	0	0	0.19	0	0	0	0.76	0	0	0.95	0	0	0	0	0	0	0	0	0	0	0	0	0	0	0.1	36.86
HG00146	0	0	0	0	0	0	0	0	0	0	0	0	0	0	0	0.53	0.01	0	0	0	1.33	0	0	0	0.02	0	0	0.01	0	0	0.1	39.4
NA20819	0	0	0	0	0	0	0.01	0.93	0	0.93	0	0	0	0.02	0	0.02	0	0	0	0	0	0	0	0	0	0	0	0	0	0	0.09	33.3
NA12778	0	0	0	0	0	0	0	0	0	0.08	0	0	0.23	0.01	0	0.58	0.87	0	0	0	0.14	0	0	0	0.01	0	0	0	0	0	0.08	37.76
NA12890	0	0	0	0	0	0	0	0.95	0	0	0	0	0.91	0	0	0.04	0	0	0	0	0	0	0	0	0	0	0	0	0	0	0.1	34.24
NA20535	0	0	0	0	0	0	0	0.2	0.04	0	0	0.01	0.14	0	0	1.28	0	0	0	0	0.17	0	0	0	0.06	0	0	0.01	0	0	0.09	37.49
NA19116	0	0	0	0	0	0	0	0	0	0.01	0	0	0	0.01	0	0.93	0	0	0	0	0	0	0	0	0.95	0	0	0	0	0	0.1	39.87
NA20506	0	0	0	0	0	0	0	0	0	0	0	0	0.11	0	0	1.4	0	0	0	0	0.1	0	0	0	0.29	0	0	0.01	0	0	0.09	38.6
HG00330	0	0	0	0	0	0	0	0	0	0	0	0	0.03	0	0	0.19	0	0	0	0	1.62	0	0	0	0.05	0	0	0.02	0	0	0.09	39.75
HG00189	0	0	0	0	0	0	0	0	0	0.47	0	0	0.6	0	0	0.15	0.03	0	0	0	0.47	0	0	0	0.17	0	0	0.03	0	0	0.08	37.36
HG00233	0	0	0	0	0	0	0	0.95	0	0	0	0	0	0.95	0	0	0	0	0	0	0	0	0	0	0	0	0	0	0	0	0.1	34.2
NA12546	0	0	0	0	0	0	0	0	0	0	0	0	0.94	0	0	0.48	0	0	0	0	0	0	0	0	0.48	0	0	0	0	0	0.1	38.02
NA19129	0	0	0	0	0	0	0	0	0	0.95	0	0	0.95	0	0	0	0	0	0	0	0	0	0	0	0	0	0	0	0	0	0.1	35.15
NA20525	0	0	0	0	0	0	0	0	0.95	0	0	0	0.8	0	0	0.06	0	0	0	0	0.1	0	0	0	0	0	0	0	0	0	0.09	35.4
NA19144	0	0	0	0	0	0	0	0	0.96	0.21	0	0	0.12	0	0	0.26	0	0.01	0	0	0.23	0.01	0	0	0.1	0	0	0.02	0	0	0.08	36.05
NA12058	0	0	0	0	0	0	0	0	0	0	0	0	0.01	0	0	0.05	0	0	0	0	0.85	0	0	0	0.04	0	0	0.96	0	0	0.09	41.8
NA20516	0	0	0.01	0	0	0	0.03	0	0.48	0.61	0	0	0.25	0.28	0	0.04	0.01	0	0	0	0.2	0	0	0	0	0	0	0	0	0	0.09	35.36
NA20797	0	0	0	0	0	0	0	0.94	0	0	0	0	0.01	0	0	0	0	0	0	0	0.94	0	0	0	0.01	0	0	0	0	0	0.1	36.13
HG00178	0	0	0	0	0	0	0	0.95	0.02	0	0	0	0	0	0	0.23	0	0	0	0	0.6	0	0	0	0.11	0	0	0	0	0	0.09	35.93
NA11832	0	0	0	0	0	0	0	0	0	0	0	0	0.86	0.95	0	0.09	0	0	0	0	0	0	0	0	0	0	0	0	0	0	0.1	36.19
NA18520	0	0	0	0	0	0	0.07	0	0	1.4	0	0	0.01	0.34	0	0.01	0.07	0	0	0	0	0.01	0	0	0.01	0	0	0	0	0	0.08	34.67
HG00263	0	0	0	0	0	0	0	0	0	0	0	0	0.95	0	0	0.01	0	0	0	0	0.2	0	0	0	0.75	0	0	0	0	0	0.09	38.75
HG00127	0	0	0	0	0	0	0	0	0	0	0	0	0.02	0	0	0.96	0	0	0	0	0.88	0	0	0	0.05	0	0	0.01	0	0	0.08	38.99
HG00326	0	0	0	0	0	0	0	0	0.02	0	0	0	1.02	0	0	0	0	0	0	0	0.48	0	0	0	0.36	0	0	0.03	0	0	0.09	38.23
NA20531	0	0	0	0	0	0	0	0	0.33	0.14	0	0	0.1	0.81	0	0.34	0	0	0	0	0.19	0	0	0	0	0	0	0	0	0	0.09	36.34
HG00310	0	0	0	0	0	0	0	0	0.01	0	0	0	0.23	0	0	0.71	0	0	0	0	0.59	0	0	0.01	0.36	0	0	0.01	0	0	0.08	39.11
HG00378	0	0	0	0	0	0	0	0	0	0.95	0	0	0	0	0	0	0	0	0	0	0.95	0	0	0	0	0	0	0	0	0	0.1	37.05
NA12342	0	0	0	0	0	0	0.01	0	0	0.38	0	0	0.01	0.56	0	0.71	0	0	0	0	0.24	0	0	0	0	0	0	0	0	0	0.09	36.88
NA19206	0	0	0	0	0	0	0	0	0	0	0	0	0.94	0	0	0	0	0	0	0	0.01	0	0.95	0	0	0	0	0	0	0	0.1	38.97
NA20752	0	0	0.32	0	0	0	0.45	0	0	0.18	0	0	0.06	0.01	0	0.03	0.86	0	0	0	0.01	0	0	0	0	0	0	0	0	0	0.08	34.95
HG00157	0	0	0	0	0	0	0	0	0.03	0	0	0	1.47	0	0	0.29	0	0	0	0	0.11	0	0	0	0.01	0	0	0	0	0	0.09	36.6
HG00258	0	0	0	0	0	0	1.07	0	0	0.26	0	0	0.15	0.35	0	0.05	0.01	0	0	0	0.02	0	0	0	0.01	0	0	0	0	0	0.08	33.81
HG00177	0	0	0	0	0	0	0	0	0	0	0	0	0.8	0	0	0.14	0	0	0	0	0.03	0	0	0	0.91	0	0	0.03	0	0	0.09	39.14
HG00353	0	0	0	0	0	0	0	0	0.01	0.47	0	0	0.79	0	0	0.61	0	0	0	0	0.01	0	0	0	0	0	0	0	0	0	0.11	36.26
NA19114	0	0	0	0	0	0	0	0	0.95	0	0	0	0.95	0	0	0	0	0	0	0	0	0	0	0	0	0	0	0	0	0	0.1	35.15
HG00131	0	0	0	0	0	0	0	0	0	0.95	0	0	0	0	0	0	0	0	0	0	0.95	0	0	0	0	0	0	0	0	0	0.1	37.05
HG00372	0	0	0	0	0	0	0	0	0	0	0	0	0.15	0	0	0.85	0	0	0	0	0.01	0	0	0	0	0	0	0.9	0	0	0.09	40.56
NA19092	0	0	0	0	0	0	0.01	0	0.03	0.18	0	0	0.23	0.06	0	0.3	0.01	0	0	0	1.04	0	0.03	0	0.03	0	0	0	0	0	0.08	38.42
NA10847	0	0	0	0	0	0	0	0	0	0	0	0	0	0	0	1.88	0	0	0	0	0	0	0	0	0.01	0	0	0	0	0	0.11	38.02
HG00277	0	0	0	0	0	0	0	0	0	0	0	0	0.09	0	0	1.34	0	0	0	0	0.46	0	0	0	0	0	0	0	0	0	0.11	38.37
NA18510	0	0	0	0	0	0	0	0	1.31	0.48	0	0	0.03	0	0	0.05	0	0	0	0	0.03	0	0	0	0.01	0	0	0	0	0	0.09	34.44
NA12399	0	0	0	0	0	0	0	0.95	0	0	0	0	0.49	0	0	0.45	0	0	0	0	0.01	0	0	0	0	0	0	0	0	0	0.1	34.67
HG00327	0	0	0	0	0	0	0	0.93	0	0	0	0	0	0	0	0.03	0	0	0	0	0	0	0	0	0.94	0	0	0	0	0	0.1	37.09
NA19247	0	0	0	0	0	0.95	0	0	0	0	0	0	0.47	0	0	0.48	0	0	0	0	0	0	0	0	0	0	0	0	0	0	0.1	34.68
HG00332	0	0	0	0	0	0	0	0	0	0	0	0	0	0	0	1.89	0	0	0	0	0	0	0	0	0	0	0	0	0	0	0.11	38.0
NA18504	0	0	0	0	0	0	0	0	0.13	0	0	0	0.52	0	0	1.22	0	0	0	0	0.03	0	0	0	0.01	0	0	0	0	0	0.09	37.27
HG00252	0	0	0	0	0	0	0.02	0.95	0	0.57	0	0	0	0.36	0	0	0	0	0	0	0	0	0	0	0	0	0	0	0	0	0.1	33.59
HG00238	0	0	0	0	0	0	0	0.95	0.01	0	0	0	0.19	0	0	0.55	0	0	0	0	0.14	0	0	0	0.05	0	0	0.02	0	0	0.09	35.24
HG00342	0	0	0	0	0	0	0	0	0	0.01	0	0	0.22	0	0	0.46	0	0	0	0	0.15	0	0	0	1.06	0	0	0	0	0	0.1	40.03
NA20581	0	0	0	0	0	0	0	0	0	0	0	0	0.12	0	0	0.38	0	0	0	0	0.34	0	0	0	1.07	0	0	0	0	0	0.09	40.36
HG00268	0	0	0	0	0	0	0.02	0	0	0.9	0	0	0.03	0.04	0	0.11	0	0	0	0	0.73	0	0	0	0.07	0	0	0.02	0	0	0.08	37.0
HG00154	0	0	0.01	0	0	0	0.04	0	0	0.29	0	0	0.47	0.59	0	0.34	0.02	0	0	0	0.14	0	0	0	0.01	0	0	0	0	0	0.09	36.36
HG00371	0	0	0	0	0	0	0	0	0	0	0	0	0	0	0	1.89	0	0	0	0	0	0	0	0	0	0	0	0	0	0	0.11	38.0
NA18870	0	0	0	0	0	0	0	0	0.95	0	0	0	0.01	0	0	0.94	0	0	0	0	0	0	0	0	0	0	0	0	0	0	0.1	36.09
NA20505	0	0	0.01	0	0	0	0.02	0.95	0	0.63	0	0	0.02	0.26	0	0.02	0.01	0	0	0	0	0	0	0	0	0	0	0	0	0	0.08	33.51
NA20538	0	0	0	0	0	0	0	0.95	0	0.33	0	0	0	0.62	0	0	0	0	0	0	0	0	0	0	0	0	0	0	0	0	0.1	33.87
HG00182	0	0	0	0	0	0	0	0.95	0.01	0	0	0	0.25	0	0	0.13	0	0	0	0	0.37	0	0	0	0.14	0	0	0.06	0	0	0.09	35.71
NA19207	0	0	0	0	0	0.95	0	0	0.94	0	0	0	0.01	0	0	0.01	0	0	0	0	0	0	0	0	0	0	0	0	0	0	0.09	33.26
HG00373	0	0	0	0	0	0	0	0	0.01	0	0	0	0.02	0	0	0.01	0	0	0	0	0.03	0	0	0	1.84	0	0	0	0	0	0.09	41.67
NA20800	0	0	0	0	0	0	0	0	0.01	0.06	0	0	0.89	0	0	0.33	0	0	0	0	0.52	0	0	0.08	0.02	0	0	0.01	0	0	0.08	37.72
HG00151	0	0	0	0	0	0	0	0	0	0	0	0	0.28	0	0	1.51	0	0	0	0	0.08	0	0	0	0.03	0	0	0.01	0	0	0.09	37.89
NA11829	0	0	0	0	0	0	0	0.95	0.01	0.01	0	0	0.08	0	0	0.17	0	0	0	0	0.44	0	0	0.01	0.18	0	0	0.08	0	0	0.07	36.09
HG00324	0	0	0	0	0	0	0	0	0	0	0	0	0.32	0.95	0	0.44	0	0	0	0	0.19	0	0	0	0	0	0	0	0	0	0.1	36.92
HG00120	0	0	0	0	0	0	0	0	0.03	0.04	0	0	1.21	0	0	0.39	0	0	0	0	0.16	0	0	0	0.06	0	0	0.02	0	0	0.09	36.99
NA12828	0	0	0	0	0	0	0	0	0.55	0	0	0	0.01	0	0	1.29	0	0	0	0	0.05	0	0	0	0.01	0	0	0	0	0	0.09	36.96
NA12777	0	0	0	0	0	0	0	0.95	0	0	0	0	0	0	0	0.73	0	0	0	0	0.06	0	0	0	0.17	0	0	0	0	0	0.09	35.55
NA20539	0	0	0	0	0	0	0	0	0.01	0.1	0	0	0.56	0.86	0	0.08	0	0	0	0	0.31	0	0	0	0.01	0	0	0	0	0	0.07	36.69
NA19213	0	0	0	0	0	0	0.01	0	0.31	0.11	0	0	0.85	0.04	0	0.01	0.16	0	0	0	0.44	0	0	0	0	0	0	0	0	0	0.07	36.68
NA19147	0	0	0	0	0	0	0	0	0	0	0	0	0.95	0	0	0	0	0	0	0	0	0	0	0	0.95	0	0	0	0	0	0.1	38.95
HG00379	0	0	0	0	0	0	0	0	0	0.01	0	0	0.01	0	0	0.08	0	0	0	0	0.93	0	0	0	0.87	0	0	0	0	0	0.1	40.64
HG00158	0	0	0	0	0	0	0	0	0	0	0	0	0.35	0	0	0.58	0	0	0	0	0.41	0	0	0	0.55	0	0	0.01	0	0	0.1	39.19
HG00329	0	0	0	0	0	0	0	0	0	0	0	0	0.26	0	0	1.47	0	0	0	0	0.17	0	0	0	0	0	0	0	0	0	0.1	37.91
HG00344	0	0	0	0	0	0	0	0	0	0.01	0	0	0	0.94	0	0	0.05	0	0	0	0.29	0	0	0	0.15	0	0	0.47	0	0	0.09	39.04
NA11931	0	0	0	0	0	0	0	0.95	0	0	0	0	0.19	0	0	0.02	0	0	0	0	0.74	0	0	0	0	0	0	0	0	0	0.1	35.7
HG00142	0	0	0	0	0	0	0	0	0	0	0	0	0.92	0	0	0.03	0	0	0	0	0	0	0	0	0.95	0	0	0	0	0	0.1	38.98
HG00100	0	0	0	0	0	0	0	0	0	0	0	0	0.1	0	0	0.19	0	0	0	0	0.66	0	0	0	0.94	0	0	0	0	0	0.11	40.44
NA12843	0	0	0	0	0	0	0	0	0	0.19	0	0	0.95	0.76	0	0	0	0	0	0	0	0	0	0	0	0	0	0	0	0	0.1	35.91
NA18909	0	0	0	0	0	0	0	0	0.95	0	0	0	0.47	0	0	0.48	0	0	0	0	0	0	0	0	0	0	0	0	0	0	0.1	35.63
HG00243	0	0	0	0	0	0	0	0	0	0	0	0	0	0	0	0.95	0	0	0	0	0.16	0	0	0	0.63	0	0	0.17	0	0	0.09	39.93
NA20806	0	0	0	0	0	0	0	0.95	0	0.01	0	0	0.04	0	0	0.42	0	0	0	0	0.44	0	0	0	0.04	0	0	0.01	0	0	0.09	35.64
NA20768	0	0	0	0	0	0	0	0	0	0	0	0	0.31	0	0	0.92	0	0	0	0	0.54	0	0	0	0.1	0	0	0.05	0	0	0.08	38.58
HG00123	0	0	0	0	0	0	0	0.91	0	0.01	0	0	0	0.94	0	0.04	0	0	0	0	0	0	0	0	0	0	0	0	0	0	0.1	34.31
NA20529	0	0	0	0	0	0	0	0.94	0.02	0	0	0	0.42	0	0	0.39	0	0	0	0	0.11	0	0	0	0.03	0	0	0	0	0	0.09	34.89
HG00122	0.01	0	0	0	0	0	0	0.91	0	0.01	0	0	0.07	0	0	0.77	0	0	0	0	0.14	0	0	0	0	0	0	0	0	0	0.09	35.28
NA18853	0	0	0	0	0	0	0	0	1.67	0	0	0	0.22	0	0	0.02	0	0	0	0	0	0	0	0	0	0	0	0	0	0	0.09	34.44
NA19189	0	0	0	0	0	0	0	0	0	0	0	0	0.01	0	0	0	0	0	0	0	1.88	0	0	0	0	0	0	0	0	0	0.11	39.87
HG00148	0	0	0	0	0	0	0.01	0	0	0.1	0	0	0.31	0.85	0	0.05	0	0	0	0	0.24	0	0	0	0.36	0	0	0	0	0	0.08	37.57
HG00171	0	0	0	0	0	0	0	0	0	0	0	0	0.14	0	0	0.23	0	0	0	0	0.96	0	0	0	0.57	0	0	0	0	0	0.1	39.96
HG00331	0	0	0	0	0	0.01	0	0	0.03	0	0	0	0.16	0	0	1.37	0	0	0	0	0.34	0	0	0	0.01	0	0	0	0	0	0.08	38.11
HG00381	0	0	0	0	0	0	0	0	0	0	0	0	0.49	0	0	0.47	0	0	0	0	0	0	0	0	0.95	0	0	0	0	0	0.09	39.41
NA18856	0	0	0	0	0	0	0	0	0.43	0	0	0	0.94	0	0	0.52	0	0	0	0	0.01	0	0	0	0	0	0	0	0	0	0.1	36.21
HG00345	0	0	0	0	0	0	0	0	0	0	0	0	0.95	0	0	0	0	0	0	0	0.95	0	0	0	0	0	0	0	0	0	0.1	38.0
NA18861	0	0	0	0	0	0	0	0	0	0	0	0	0.14	0	0	0.81	0	0	0	0	0	0	0	0	0.95	0	0	0	0	0	0.1	39.76
HG00185	0	0	0	0	0	0	0	0.95	0	0	0	0	0	0.95	0	0	0	0	0	0	0	0	0	0	0	0	0	0	0	0	0.1	34.2
NA07051	0	0	0	0	0	0	0	0	0.03	0.03	0	0	1.13	0	0	0.22	0	0	0	0	0.31	0	0	0.05	0.13	0	0	0.02	0	0	0.08	37.48
NA20527	0	0	0	0	0	0	0	0	0	0.69	0	0	0.06	0.26	0	0.09	0	0	0	0	0.15	0	0	0	0.66	0	0	0	0	0	0.09	37.77
NA20783	0	0	0	0	0	0	0	0	0	0	0	0	0.14	0	0	0.61	0	0	0	0	0.21	0	0	0	0.94	0	0	0.01	0	0	0.09	39.98
NA19137	0	0	0	0	0	0	0.01	0	0.93	0.12	0	0	0.03	0.06	0	0.74	0.01	0	0	0	0.02	0	0	0	0.01	0	0	0	0	0	0.07	35.82
NA19201	0	0	0	0	0	0	0	0	0	0.01	0	0	0.94	0.01	0	0	0	0	0	0	0.01	0.94	0	0	0	0	0	0	0	0	0.09	37.98
NA18488	0	0	0	0	0	0.95	0	0	0.05	0	0	0	0.79	0	0	0.05	0	0	0	0	0.04	0	0	0	0.03	0	0	0.01	0	0	0.08	34.39
HG00311	0	0	0	0	0	0	0	0	0	0	0	0	0	0	0	1.89	0	0	0	0	0	0	0	0	0	0	0	0	0	0	0.11	38.0
HG00337	0	0	0	0	0	0	0	0	0	0	0	0	0	0	0	0.55	0	0	0	0	0.41	0	0	0	0.94	0	0	0	0	0	0.1	40.29
HG00257	0	0	0.03	0	0	0	0.56	0	0	0.36	0	0	0.03	0.01	0	0.9	0	0	0	0	0.01	0	0	0	0	0	0	0.01	0	0	0.09	35.48
HG00136	0	0	0	0	0	0	0	0	0.74	0	0	0	0.65	0	0	0.36	0	0	0	0	0.11	0	0	0	0.04	0	0	0	0	0	0.1	36.06
NA20826	0	0	0	0	0	0	0	0	0	0	0	0	0.59	0	0	1.1	0	0	0	0	0.17	0	0	0	0.04	0	0	0.01	0	0	0.09	37.69
NA20518	0	0	0	0	0	0	0	0.95	0	0.69	0	0	0.05	0.22	0	0	0	0	0	0	0	0	0	0	0	0	0	0	0	0	0.09	33.5
NA20786	0	0	0	0	0	0	0	0.94	0	0	0	0	0.95	0	0	0.01	0	0	0	0	0	0	0	0	0	0	0	0	0	0	0.1	34.23
NA20760	0	0	0	0	0	0	0	0	0.02	0	0	0	0.14	0	0	0.8	0	0	0	0	0.83	0	0	0	0.1	0	0	0.01	0	0	0.1	38.88
HG00114	0	0	0	0	0	0	0	0	0	0	0	0	0	0	0	0.19	0	0	0	0	1.04	0	0	0	0.66	0	0	0	0	0	0.11	40.36
HG00117	0	0	0	0	0	0	0	0.95	0	0	0	0	0.94	0	0	0.01	0	0	0	0	0	0	0	0	0	0	0	0	0	0	0.1	34.21
NA20534	0	0	0	0	0	0	0	0	0	0	0	0	1.68	0	0	0.12	0	0	0	0	0.1	0	0	0	0.01	0	0	0	0	0	0.09	36.44
NA20809	0	0	0	0	0	0	0	0	0	0	0	0	0.95	0	0	0.95	0	0	0	0	0	0	0	0	0	0	0	0	0	0	0.1	37.05
NA12273	0	0	0	0	0	0	0	0	0	0.18	0	0	0.14	0	0	1.29	0	0	0	0	0.2	0	0	0	0.08	0.01	0	0.02	0	0	0.08	37.94
NA20808	0	0	0	0	0	0	0	0	0.95	0.43	0	0	0	0.26	0	0.03	0.25	0	0	0	0	0	0	0	0	0	0	0	0	0	0.08	34.98
NA19197	0	0	0	0	0	0	0	0.01	0	0.01	0	0	1.3	0	0	0.02	0	0	0	0	0.01	0	0.55	0	0.01	0	0	0	0	0	0.09	37.78
NA11918	0	0	0	0	0	0	0	0	0	0	0	0	0.94	0	0	0.01	0	0	0	0	0.94	0	0	0	0	0	0	0.01	0	0	0.1	38.03
NA20509	0	0	0	0	0	0	0	0	0	0	0	0	0.02	0	0	1.26	0	0	0	0	0.62	0	0	0	0	0	0	0	0	0	0.1	38.6
NA20757	0	0	0	0	0	0	0	0	0.31	0	0	0	0.64	0	0	0	0.14	0	0	0	0.11	0	0	0	0.57	0	0	0.14	0	0	0.09	38.41
HG00125	0	0	0	0	0	0	0.03	0	0	0.01	0	0	0.38	0	0	1.34	0	0	0	0	0.12	0	0	0	0.04	0	0	0	0	0	0.08	37.71
NA11894	0	0	0	0	0	0	0	0	0	0	0	0	0.03	0	0	0.91	0	0	0	0	0.96	0	0	0	0	0	0	0	0	0	0.1	38.93
NA18517	0	0	0	0	0	0.95	0	0	0	0.95	0	0	0	0	0	0	0	0	0	0	0	0	0	0	0	0	0	0	0	0	0.1	33.25
NA20798	0	0	0	0	0	0	0	0	0	0	0	0	0.94	0	0	0.66	0	0	0	0	0.2	0	0	0	0.1	0	0	0	0	0	0.1	37.46
NA20588	0	0	0	0	0	0	0	0.95	0	0	0	0	0	0	0	0.9	0	0	0	0	0	0	0	0	0.06	0	0	0	0	0	0.09	35.27
HG00285	0	0	0	0	0	0	0	0	0.34	0	0	0	0.39	0	0	0.9	0	0	0	0	0.2	0	0	0	0.06	0	0	0.02	0	0	0.09	37.31
NA19153	0	0	0	0	0	0	0.01	0	1.08	0.13	0	0	0.12	0.01	0	0.36	0	0	0	0	0.17	0	0	0	0.04	0	0	0	0	0	0.08	35.67
NA20804	0	0	0	0	0	0	0	0	0	0	0	0	0	0	0	0.94	0	0	0	0	0.01	0	0	0	0.94	0	0	0	0	0	0.11	39.89
HG00306	0	0	0	0	0	0	0	0	0	0.95	0	0	0.05	0	0	0.48	0	0	0	0	0.42	0	0	0	0.01	0	0	0	0	0	0.09	36.49
NA19210	0	0	0	0	0	0	0	0	1.89	0	0	0	0	0	0	0	0	0	0	0	0	0	0	0	0	0	0	0	0	0	0.11	34.22
NA18908	0	0	0	0	0	0	0	0	0.94	0	0	0	0.95	0	0	0	0	0	0	0	0	0	0	0	0	0	0	0	0	0	0.11	35.17
NA20585	0	0	0.02	0	0	0	0.24	0	0	1.37	0	0	0.03	0.24	0	0	0	0	0	0	0	0	0	0	0.01	0	0	0	0	0	0.09	34.21
NA20543	0	0.01	0	0	0	0	0	0	0.01	0	0	0	0.35	0	0	0.95	0	0	0	0	0.24	0	0	0	0.35	0	0	0	0	0	0.09	38.53
NA20508	0	0	0	0	0	0	0	0	0	0.01	0	0	0.41	0	0	0.4	0	0	0	0	1.06	0	0	0	0.02	0	0	0	0	0	0.1	38.67
NA18916	0	0	0	0	0	0	0	0	0.88	0	0	0	0.9	0	0	0.1	0	0	0	0	0.02	0	0	0	0.01	0	0	0	0	0	0.09	35.38
NA20799	0	0	0	0	0	0	0	0	0.7	0	0	0	0.2	0	0	0.98	0	0	0	0	0.03	0	0	0	0	0	0	0	0	0	0.09	36.43
NA19235	0	0	0	0	0	0	0.01	0	0.37	0	0	0	0.99	0.02	0	0.05	0.14	0	0	0	0.32	0	0.01	0	0.01	0	0	0	0	0	0.08	36.58
HG00240	0	0	0	0	0	0	0	0.95	0	0	0	0	0	0	0	0.01	0	0	0	0	0.94	0	0	0	0	0	0	0	0	0	0.1	36.09
NA20765	0	0	0	0	0	0	0	0	0	0.01	0	0	0.04	0.94	0	0.22	0	0	0	0	0.48	0	0	0	0.22	0	0	0	0	0	0.09	37.92
NA18516	0	0	0	0	0	0	0	0	0.01	0.5	0	0	0.04	0	0	0.87	0	0	0	0	0.37	0.02	0	0	0.08	0	0	0.02	0	0	0.09	37.55
NA20801	0	0	0	0	0	0	0	0	0.95	0	0	0	0	0	0	0.03	0	0	0	0	0.93	0	0	0	0	0	0	0	0	0	0.09	37.03
NA18867	0	0	0	0	0	0	0	0	1.89	0	0	0	0.01	0	0	0	0	0	0	0	0	0	0	0	0	0	0	0	0	0	0.1	34.21
NA20524	0	0	0	0	0	0	0.01	0	0.01	0.05	0	0	0.04	0.9	0	0.35	0.01	0	0	0	0.28	0	0	0	0.28	0	0	0.01	0	0	0.06	37.78
HG00323	0	0	0	0	0	0	0.02	0	0.02	0.08	0	0	0.11	0.87	0	0.27	0.01	0	0	0	0.32	0	0	0	0.12	0	0	0.12	0	0	0.06	37.68
NA20589	0	0	0	0	0	0	0	0	0.02	0.01	0	0	0.05	0	0	0.64	0	0	0	0	0.33	0	0	0.01	0.82	0	0	0.03	0	0	0.09	39.97
NA11893	0	0	0	0	0	0	0	0	0	0	0	0	0	0	0	0	0	0	0	0	0.24	0	0	0	1.23	0	0	0.42	0	0	0.11	41.96
NA20502	0	0	0	0	0	0	0	0.95	0.01	0	0	0	0.01	0	0	0.69	0	0	0	0	0.24	0	0	0	0.01	0	0	0	0	0	0.09	35.38
HG00282	0	0	0	0	0	0	0	0	0	0	0	0	0	0	0	0.95	0	0	0	0	0.32	0	0	0	0.63	0	0	0	0	0	0.1	39.58
NA19171	0	0.28	0	0	0	0	0	0	0.05	0	0	0	1.14	0	0	0.23	0	0	0	0	0.16	0	0	0	0.04	0	0	0.03	0	0	0.07	35.97
NA12761	0	0	0	0	0	0	0	0	0	0	0	0	0.26	0	0	1.42	0	0	0	0	0.12	0	0	0	0.1	0	0	0	0	0	0.1	38.06
NA20795	0	0	0	0	0	0	0	0.94	0	0.01	0	0	0.13	0	0	0.65	0	0	0	0	0.06	0	0	0	0.12	0	0	0	0	0	0.09	35.33
NA19238	0	0	0	0	0	0	0	0	0.95	0	0	0	0.71	0	0	0.01	0	0	0	0	0.24	0	0	0	0	0	0	0	0	0	0.09	35.63
NA19159	0	0	0	0	0	0.04	0	0.01	0.24	0.95	0	0	0.28	0	0	0.32	0	0	0	0	0.05	0	0	0	0.02	0	0	0	0	0	0.09	35.28
HG00366	0	0	0	0	0	0	0	0	0	0	0	0	0.03	0	0	0.11	0	0	0	0	0.77	0	0	0	0.97	0	0	0.02	0	0	0.1	40.74
NA11992	0	0	0	0	0	0	0	0	0.01	0	0	0	1.88	0	0	0.01	0	0	0	0	0	0	0	0	0	0	0	0	0	0	0.1	36.1
HG00141	0	0	0	0	0	0	0	0	0	0.85	0	0	0	0.47	0	0.27	0.31	0	0	0	0	0.01	0	0	0	0	0	0	0	0	0.09	35.84
NA18873	0	0	0	0	0	0	0	0	0.95	0	0	0	0.95	0	0	0	0	0	0	0	0	0	0	0	0	0	0	0	0	0	0.1	35.15
HG00336	0	0	0	0	0	0	0	0	0	0	0	0	0	0	0	0.59	0	0	0	0	1.31	0	0	0	0	0	0	0	0	0	0.1	39.31
NA06994	0	0	0	0	0	0	0	0	0	0	0	0	0.9	0	0	0.99	0	0	0	0	0.01	0	0	0	0	0	0	0	0	0	0.1	37.11
NA19190	0	0	0	0	0	0	0	0	0.95	0	0	0	0	0	0	0	0	0	0	0	0	0	0	0	0.95	0	0	0	0	0	0.1	38.0
HG00186	0	0	0	0	0	0	0	0	0.95	0	0	0	0.01	0	0	0.74	0	0	0	0	0.01	0	0	0	0.2	0	0	0	0	0	0.09	36.5
NA20805	0	0	0	0	0	0	0.03	0	0	0.82	0	0	0.36	0.11	0	0.47	0	0	0	0	0.12	0	0	0	0	0	0	0	0	0	0.09	35.92
HG00325	0	0	0	0	0	0	0	0	0	0.57	0	0	0	0.39	0	0.58	0	0	0	0	0.37	0	0	0	0	0	0	0	0	0	0.09	36.84
NA20766	0	0	0	0	0	0	0	0	0	0	0	0	0.94	0	0	0.56	0	0	0	0	0.26	0	0	0	0.15	0	0	0	0	0	0.09	37.62
HG00183	0	0	0	0	0	0	0	0	0	0	0	0	0.85	0	0	0.11	0	0	0	0	0.82	0	0	0	0.12	0	0	0	0	0	0.1	38.21
NA12827	0	0	0	0	0	0	0	0	0	0.95	0	0	0.39	0	0	0.39	0	0	0	0	0.17	0	0	0	0.01	0	0	0	0	0	0.09	35.9
NA12400	0	0	0	0	0	0	0	0	0	0	0	0	1.09	0	0	0.31	0	0	0	0	0.19	0	0	0	0.31	0	0	0	0	0	0.1	37.72
NA12760	0	0	0	0	0	0	0	0	0.01	0	0	0	0.06	0	0	1.34	0	0	0	0	0.43	0	0	0	0.03	0	0	0.03	0	0	0.1	38.5
NA20540	0	0	0	0	0	0	0	0	0	0	0	0	0	0	0	1.12	0	0	0	0	0.78	0	0	0	0	0	0	0	0	0	0.1	38.78
NA20772	0	0	0	0	0	0	0	0.93	0	0	0	0	0	0	0	0.92	0	0	0	0	0.05	0	0	0	0	0	0	0	0	0	0.1	35.26
NA07056	0	0	0	0	0	0	0	0	0	0	0	0	0	0.95	0	0	0	0	0	0	0.95	0	0	0	0	0	0	0	0	0	0.1	38.0
NA12154	0	0	0	0	0	0	0	0	0.03	0.14	0	0	0.85	0.79	0	0.05	0.01	0	0	0	0.03	0	0	0	0.01	0	0	0	0	0	0.09	36.07
HG00149	0	0	0	0	0	0	0	0	0	0	0	0	0	0	0	0.39	0	0	0	0	0.58	0	0	0	0.93	0	0	0	0	0	0.1	40.44
NA18912	0	0	0	0	0	0	0	0.01	0.05	0.53	0	0	0.26	0.01	0	0.05	0	0.07	0	0	0.91	0	0	0	0.03	0	0	0	0	0	0.08	37.58
HG00343	0	0	0	0	0	0	0	0	0.01	0	0	0	0.96	0	0	0.35	0	0	0	0	0.14	0	0	0	0.43	0	0	0.02	0	0	0.09	38.08
NA19130	0	0	0	0	0	0	0	0	0	0.95	0	0	0.89	0	0	0	0	0	0	0	0.07	0	0	0	0	0	0	0	0	0	0.09	35.28
NA12286	0	0	0	0	0	0	0	0	0.02	0	0	0.01	0.98	0	0	0.31	0	0	0	0	0.54	0	0	0	0.04	0	0	0	0	0	0.1	37.59
NA12340	0	0	0	0	0	0	0	0	0	0	0	0	0	0	0	0.93	0	0	0	0	0.43	0	0	0	0.54	0	0	0	0	0	0.1	39.51
HG00118	0	0	0	0	0	0	0	0.95	0	0	0	0	0	0	0	0.94	0	0	0	0	0.01	0	0	0	0	0	0	0	0	0	0.1	35.16
HG00275	0	0	0	0	0	0	0	0	0	0.95	0	0	0	0	0	0.95	0	0	0	0	0	0	0	0	0	0	0	0	0	0	0.1	36.1
NA19143	0	0	0	0	0	0	0	0.04	0.94	0.07	0	0	0.12	0	0	0.66	0	0	0	0	0.08	0	0	0	0.01	0	0	0	0	0	0.08	35.84
HG00280	0	0	0	0	0	0	0	0	0	0	0	0	0	0.95	0	0	0	0	0	0	0	0	0	0	0.95	0	0	0	0	0	0.1	38.95
NA12383	0	0	0	0	0	0	0.01	0	0	0.83	0	0	0.12	0.11	0	0.24	0.04	0	0	0	0.42	0	0	0	0.04	0.02	0	0.08	0	0	0.09	36.86
NA12717	0	0	0	0	0	0	0	0	0	0	0	0	0.01	0	0	1	0	0	0	0	0.83	0	0	0	0.06	0	0	0	0	0	0.1	38.94
NA20814	0	0	0	0	0	0	0	0	0	0	0	0	0.03	0	0	0.56	0	0	0	0	1.03	0	0	0	0.07	0	0	0.21	0	0	0.1	39.77
NA18501	0	0	0	0	0	0	0	0	0	0.61	0	0	0	0	0	0.02	0	0.01	0	0	0.02	0	0.95	0	0.01	0	0	0.31	0	0	0.07	39.66
HG00231	0	0	0	0	0	0	0	0.95	0	0	0	0	0.76	0	0	0.2	0	0	0	0	0	0	0	0	0	0	0	0	0	0	0.09	34.39
HG00242	0	0	0	0	0	0	0	0	0	0.42	0	0	0.45	0.07	0	0	0	0	0	0	0.95	0.02	0	0	0	0	0	0	0	0	0.09	37.61
NA18486	0	0	0	0	0	0	0	0	0	0.03	0	0	0.47	0.15	0	1.25	0	0	0	0	0	0	0	0	0	0	0	0	0	0	0.1	37.32
HG00274	0	0	0	0	0	0	0	0	0.01	0	0	0	0.32	0	0	0.6	0	0	0	0	0.97	0	0	0	0	0	0	0	0	0	0.1	38.63
HG00335	0	0	0	0	0	0	0	0	0	0	0	0	0.03	0	0	0.98	0	0	0	0	0.74	0	0	0	0.13	0	0	0.02	0	0	0.1	39.03
HG00259	0	0	0	0	0	0	0	0	0.15	0	0	0	0.01	0	0	0.31	0	0	0	0	1.43	0	0	0	0	0	0	0	0	0	0.1	39.12
NA20530	0	0	0	0	0	0	0	0	0	0	0	0	0.01	0	0	1.4	0	0	0	0	0.12	0	0	0	0.33	0	0	0.04	0	0	0.1	38.89
HG00096	0	0	0	0	0	0	0	0	0	0	0	0	0.49	0	0	1.4	0	0	0	0	0.01	0	0	0	0	0	0	0	0	0	0.1	37.52
NA18871	0	0	0	0	0	0	0	0	0.82	0.95	0	0	0.13	0	0	0	0	0	0	0	0	0	0	0	0	0	0	0	0	0	0.1	34.33
NA20802	0	0	0	0	0	0	0	0	0	0	0	0	0	0	0	0.95	0	0	0	0	0.95	0	0	0	0	0	0	0	0	0	0.1	38.95
HG00236	0	0	0	0	0	0	0	0	0.01	0	0	0	0.11	0	0	1.31	0	0	0	0	0.13	0	0	0	0.02	0	0	0.34	0	0	0.08	39.06
NA11920	0	0	0	0	0	0	0	0	0	0	0	0	0.85	0	0	0.97	0	0	0	0	0.08	0	0	0	0	0	0	0	0	0	0.1	37.23
HG00239	0	0	0	0	0	0	0	0	0	0	0	0	0.95	0	0	0.08	0	0	0	0	0.82	0	0	0	0.06	0	0	0	0	0	0.09	37.99
HG00265	0	0	0	0	0	0	0	0	0	0	0	0	0.92	0	0	0	0	0	0	0	0.97	0	0	0	0	0	0	0	0	0	0.11	38.05
HG00115	0	0	0	0	0	0	0	0	0	0	0	0	0	0	0	1.39	0	0	0	0	0.26	0	0	0	0.25	0	0	0	0	0	0.1	38.76
HG00244	0	0	0	0	0	0	0	0	0	0	0	0	1.05	0	0	0.84	0	0	0	0	0	0	0	0	0	0	0	0	0	0	0.11	36.95
NA18868	0	0	0	0	0	0	0	0	0	0	0	0	1.14	0	0	0.76	0	0	0	0	0	0	0	0	0	0	0	0	0	0	0.1	36.86
HG00110	0	0	0	0	0	0	0	0	0	1.89	0	0	0	0	0	0	0	0	0	0	0	0	0	0	0	0	0	0	0	0	0.11	34.22
HG00181	0	0	0	0	0	0	0	0	0	0	0	0	0.95	0	0	0	0	0	0	0	0	0	0	0	0.95	0	0	0	0	0	0.1	38.95
HG00187	0	0	0	0	0	0	0	0	0	0	0.95	0	0	0	0	0	0	0	0	0	0.95	0	0	0	0	0	0	0	0	0	0.1	37.05
HG00188	0	0	0	0	0	0	0	0	0	0.95	0	0	0.11	0	0	0.54	0	0	0	0	0.3	0	0	0	0.01	0	0	0	0	0	0.09	36.31
NA20542	0	0	0	0	0	0	0	0	0	0	0	0	0	0	0	0.95	0	0	0	0	0.93	0	0	0	0.02	0	0	0	0	0	0.1	38.97
HG00264	0	0	0	0	0	0	0	0	0	0	0	0	0.07	0	0	1.29	0.48	0	0	0	0.06	0	0	0	0	0	0	0	0	0	0.1	37.99
HG00315	0	0	0	0	0	0	0	0.95	0	0	0	0	0	0	0	0.94	0	0	0	0	0.01	0	0	0	0	0	0	0	0	0	0.1	35.16
HG00376	0	0	0	0	0	0	0	0.95	0	0	0	0	0	0	0	0	0	0	0	0	0	0	0	0	0.95	0	0	0	0	0	0.1	37.05
NA20811	0.04	0	0	0	0	0	0	0.77	0	0	0.09	0	0.03	0	0	0.33	0	0	0	0	0.33	0	0	0	0.26	0	0	0.07	0	0	0.08	36.38
NA20785	0	0	0	0	0	0	0.01	0	0	0.92	0	0	0.86	0.03	0	0.09	0	0	0	0	0	0	0	0	0	0	0	0	0	0	0.09	35.24
HG00176	0	0	0	0	0	0	0	0	0	0	0	0	0.1	0	0	0.82	0	0	0	0	0.03	0	0	0	0.9	0	0	0.06	0	0	0.09	39.91
NA18507	0	0	0	0	0	0.95	0	0	0	0	0	0	0	0	0	0	0	0	0	0	0	0	0.95	0	0	0	0	0	0	0	0.1	37.05
HG00261	0	0	0	0	0	0	0	0.95	0	0	0	0	0.94	0	0	0.01	0	0	0	0	0	0	0	0	0	0	0	0	0	0	0.1	34.21
HG00179	0	0	0	0	0	0	0	1.18	0	0	0	0	0	0	0	0.72	0	0	0	0	0	0	0	0	0	0	0	0	0	0	0.1	34.46
NA12776	0	0	0	0	0	0	0	0	0.5	0	0	0	0.35	0	0	1.05	0	0	0	0	0	0	0	0	0	0	0	0	0	0	0.1	36.65
NA20758	0	0	0	0	0	0	0	0	0	0.97	0	0	0.03	0	0	0.46	0	0	0	0	0.29	0	0	0	0.16	0	0	0	0	0	0.09	36.64
NA18498	0	0	0	0	0	0.95	0	0	0	0	0	0	0	0.95	0	0	0	0	0	0	0	0	0	0	0	0	0	0	0	0	0.1	34.2
HG00321	0	0	0	0	0	0	0	0	0.03	0	0	0	0.86	0	0	0.05	0	0	0	0	0.68	0	0	0	0.29	0	0	0	0	0	0.09	38.34
HG00313	0	0	0	0	0	0	0	0	0.05	0	0	0	0.93	0	0	0.3	0	0	0	0	0.51	0	0	0	0.09	0	0	0.02	0	0	0.1	37.72
HG00174	0	0	0	0	0	0	0	0	0.68	0.94	0	0	0	0.01	0	0.02	0	0	0	0	0.21	0	0	0	0.05	0	0	0	0	0	0.09	35.06
NA12287	0	0	0	0	0	0	0	0	0.07	0	0	0	0.16	0	0	1.44	0	0	0	0	0.21	0	0	0	0.03	0	0	0	0	0	0.09	37.97
NA20756	0	0	0	0	0	0	0	0	0.83	0	0	0	0.26	0	0	0.74	0	0	0	0	0.06	0	0	0	0.01	0	0	0.01	0	0	0.09	36.19
HG00180	0	0	0	0	0	0	0	0	0	0	0	0	1.7	0	0	0.17	0	0	0	0	0.03	0	0	0	0	0	0	0	0	0	0.1	36.33
NA19257	0	0	0	0	0	0.95	0	0	0	0	0	0	0	0	0	0	0.95	0	0	0	0	0	0	0	0	0	0	0	0	0	0.1	35.15
HG00112	0	0	0	0	0	0	0.18	0	0.01	0	0	0	0.1	0	0	1.39	0	0	0	0	0.21	0	0	0	0.03	0	0	0	0	0	0.08	37.61
NA20586	0	0	0	0	0	0	0	0	0	0.66	0	0	0.88	0.24	0	0.12	0	0	0	0	0	0	0	0	0	0	0	0	0	0	0.1	35.56
NA12347	0	0	0	0	0	0	0	0.95	0	0	0	0	0.04	0	0	0.19	0.03	0	0	0	0.49	0	0	0	0.19	0	0	0.02	0	0	0.09	36.04
NA20517	0	0	0	0	0	0	0.01	0	0	0.03	0	0	0	0.02	0	0.95	0.9	0	0	0	0	0	0	0	0	0	0	0	0	0	0.09	37.89
HG00384	0	0	0	0	0	0	0	0	0	0	0	0	0.04	0.95	0	0.05	0.85	0	0	0	0	0	0	0	0.01	0	0	0	0	0	0.1	37.03
NA12283	0	0	0	0	0	0	0	0.95	0	0	0	0	0	0	0	0.95	0	0	0	0	0	0	0	0	0	0	0	0	0	0	0.1	35.15
NA11843	0	0	0	0	0	0	0	0.95	0	0	0	0	0.1	0	0	0.08	0	0	0	0	0.05	0	0	0	0.7	0	0	0.03	0	0	0.09	36.59
NA20778	0	0	0	0	0	0	0	0.49	0.01	0.14	0	0	0.22	0	0	0.74	0.01	0	0	0	0.04	0	0	0	0.14	0	0	0	0	0	0.21	36.33
NA20541	0	0	0	0	0	0	0.06	0	0.02	0.36	0	0	0.43	0.31	0	0.29	0.01	0	0	0	0.33	0	0	0.02	0.09	0	0	0.02	0	0	0.06	36.93
HG00267	0	0	0	0	0	0	0	0	0	0	0	0	0.89	0	0	0.03	0	0	0	0	0.97	0	0	0	0.01	0	0	0	0	0	0.1	38.1
NA19102	0	0	0	0	0	0	0	0	0.27	0	0	0	0.63	0	0	0.02	0	0	0	0	0.97	0	0	0	0.01	0	0	0	0	0	0.1	37.82
NA12272	0	0	0	0	0	0	0	0	0	0	0	0	0.9	0	0	0.87	0	0	0	0	0.13	0	0	0	0	0	0	0	0	0	0.1	37.23
NA19141	0	0	0	0	0	0	0	0	0.16	0	0	0	1	0	0	0.46	0	0	0	0	0.28	0	0	0	0	0	0	0	0	0	0.1	36.96
NA07048	0	0	0	0	0	0	0	0	0	0	0	0	0.01	0	0	0.5	0	0	0	0	0.98	0	0	0	0.26	0	0	0.16	0	0	0.09	39.97
NA20769	0	0	0	0	0	0	0	0	0.01	0	0	0	0.72	0	0	0.49	0	0	0	0	0.45	0	0	0	0.12	0.04	0	0.06	0	0	0.11	38.21
NA20773	0	0	0	0	0	0	0	0.03	0	0	0	0	0.54	0	0	0.87	0	0	0	0	0.43	0	0	0	0.03	0	0	0	0	0	0.1	37.86
HG00328	0	0	0	0	0	0	0	0	0	0	0	0	0.02	0	0	0.53	0	0	0	0	0.19	0	0	0	1.16	0	0	0	0	0	0.1	40.49
HG00106	0	0	0	0	0	0	0.11	0	0	0.66	0	0	0.78	0.13	0	0.19	0	0	0	0	0	0.04	0	0	0	0	0	0	0	0	0.09	35.48
HG00361	0	0	0	0	0	0	0.73	0	0	0	0	0	0.83	0	0	0.19	0	0	0	0	0.12	0	0	0	0.04	0	0	0.01	0	0	0.08	35.21
HG00253	0	0	0	0	0	0	0	0	0.06	0	0	0	0.52	0	0	1.2	0	0	0	0	0.12	0	0	0	0	0	0	0	0	0	0.1	37.48
HG00155	0	0	0	0	0	0	0.04	0	0	0.81	0	0	0.01	0.1	0	0.02	0	0	0	0	0.92	0	0	0	0	0	0	0	0	0	0.1	37.07
NA20792	0	0	0	0	0	0	0	0.95	0	0	0	0	0	0	0	0.89	0	0	0	0	0.03	0	0	0	0.03	0	0	0	0	0	0.1	35.24
NA20759	0	0	0	0	0	0	0.01	0	0	0.83	0	0	0.04	0.08	0	0	0.16	0	0	0	0.01	0	0	0	0.63	0	0	0.16	0	0	0.08	37.94
NA18934	0	0	0	0	0	0	0	0	0.01	0	0	0	0	0	0	0.94	0	0	0	0	0.95	0	0	0	0	0	0	0	0	0	0.1	38.93
NA11840	0	0	0	0	0	0	0	0	0	0	0	0	0.83	0.41	0	0	0.37	0	0	0	0.13	0.18	0	0	0	0	0	0	0	0	0.08	37.07
HG00109	0	0	0	0	0	0	0	0	0	0	0	0	0	0	0	0.13	0	0	0	0	1.74	0	0	0	0.02	0	0	0.01	0	0	0.1	39.81
NA18511	0	0	0	0	0	0	0	0	0.03	0	0	0	0.02	0	0	0.9	0	0.95	0	0	0	0	0	0	0	0	0	0	0	0	0.1	38.87
HG01334	0	0	0	0	0	0	0	0	0.01	0	0	0	0.69	0	0	0.31	0	0	0	0	0.06	0	0	0	0.84	0	0	0.01	0	0	0.08	39.06
NA12842	0	0	0	0	0	0	0	0	0.04	0.09	0	0	0.03	0	0	0.17	0	0	0	0	1.5	0	0	0	0.03	0	0	0.04	0	0	0.1	39.39
HG00338	0	0	0	0	0	0	0.73	0	0	0	0	0	0.04	0	0	0.1	0	0	0	0	0.07	0	0	0	0.97	0	0	0.01	0	0	0.08	37.81
HG00269	0	0	0	0	0	0	0	0	0	0.03	0	0	0.03	0	0	1.2	0	0	0	0	0.6	0	0	0	0	0	0	0.06	0	0	0.08	38.69
HG00173	0	0	0	0	0	0	0	0	0	0	0	0	0.03	0	0	0.19	0	0	0	0	1.62	0	0	0	0.05	0	0	0.02	0	0	0.09	39.75
NA06986	0	0	0	0	0	0	0	0	0	0	0	0	0.94	0	0	0.83	0	0	0	0	0.07	0	0	0	0.06	0	0	0	0	0	0.1	37.25
NA12003	0	0	0.15	0	0	0	0.11	0	0	0.3	0	0	0	0.39	0	0	0.02	0	0	0	0.07	0	0	0	0.88	0	0	0.01	0	0	0.07	37.94
NA20774	0	0	0	0	0	0	0	0	0.01	0.16	0	0	0.77	0	0	0.54	0	0	0	0	0.24	0	0	0	0.18	0	0	0	0	0	0.1	37.49
NA20828	0	0	0	0	0	0	0	0	0	0.17	0	0	0	0	0	1.33	0.4	0	0	0	0	0	0	0	0	0	0	0	0	0	0.1	37.66
HG00284	0	0	0	0	0	0	0	0	0	0.03	0	0	0	0	0	1.2	0	0	0	0	0.65	0	0	0	0.03	0	0	0	0	0	0.09	38.65
NA12750	0	0	0	0	0	0	0	0	0	0	0	0	0.03	0	0	1.76	0	0	0	0	0.07	0	0	0	0	0	0	0.04	0	0	0.1	38.16
NA18522	0	0	0	0	0	0	0	0	0	0	0	0	0.93	0	0	0.94	0	0	0	0	0.02	0	0	0	0	0	0	0	0	0	0.11	37.09
NA12275	0	0	0	0	0	0	0	0.85	0	0	0	0	0.95	0	0	0.1	0	0	0	0	0	0	0	0	0	0	0	0	0	0	0.1	34.5
NA20528	0	0	0	0	0	0	0.04	0	0.1	0	0	0	0.6	0	0.03	1.07	0	0	0	0	0.05	0	0	0	0.03	0	0	0	0	0	0.08	37.19
NA18910	0	0	0	0	0	0.01	0.03	0	0.04	0.93	0	0	0.21	0.12	0	0.27	0.02	0	0	0	0.2	0	0	0.01	0.06	0	0	0.02	0	0	0.08	36.01
HG00272	0	0	0	0	0	0	0	0	0	0	0	0	0.28	0	0	1.31	0.09	0	0	0	0.04	0	0	0	0.19	0	0	0	0	0	0.09	38.14
HG00138	0	0	0	0	0	0	0	0	0	0	0	0	0.05	0	0	1.44	0	0	0	0	0.3	0	0	0	0.11	0	0	0.01	0	0	0.09	38.5
HG00159	0	0	0	0	0	0	0	0.93	0.01	0	0	0	0.03	0	0	0.66	0	0	0	0	0.22	0	0	0	0.06	0	0	0.01	0	0	0.08	35.53
HG00108	0	0	0	0	0	0	0	0	0	0	0	0	0.95	0	0	0.62	0	0	0	0	0.33	0	0	0	0	0	0	0	0	0	0.1	37.38
NA19256	0	0	0	0	0	0	0	0	0.93	0	0	0	0.02	0	0	0.95	0	0	0	0	0	0	0	0	0	0	0	0	0	0	0.1	36.12
HG00111	0	0	0	0	0	0	0	0.95	0.01	0.1	0	0	0.39	0	0	0.34	0	0	0	0	0.08	0	0	0	0.03	0	0	0.01	0	0	0.09	34.71
HG00143	0	0	0	0	0	0	0.39	0	0	0	0	0	0.08	0	0	0.34	0	0	0	0	0.12	0	0	0	0.98	0	0	0	0	0	0.09	38.83
NA19119	0	0	0	0	0	0	0	0	0	0	0	0	1.14	0	0	0.76	0	0	0	0	0	0	0	0	0	0	0	0	0	0	0.1	36.86
NA12751	0	0	0	0	0	0	0	0.95	0	0	0	0	0	0	0	0	0	0	0	0	0	0	0	0	0	0	0	0.95	0	0	0.1	38.0
HG00121	0	0	0	0	0	0	0	0	0.84	0	0	0	0.05	0	0	0.06	0	0	0	0	0	0	0	0	0.95	0	0	0	0	0	0.1	38.17
NA20515	0	0	0	0	0	0	0	0.95	0.02	0	0	0	0.02	0	0	0.9	0	0	0	0	0.01	0	0	0	0.01	0	0	0	0	0	0.09	35.12
NA20512	0	0	0	0	0	0	0.13	0	0	0.49	0	0	0.96	0.26	0	0.01	0.06	0	0	0	0	0	0	0	0	0	0	0	0	0	0.09	35.41
NA06989	0	0	0	0	0	0	0	0	0	0.37	0	0	0.01	0	0	0.67	0	0	0	0	0.46	0	0	0	0.32	0.01	0	0.06	0	0	0.1	38.55
HG00281	0	0	0	0	0	0	0	0	0	0	0	0	0	0	0	0.97	0	0	0	0	0.32	0	0	0	0.61	0	0	0	0	0	0.1	39.54
HG00383	0	0	0	0	0	0	0	0	0	0.17	0	0	0.17	0	0	0.35	0	0	0	0	0.29	0	0	0	0.91	0	0	0	0	0	0.11	39.6
NA12716	0	0	0	0	0	0	0	0	0.14	0	0	0	0.29	0	0	0.5	0	0	0	0	0.88	0	0	0	0.1	0	0	0	0	0	0.09	38.51
NA12718	0	0	0	0	0	0	0	0	0	0	0	0	0	0	0	0	0	0	0	0	0.13	0	0	0	1.45	0	0	0.32	0	0	0.1	41.99
HG00137	0	0	0	0	0	0	0	0	0	0	0	0	0.29	0	0	0.48	0	0	0	0	0.15	0	0	0	0.97	0.01	0	0.01	0	0	0.09	39.85
NA20790	0	0	0	0	0	0	0	0	0	0	0	0	0.23	0	0	1.34	0	0	0	0	0.13	0	0	0	0.16	0	0	0.03	0	0	0.11	38.31
NA18489	0	0	0	0	0	0	0	0	0.01	0	0	0	0.89	0	0	0.86	0	0	0	0	0.09	0	0	0	0.04	0	0	0.01	0	0	0.1	37.29
HG00334	0	0	0	0	0	0	0	0	0	0	0	0	0	0	0	0.95	0	0	0	0	0.95	0	0	0	0	0	0	0	0	0	0.1	38.95
NA20803	0	0	0	0	0	0	0	0	0.55	0	0	0.03	0.34	0	0	0.54	0	0	0	0	0.25	0	0	0	0.18	0	0	0.02	0	0	0.09	37.2
NA11892	0	0	0	0	0	0	0	0	0	0.94	0	0	0.56	0	0	0.39	0	0	0	0	0	0	0	0	0	0	0	0	0	0	0.11	35.56
HG00232	0	0	0	0	0	0	0	0	0	0	0	0	0	0	0	0.63	0.48	0	0	0	0.8	0	0	0	0	0	0	0	0	0	0.09	38.8
HG00369	0	0	0	0	0	0	0	0	0	0.95	0	0	0.61	0	0	0.33	0	0	0	0	0.01	0	0	0	0.01	0	0	0.01	0	0	0.08	35.55
NA19152	0	0	0	0	0	0	0	0	0.95	0	0	0	0.02	0	0	0	0	0	0	0	0.93	0	0	0	0	0	0	0	0	0	0.1	37.01
NA07037	0	0	0	0	0	0	0	0	0	0	0	0	0.3	0	0	0.63	0	0	0	0	0.46	0	0	0	0.51	0	0	0.01	0	0	0.09	39.21
NA11831	0	0	0	0	0	0	0	0.95	0	0	0	0	0.46	0	0	0.35	0	0	0	0	0.14	0	0	0	0	0	0	0	0	0	0.1	34.83
HG00133	0	0	0	0	0	0	0	0.92	0	0	0	0	0.93	0	0	0.05	0	0	0	0	0	0	0	0	0	0	0	0	0	0	0.1	34.31
NA19248	0	0	0	0	0	0	0	0	0	0	0	0	0	0	0	0	0	0	0	0	0	0	0.95	0	0.95	0	0	0	0	0	0.1	41.8
NA11830	0	0	0	0	0	0	0	0	0	0	0	0	0.13	0	0	0.62	0	0	0	0	1.1	0	0	0	0.04	0	0	0	0	0	0.11	39.05
HG00126	0	0	0	0	0	0	0	0	0.44	0	0	0	0.71	0	0	0.29	0	0	0	0	0.47	0	0	0	0	0	0	0	0	0	0.09	36.88
NA20813	0	0	0	0	0	0	0	0	0	0	0	0	0.18	0	0	0.33	0	0	0	0	0.49	0	0	0	0.9	0	0	0	0	0	0.1	40.11
NA11994	0	0	0	0	0	0	0	0	0.28	0	0	0	0.44	0	0	0.49	0	0	0	0	0.62	0	0	0	0.09	0	0	0	0	0	0.08	37.8
NA19209	0	0	0	0	0	0	0	0	0	0	0	0	0.47	0	0	1.42	0	0	0	0	0	0	0	0	0	0	0	0	0	0	0.11	37.53
HG00255	0	0	0	0	0	0	0.01	0	0	0.04	0	0	0.84	0.91	0	0.11	0	0	0	0	0	0	0	0	0	0	0	0	0	0	0.09	36.14
NA19225	0	0	0	0	0	0.03	0	0	0.02	0.95	0	0	0.33	0	0	0.36	0	0	0	0	0.22	0	0	0	0	0	0	0	0	0	0.09	35.86
NA20532	0	0	0	0	0	0	0	0	0	0	0	0	0.95	0	0	0.03	0	0	0	0	0.88	0	0	0	0.01	0	0	0.03	0	0	0.1	38.04
NA18923	0	0	0	0	0	0.95	0	0	0.95	0	0	0	0	0	0	0	0	0	0	0	0	0	0	0	0	0	0	0	0	0	0.1	33.25
NA20812	0	0	0	0	0	0	0	0	0	0	0	0	0	0	0	1.7	0	0	0	0	0	0	0	0	0.2	0	0	0	0	0	0.1	38.4
HG00250	0	0	0	0	0	0	0	0.95	0.03	0	0	0	0.07	0	0	0.34	0.01	0	0	0	0.51	0	0	0	0	0	0	0	0	0	0.09	35.53
HG00256	0	0	0	0	0	0	0	0	0	0	0	0	0.05	0	0	1.29	0	0	0	0	0.56	0	0	0	0	0	0	0	0	0	0.1	38.51
HG00262	0	0	0	0	0	0	0	0.95	0	0	0	0	0.01	0	0	0.93	0	0	0	0	0.02	0	0	0	0	0	0	0	0	0	0.09	35.16
NA12348	0	0	0	0	0	0	0	0.28	0	0.63	0	0	0.01	0.04	0	0.33	0	0	0	0	0.61	0	0	0	0	0	0	0	0	0	0.1	36.46
NA18858	0	0	0	0	0	0	0	0	0	0	0	0	0.28	0	0	0.23	0	0	0	0	0.14	0	0	0	1.25	0	0	0	0	0	0.1	40.36
NA20754	0	0	0.03	0	0	0	0.08	0	0	1.48	0	0	0	0.3	0	0	0	0	0	0	0	0	0	0	0.02	0	0	0	0	0	0.09	34.42
NA12775	0	0	0	0	0	0	0	0.95	0.01	0.01	0	0	0.12	0	0	0.53	0	0	0	0	0.2	0	0	0	0.09	0	0	0.01	0	0	0.08	35.4
NA20510	0	0	0	0	0	0	0	0	0	0	0	0	0.95	0	0	0	0	0	0	0	0.19	0	0	0	0.74	0	0	0.03	0	0	0.09	38.81
NA11930	0	0	0	0	0	0	0	0	0.01	0	0	0	0.76	0	0	0.12	0	0	0	0	1.01	0	0	0	0.01	0	0	0	0	0	0.09	38.25
NA19138	0	0	0	0	0	0	0	0	0.95	0	0	0	0.95	0	0	0	0	0	0	0	0	0	0	0	0	0	0	0	0	0	0.1	35.15
NA18499	0	0	0	0	0	0	0	0	0.95	0.01	0	0	0	0.01	0	0	0	0	0	0	0	0.94	0	0	0	0	0	0	0	0	0.09	37.01
NA19093	0	0	0	0	0	0	0	0	0	0	0	0	0.86	0	0	0.1	0	0	0	0	0	0	0	0	0.95	0	0	0	0	0	0.09	39.04
HG00367	0	0	0.12	0	0	0	0.36	0	0	0.37	0	0	0.01	0.08	0	0.01	0.03	0	0	0	0.92	0	0	0	0.01	0	0	0	0	0	0.09	36.55
NA19108	0	0	0	0	0	0	0	0	0.93	0	0	0	0.01	0	0	0.01	0.95	0	0	0	0	0	0	0	0	0	0	0	0	0	0.1	36.13
NA19200	0	0	0	0	0	0	0	0	0.8	0	0	0	0.47	0	0	0.52	0	0	0	0	0.08	0	0	0	0.04	0	0	0	0	0	0.09	36.09
HG00278	0	0	0	0	0	0	0	0	0	0	0	0	0.2	0	0	1.5	0	0	0	0	0.18	0	0	0	0.03	0	0	0	0	0	0.09	38.04
HG00309	0	0	0	0	0	0	0	0	0	0.89	0	0	0.14	0.05	0	0.05	0	0	0	0	0.76	0.01	0	0	0	0	0	0	0	0	0.1	36.8
HG00139	0	0	0	0	0	0	0	0.95	0	0	0	0	0.01	0	0	0.16	0	0	0	0	0.48	0	0	0	0.19	0	0	0.11	0	0	0.1	36.33
NA19098	0	0.61	0	0	0	0	0	0	0.93	0	0	0	0.19	0	0	0.06	0	0	0	0	0.12	0	0	0	0	0	0	0	0	0	0.09	33.63
HG00271	0	0	0	0	0	0	0	0.95	0	0	0	0	0	0	0	0	0	0	0	0	0	0	0	0	0.95	0	0	0	0	0	0.1	37.05
NA20520	0	0	0	0	0	0	0	0.95	0.01	0	0	0	0.01	0	0	0.1	0	0	0	0	0.8	0	0	0	0.04	0	0	0	0	0	0.09	36.0
HG00246	0	0	0	0	0	0	0	0	0.01	0	0	0	0.16	0	0	0.71	0	0	0	0	0.89	0	0	0	0.09	0	0	0.05	0	0	0.09	39.04
NA12045	0	0	0	0	0	0	0.04	0	0	0	0	0	0.04	0	0	1.18	0	0	0	0	0.45	0	0	0	0.04	0	0	0.15	0	0	0.1	38.82
NA12889	0	0	0	0	0	0	0	0	0	0	0	0.06	0.04	0	0	0.27	0	0	0	0	0.8	0	0	0	0.41	0	0	0.33	0	0	0.09	40.51
HG00276	0	0	0	0	0	0	0	0.95	0	0	0	0	0	0	0	0	0	0	0	0	0.06	0	0	0	0.89	0	0	0.01	0	0	0.09	37.02
NA12830	0	0	0	0	0	0	0	0	0.01	0	0	0	0.3	0	0	1.46	0	0	0	0	0.1	0	0	0	0.03	0	0	0	0	0	0.1	37.84
NA18519	0	0	0	0	0	0	0	0	0.09	0.02	0	0	1.24	0	0	0.25	0	0	0	0	0.25	0	0	0	0.06	0	0	0	0	0	0.09	36.91
NA06984	0	0	0	0	0	0	0	0	0	0	0	0	0.95	0.91	0	0	0.04	0	0	0	0	0.01	0	0	0	0	0	0	0	0	0.09	36.15
HG00320	0	0	0	0	0	0	0	0	0	0	0	0	0.01	0	0	0.65	0	0	0	0	1.24	0	0	0	0	0	0	0	0	0	0.1	39.23
NA19223	0	0.66	0	0	0	0	0	0	0.13	0	0	0	0.04	0	0	0.02	0	0	0	0	1.05	0	0	0	0	0	0	0	0	0	0.1	36.11
NA19107	0	0	0	0	0	0	0	0	0.95	0	0	0	0	0	0	0	0	0	0	0	0.95	0	0	0	0	0	0	0	0	0	0.1	37.05
HG00382	0	0	0	0	0	0	0	0	0	0	0	0	1.44	0	0	0	0	0	0	0	0	0	0	0	0.46	0	0	0	0	0	0.1	37.48
HG00119	0	0	0	0	0	0	0	0.95	0	0	0	0	0	0	0	0.01	0	0	0	0	0.01	0	0	0	0.93	0	0	0	0	0	0.1	37.02
