ID	CSF1R	TIGD6	C1D	LARS2	KDSR	PLRG1
HG00096	0.22535561567989	2.11627034895555	20.3435288080382	9.75294665719534	9.82025168177286	34.3533103291144
HG00097	0.2192694444275	1.13188912466145	15.3873654485441	9.81141124697793	7.50393757785698	30.9352706202084
HG00099	0.17947283908112	1.01451663045898	10.918405748929	5.38665152891203	5.56445760871555	15.5515016220526
HG00100	0.223995300784694	2.45842158524617	15.796483807797	10.9093477500582	7.55012341117795	37.7038988724454
HG00101	0.322167239293219	1.55979896204861	16.8161564663724	11.6940691012637	7.26794934063688	34.0376793566019
HG00102	0.409944332772669	2.23704836050053	15.6212109906547	6.74074124518052	7.33006018968727	21.3246898796602
HG00103	0.394241026410803	2.17538215991662	14.8327957494687	10.4292559571377	7.56016650280413	38.8281935960681
HG00104	0.242152722266528	2.67359215964756	20.2496835104774	9.42713439021502	6.076047821178	30.4510577339931
HG00105	0.421993744579673	2.19347065508577	16.8131397587536	7.93546830225168	7.24763482695036	37.784322085624
HG00106	0.242196430242739	2.13006436323026	18.7754532928962	9.27851149703598	8.6538510789559	27.5337950547114
HG00108	0.277642710929979	1.56318090033902	17.4055794007417	8.45533829250759	6.36692687570581	28.9706561546323
HG00109	0.0585973280879128	2.33244185604879	22.8463032397788	9.13154538500126	7.41562166646904	33.5111422384338
HG00110	0.291412564304293	2.00145494096353	20.2015518044067	8.94752897804729	8.55518793013357	37.0645488308771
HG00111	0.379677975889579	1.85589359709189	21.935082154768	9.71823784564083	7.84199148766609	32.3424970759932
HG00112	0.204233800931136	1.42536232990648	23.3946766109621	10.2354377583055	7.21175467409093	36.7294940524109
HG00114	0.106063059122879	1.57769026645895	16.6994588474703	9.69719155880622	8.59970139318746	39.0867935133374
HG00115	0.109049615357734	1.58778725539888	18.1784352863433	9.2088004175047	6.74847622681841	37.0916803444314
HG00116	0.187298204685757	2.21370760487071	16.1487465594483	10.1045820220375	7.36504947588082	43.1875794190144
HG00117	0.415235515522959	1.63131203615614	13.743617283084	9.98427164971844	8.34027235807256	33.6450079320214
HG00118	0.246372862823102	1.95714259886611	19.5154544417539	9.31244684449621	7.96020260764569	44.1050149662286
HG00119	1.07231425756433	2.31191725567497	17.3146401775316	10.5391775808669	8.09896867617652	38.8463233470033
HG00120	0.534668723333401	2.92197515901502	14.8873521947084	10.3247083533063	9.4291852242033	33.1739071269015
HG00121	0.485099742871036	1.78621673257483	20.6253889551751	10.3891302979456	7.96305558258734	31.365692358125
HG00122	0.2024476889256	1.84847906344578	19.9168756801439	10.1414397984823	8.97390864185841	26.2677088952591
HG00123	0.486371046184701	2.09922562999189	14.1563870992473	10.2702506585903	8.1694755152685	44.1804090114519
HG00124	0.573017365230716	1.62649797104081	15.704340276424	8.57589047819016	9.67849239477404	39.729393971386
HG00125	0.178947624353935	1.65146166905591	13.6858958004395	7.43169840317846	4.73326857659834	25.5046996729954
HG00126	0.120356788569496	1.37107316034858	20.5345066177731	8.14198570837278	7.72817018818459	33.2003904523573
HG00127	0.125723518127132	1.89950908279904	16.4990815973447	8.09197107249599	7.92588491181765	29.4229424828179
HG00128	0.327774963323891	1.62459360826617	16.2814409243728	7.32028224608754	6.52753065555614	29.8260123686129
HG00129	0.221401406965582	2.03197937059551	21.0209218915661	14.9213677684967	9.34875435322398	28.303570060885
HG00130	0.337698541791698	1.7760363332451	21.8232150359011	7.17306891288636	8.3132199644809	36.1347424043773
HG00131	1.02288738974139	2.34097712990976	19.1692844059465	7.76585720788469	9.66809249084336	36.2633073496546
HG00132	0.354225006085156	1.77760416559076	18.6166523135476	9.44059518887995	7.98630872294747	42.4364679348449
HG00133	0.153119210517413	1.71287670020685	18.8324807890214	9.19855683460004	7.32875337055498	43.1885655069598
HG00134	0.306267694209156	1.81278921124084	17.8380411599046	9.09402707354328	7.02169154117098	40.5797655583847
HG00135	0.0842369146367794	1.77619380020375	17.552723117535	9.20536535791031	8.59621569806094	43.4228658110888
HG00136	0.428060524401563	1.94606853193392	17.7033568519627	7.04699639060274	8.41670121452409	32.1874490691624
HG00137	0.391195553465236	2.16954396927294	18.6956818585619	9.90634118688157	7.95615949348897	32.0535027459732
HG00138	0.130509539524745	1.86766907767094	22.0283262783132	10.6135062137993	8.47344800193444	32.064667617193
HG00139	1.28154342990609	2.43962424730385	15.8971759345247	8.41639352991085	7.41997249449699	37.7620841332481
HG00141	1.13765529052727	1.81039618468037	21.7116338619909	9.39504528307692	9.35286549601375	47.5777523715775
HG00142	0.372433349955033	2.26288931975339	9.94037098149743	9.79314369791537	7.91906658700894	41.0289360311434
HG00143	0.229116098844168	1.20155276844714	20.2685604360585	8.17752662568271	8.64672293606269	37.6102268648281
HG00145	0.338084853359094	1.81695372388952	21.1037966356856	8.04348152512386	7.91637581238047	33.4059029257135
HG00146	0.177309555141668	1.49999248393039	20.5333856470175	9.97345854194943	8.17401085894144	38.22678234126
HG00148	0.602139927448488	2.29822884230383	19.6851431061972	8.79037802895463	6.49122145388076	35.0901442200545
HG00149	0.0660877979873336	2.30632473998876	18.1002981507895	8.22037651762995	11.3251138731529	31.9015911575199
HG00150	0.390284494096629	1.70954183444905	17.0877101820978	11.5658852090194	7.7910178161124	22.0763740795434
HG00151	0.166300890626911	1.91155438984345	21.8707206664261	8.07331628234598	10.0172512193433	30.7167147502514
HG00152	0.263876251689346	2.58643803155776	17.9634414809321	9.12415931221542	7.83454366280849	32.5182019914714
HG00154	0.305946287607829	1.64304770378911	22.8980823231302	14.0307496978019	8.10938669817213	39.7025919420473
HG00155	0.282781350997695	1.84415039493081	21.2390906332233	8.94369519638874	7.5530940085519	30.7864419988415
HG00156	0.243416457221633	2.59540469718094	15.249476751882	9.90663804321829	6.71928115331803	33.6981807640188
HG00157	0.473832402371312	1.88552312910216	22.1409043445895	9.79201343821771	8.25063108598841	33.0772499148873
HG00158	0.16446060942916	2.07213406276398	19.1543830427805	11.0056209157867	7.57331951961013	44.1463544675268
HG00159	0.222368413525697	1.62803820115449	17.262161903457	6.42673289149608	7.42252300673148	34.4492371824395
HG00160	0.253282818027418	1.3948844546475	14.9360197082881	9.64332661778908	7.87595601109127	30.3982220929576
HG00171	0.228499096343161	1.85580803881545	22.7326886937249	8.38203315452635	7.3346059738726	42.0366924897719
HG00173	0.22999621780228	1.794511534289	16.2353824631263	7.02510726773701	7.77112025962316	27.0446171715031
HG00174	0.603617056836228	1.7923457850834	21.6540605496893	9.82142788493759	8.37287461676661	40.221836728593
HG00176	0.365010018583114	1.86021129816708	13.6491609701442	9.31938022090118	7.63792676654211	40.7201482148705
HG00177	0.263925344186817	1.86033339874475	16.218467996852	7.92416337762513	6.97588000540696	38.0718332544776
HG00178	0.373781782889154	1.84786053796238	16.8610704001397	9.1616727609282	8.31728423806394	42.5263817563171
HG00179	0.307637091607813	1.59966038539214	16.0342262685383	10.4601737102512	9.00442202550431	38.0156232849872
HG00180	0.350556214881494	2.40310729044201	19.7761289451362	9.9192042418149	7.47696904529216	31.8403544987119
HG00181	0.431643616947266	1.50018465658882	16.8645114182737	11.4661543321278	5.56477296753974	38.9034040257171
HG00182	0.225171949439886	2.15940608446076	20.9049959166426	9.12356618514772	8.4687155151627	28.268537100221
HG00183	0.663578089688438	1.7152317468716	25.2857944912398	9.0993339826512	8.15617867089584	38.0207562097184
HG00185	0.235515408914104	2.12624875777903	17.23632466615	10.169324432174	7.83616032494118	34.1704192452924
HG00186	0.356448081922642	1.40134777268738	23.4185265674998	7.65563680574432	8.02156714921636	31.177080288496
HG00187	0.450993905270101	2.49776983199414	21.8187653263965	10.4189958578539	7.08881129147804	31.6992900972554
HG00188	0.349421988827107	1.86116485854787	14.2748479508223	10.0233375226425	7.74609864742245	32.6448137336801
HG00189	0.223793724948207	2.20931262415098	23.4082373113768	9.9157318928161	9.55002392568562	31.8920450431635
HG00231	0.258145048245862	1.85878400718381	15.8845345899157	7.99896950982811	6.17189240706174	31.6895782421451
HG00232	0.28142078051048	2.75980757265609	19.8140134210735	9.67292019626238	8.95119893858775	35.4032085344281
HG00233	0.373666355698897	1.31407336815992	18.7138529629425	8.27430230726955	9.07664932604547	41.0176859658049
HG00234	0.215245070999307	2.01549881208412	18.7147232835497	8.31317489272516	7.99093987711438	26.076850006871
HG00235	0.310524252528601	1.37438750129773	17.2033596238744	10.0021815901673	7.34476733162363	32.939406372901
HG00236	0.42081205767777	1.96653513485444	19.2511637513093	10.6391631216595	8.50322985166786	34.6981919483185
HG00238	0.219481906766506	2.22303082077496	23.3906394408517	11.1691140809852	7.73547380867581	28.8072757200423
HG00239	0.193791540351133	1.77342422391216	18.4541950710516	8.35507046341422	7.3358244734256	36.4434220522045
HG00240	0.0235240826235114	2.31287448993928	18.769607100575	8.54569838762807	7.68843643371278	39.2120747937778
HG00242	0.31884360838613	1.46018696194585	20.8844714569995	8.64101178696828	9.54768632279618	32.0722545801457
HG00243	0.46394515311592	1.87505294290825	14.854415130226	10.0567090955351	9.59587398661744	30.9830904754196
HG00244	0.426606377227891	1.95685511177651	28.9085513910436	10.7508117000965	7.82679919466878	34.4972992012396
HG00245	0.229647219079443	1.83061749283665	19.6229567544307	11.0630373613193	7.58724686736089	42.1320625026624
HG00246	0.360160922302227	2.16828714452059	19.9484283846464	8.76763254055019	8.75435810589237	36.2221202055343
HG00247	0.198370829783433	1.78656600817597	15.8210858160433	9.22548964964031	9.0717386041819	36.8722054897755
HG00249	0.581056672608095	2.7252639795362	18.654922216111	11.9997995513946	7.49973091237075	32.7645044731441
HG00250	0.32213890534544	1.57267291580514	18.6874455807573	8.79207948178304	8.31607451572973	33.9140910813292
HG00251	0.202303868599624	2.01804353873347	20.779737873676	9.35204028445952	8.19314041997435	26.8381285949719
HG00252	0.547204606762861	2.16454882430715	20.7224558213998	8.10098454525103	7.89472715066987	33.7455343916621
HG00253	0.173387505579732	2.24333996131903	24.9659494344349	9.56632621160288	8.40455200722961	37.5883203068046
HG00255	0.287469762713394	1.32187694670498	19.2028012379991	7.99489436037595	6.6673150935051	40.7482622168565
HG00256	0.337190345340174	2.2375826977329	15.1526964578246	8.68803138986985	6.03564645912959	37.0013799730824
HG00257	0.619657052853062	2.30513743636622	17.2728674041144	10.5877923076068	8.30295633241463	39.1808297887916
HG00258	0.244732122276453	1.65189367965705	17.9384729249114	9.05741299827557	7.2066542798146	34.9067966808549
HG00259	0.285634075796424	2.00260396204686	17.5435058699457	11.0257013681504	7.34250829087642	38.5335978423856
HG00260	0.250006867715822	1.4028865511224	22.5880240386437	9.54461147548401	5.84364917563822	43.6324284667942
HG00261	0.0880841171186862	1.76188757007523	18.2966193370731	9.28546107094778	7.50913795930082	32.9014760088595
HG00262	0.0457035894000686	2.01109225621877	16.4535543148442	8.13686582011597	7.51782429271907	28.8243575837602
HG00263	0.242626071016574	1.93819600775051	15.7022110195793	9.15095892351087	7.26108605152423	44.1363297777671
HG00264	0.223662541811628	1.30168389411779	23.3464159626857	9.48054238552807	9.01969659904137	23.606237173712
HG00265	0.730632241368137	2.08373001169813	29.120985001619	8.85534305272438	9.2781293088888	36.9775250625667
HG00266	0.331123143369668	2.27279963811155	22.5656367857663	9.69904055298076	7.36223642404717	31.5100874100738
HG00267	0.298576763824168	1.64179229549547	20.77894550001	13.3203343871302	8.33770191220205	39.0008236037632
HG00268	0.412200919181707	1.77602208228645	20.1513823352064	10.3613466788764	8.22365087362281	29.0511071557163
HG00269	0.20217155507057	2.05303983582551	10.6472847929703	8.75333264751539	6.36397156565789	34.0475135373725
HG00271	0.0731591943416281	1.69794165894515	20.2383113315701	10.8165024024586	7.52181207722114	37.0620131386914
HG00272	0.268292714829072	2.51842637809107	17.9615306552531	7.81064983191304	7.78157225808103	43.0366277263693
HG00273	0.243085045974348	1.87969560300641	12.5182586766341	10.4162995393695	6.80950599131911	22.1135104479209
HG00274	0.281690340011054	1.96131792702244	20.6847006076311	9.22578647998394	7.52638671917033	35.1683191665104
HG00275	0.298970202530252	2.04086034987887	20.287727182195	11.2757009092265	8.02025703670761	44.9313595093692
HG00276	0.274571821458188	2.18250884400107	20.9370516839364	10.723003561774	8.25371525135657	33.8618567742433
HG00277	0.353074981988825	1.9200158418	19.0402655191466	9.58260401744962	7.60624788526257	34.3312109993676
HG00278	0.423136651766685	2.06155626768994	24.8995723885873	11.1711167670981	8.20943483098209	40.0898587027274
HG00280	0.223036721785566	1.78296276988047	15.7367631802418	7.81921265023909	6.9594395954041	36.0335841662831
HG00281	0.203648902868695	1.74163695780079	20.5612830974214	8.9041103929683	8.45609846811361	32.0431126480877
HG00282	0.113934460902632	2.05690850436946	17.5079266339862	9.98292974403638	9.55231401575703	35.4299519988359
HG00284	0.230867143985626	1.58832312711303	18.8124930721305	8.95207701989831	8.1586410277877	41.2539542836045
HG00285	0.402736489359898	1.66758317493793	19.6254916642751	12.2260895455426	8.03063174568157	37.4803324073666
HG00306	0.0474912900588561	2.1403421337222	20.3342780936104	9.35436537642685	7.93806190300029	38.3504160535701
HG00308	0.18462653248491	1.74043111517293	19.0162089923085	10.799122635079	8.90134682294363	44.6246023297903
HG00309	0.0296706868655325	1.88184352941304	15.2177577466615	9.0583082643128	8.24934658138578	34.2058355399703
HG00310	0.334067290129071	1.71173740040365	17.0755380570913	8.51441145669211	7.38748295052574	47.100503656257
HG00311	0.218018808554089	1.59246619521785	16.8667548625446	8.98631654695538	8.55297245640082	34.5510679459741
HG00312	0.191782067596622	1.91539758408189	18.0966395917034	9.53965706813671	7.00032204004917	25.6370557548365
HG00313	0.030973471483318	1.53899135845168	21.2554017449027	11.7803709255561	8.59062099538675	36.5113077477618
HG00315	0.179530195545639	2.02697413979206	13.7710860613124	7.99858794007118	7.04986279082835	37.6299656305608
HG00319	0.264357191162978	2.14600003518774	13.4026536841895	9.34206529388195	7.84101819955722	37.6670146604512
HG00320	0.191303348916458	2.01515288619792	16.9551182195182	8.62724978964243	8.23602737298971	31.1029803282167
HG00321	-0.116869043166974	1.55180603950707	19.7647538835616	11.698552422838	5.87469378557482	36.8914219984534
HG00323	0.25717899410261	1.51320560788325	16.3033632403074	10.3788410991522	7.71083153729297	35.2669953319991
HG00324	0.264082904271605	1.5831039356271	17.8272302716992	9.52545144928998	8.32335526465874	29.7468746553011
HG00325	0.171051261624872	1.96555964156277	18.8017563586397	9.94218992426556	8.26211363826728	36.2667228992197
HG00326	0.0231228250495551	2.30682091546729	16.9892447850387	9.96194905561038	6.4951364475006	35.0084704718822
HG00327	0.173716076597173	1.8963310307948	19.8317356951175	7.17601394221562	9.81064117214574	40.7470893942301
HG00328	0.0467317932872152	1.99363662365294	16.7903602516962	9.76816011372773	6.46386496558047	29.8363102260409
HG00329	0.0757722989052059	1.04136848923828	9.84669513924024	4.658196066878	4.4530181564651	15.1860276367979
HG00330	0.138871232085033	1.40318310337592	19.3927072016303	8.05322000536564	6.92455127914301	35.4869707581917
HG00331	0.30487385766737	1.76852595882095	16.7238410681547	7.71382130073068	8.75151688328335	28.9406508366504
HG00332	0.551971479110632	1.74143155718326	24.344803030073	10.5343410507202	11.1478208100887	41.0501711032756
HG00334	0.458785981460055	2.41963839202459	13.9381167858869	9.76331061795126	6.21203080076477	31.8929247073509
HG00335	0.653587718174305	1.67085619897219	17.8993231585917	8.78906084437818	7.72842290615657	27.9314630507954
HG00336	0.194780750392684	1.39964491107972	23.2781839984003	8.96626406786539	7.09475966232965	33.1714894919014
HG00337	0.371613203799938	1.97750215072031	28.6047514539134	9.86123234847641	8.81522776956084	38.022043835222
HG00338	0.0816056368802005	2.48026988203379	15.3302713608777	10.311222456122	8.47909126354526	37.6038014276951
HG00339	0.271042170435813	2.490927788916	14.3734124347191	9.62256298438342	6.08854510733763	30.1136091790195
HG00341	0.128487542307348	1.75671287728363	19.4776197372587	8.10581432001996	8.29553113208655	34.6436496694691
HG00342	0.11244711726977	2.29181611372401	19.5076053352441	9.55237498274921	7.74192727190591	33.2790316456157
HG00343	0.259975919306792	1.98090590072989	19.7045032105935	9.38190467361088	6.83113659556029	34.1869923632302
HG00344	0.459038488714008	1.37643777798691	20.0185815991576	11.9746136779491	8.32156887826646	20.2916061471755
HG00345	0.38129186134132	1.95472252766128	25.195608292063	10.3415285178613	9.9230006763575	39.4794723488855
HG00346	0.0428097248739177	1.86178434240156	20.1934970305233	7.41990056813946	9.94550050020509	37.6158140199661
HG00349	0.404583284402762	2.23983003700095	24.7186778952564	9.43645443819934	7.79588568740669	48.4609750100722
HG00350	0.190293635161266	2.14253025797985	22.6993348811472	10.6860710081411	7.38892806418313	43.2377848342819
HG00351	0.409152860121784	1.7049006696122	19.3372941916678	8.67008195096152	8.51006434368838	38.9230702103124
HG00353	0.229704888286436	1.45563580375779	20.4382358641136	9.11289317173598	6.62640125304465	33.839118370251
HG00355	0.23456597271315	1.76642938306183	18.2862396800986	10.5677643321967	6.9506243752366	38.6555234216866
HG00356	0.312885518330853	1.95216869048937	14.1783740518155	10.7612160287321	7.20529899325754	37.0364877302596
HG00358	0.258557164589849	1.28649731857619	16.5475391682083	8.59937237020671	5.77176055138051	29.8933046570919
HG00359	0.505944070511629	2.11582402508192	17.6026947189906	10.4650006464061	6.75067998112239	34.5103886935642
HG00360	0.280444120583195	2.99502136567205	12.9544084828725	10.2005695656496	8.67807854702833	43.2858098548652
HG00361	0.138295493525788	1.73155579294156	12.4363997076574	9.93460165861328	6.97433004700544	31.3207705192141
HG00362	0.197885891039115	2.1450248213048	23.8502186767216	9.84039094940479	6.90739949856802	31.872869831365
HG00364	0.499032247883788	1.75926389165102	20.4373937613682	9.13044072036188	6.72729709153029	29.615005779722
HG00365	0.109397106170673	2.20856328114614	16.2908779058233	9.29382676912162	7.68889581133096	33.4868197145741
HG00366	0.130705959395073	2.33074626711178	11.5642484091706	11.9620892093618	8.46731236258206	30.934269953758
HG00367	0.394283118595658	1.95689657081888	19.7653326062663	8.68142809135862	7.22488551041128	36.0200692042718
HG00369	0.222289810240026	1.65758327977806	21.2217157961994	10.340983885023	6.85799304832972	29.3972388709351
HG00371	0.332481645170821	2.38871589517509	21.4088621067911	12.1022451624223	8.48724666601071	36.2567800134826
HG00372	0.0972414658264304	2.76366515387384	15.189627286729	12.5317810293256	7.75816079571671	35.6455320330333
HG00373	0.116513245855778	1.88378226384944	15.9072528411968	9.57500970404162	7.07058504513483	34.2714352683939
HG00375	0.233238217110397	2.35301572602804	21.4733953917002	10.4769907019969	6.71502949332124	49.2397120922304
HG00376	0.0982386370691847	1.78289294010276	20.6512188947914	12.4550402831621	6.13909237153999	39.1653826520514
HG00377	0.280577655316872	1.81638220147963	20.0699432132036	9.45251214870864	5.67626222958622	41.7236222924268
HG00378	0.373198460191205	1.79158646675326	19.0311975418788	9.50003936791163	8.44224811351111	38.3618089064216
HG00379	0.215096977850788	1.58468751405444	21.1561309137062	8.97858139336069	8.19979468989082	29.2760141846339
HG00380	0.51360310100724	1.95200301327897	20.8443209580857	9.31006192321762	7.78275715725613	32.9064460985879
HG00381	0.142490051578658	2.06987165693599	16.9712607865176	9.27376572661387	7.2520005520432	33.8705578772246
HG00382	0.16355405429694	2.58104364870864	19.7420945430385	13.0948718195278	8.03491277202582	40.8079877055945
HG00383	0.0883250209850818	1.7869368380129	18.8517454443735	9.66664679959718	8.32705480750947	37.5643815248871
HG00384	0.0767069627475485	1.66139474188047	16.6653217684192	10.4163716761264	6.77133644071631	38.5987052843896
HG01334	0.355286441243194	2.40964800793597	26.2274332254478	9.88856626513673	7.88021548649516	23.947634243723
HG01789	0.272506854272425	1.90094245786022	12.0461299594253	9.53002824530829	7.56662315923809	42.283269359923
HG01790	-0.000717710887590595	1.27838692631279	23.8986165136214	8.74569339306137	8.86244729180995	38.3717638487684
HG01791	0.201640380585431	2.30259937633703	19.2301657585021	10.8807213591771	7.59907822464416	36.3932037051101
HG02215	0.11279928340601	2.44767739325104	21.4674880419666	9.81434671126806	7.51986589226179	43.3714061168765
NA06984	0.602791186974815	2.80444595992039	18.1477065287831	10.4019407599231	7.30532658939705	38.818048796759
NA06985	0.0846453795831456	1.90075067323868	18.1852438486545	8.62433079160245	7.88438732705906	32.1589937117273
NA06986	-0.0556048693430614	1.77188825557776	14.6431485033017	8.04553048296285	10.061719961994	33.8964702578363
NA06989	-0.0616216163115217	2.01736548646268	16.8268235045285	9.62257273305313	5.39486123979069	33.0556106226806
NA06994	0.241897569645432	2.11180709521299	16.0148730653473	8.56832477836683	8.01205966661975	36.7847120859053
NA07037	0.140368153047209	2.3459648162318	20.4580751816615	10.3299009173238	5.55722025061624	39.3225009468449
NA07048	0.530591112958117	2.14383176448781	23.9705704996251	8.21763860538449	8.05237715818462	39.6214443192508
NA07051	0.259810393639359	1.61894539798402	23.4861934954907	9.71432245125998	7.31577620111342	28.3758522756148
NA07056	0.342109683822638	1.72680999085296	16.8032351595904	10.0793877254591	7.66824461645365	31.9774763643953
NA07346	0.273366095906104	2.54373865041473	15.7778277288413	9.60756380324833	5.76300868268957	46.0275132933293
NA07347	0.140612063292235	2.07493097640437	17.8611572435163	11.1426060054502	7.12164595348919	39.57689321318
NA07357	0.545654795041202	2.58896099865986	20.4117431468905	10.7071586508755	8.06954104828507	36.2980879989588
NA10847	0.78157927786184	1.94366350345198	16.940630940767	7.75910824077929	9.53834396549454	39.3979430926072
NA10851	0.195690662916727	1.52823786904312	23.1215219512536	9.09179083667775	7.72976046263676	41.3592382840584
NA11829	-0.0415631448898755	1.73249043118118	21.5779322012228	9.04379234241507	7.63129422424719	32.0475590498864
NA11830	0.0709747417808574	1.96877381060719	20.7750219831781	8.73783702826386	5.7605572745912	46.7839061624105
NA11831	-0.015154405353854	1.60009405965015	20.5880379372884	9.70639143068519	6.86125187208623	30.3229586598658
NA11832	0.249444861546938	1.97886510596028	14.7470006578645	9.71682883007831	5.23300667830165	38.9781852554438
NA11840	0.0751507831863692	2.12228377619849	17.5154491623197	9.09955092899447	6.59576813684043	31.4634997843036
NA11843	0.239701634726129	1.74582200614997	22.3101064857823	9.26780182832333	7.94860441805753	42.3282484995511
NA11881	0.0198719656769383	2.29475501723292	19.3752012959331	8.72596518251026	6.83492761173034	37.7044087183374
NA11892	0.226751004799701	2.11235840737018	17.0942070379869	8.37629522869293	8.10752014720215	38.0155586766701
NA11893	-0.00965531442068412	1.96805992177091	16.6613184654718	8.91319056479949	5.75890004382802	34.410320616519
NA11894	0.0419525675856812	2.16853399572327	20.8261126718001	10.4184148956771	8.6081303744643	34.6305156224398
NA11918	0.218370867496098	2.02490006518562	20.8545739637866	8.17612995588017	6.4113082320768	40.7353003378999
NA11920	0.217514388060876	1.92847258715619	14.2171060305013	11.4395957932626	9.25169983178949	43.1368236842728
NA11930	0.181505496115522	1.8551424132252	16.7683726425973	6.08286603688907	7.32009837151435	39.5843622057491
NA11931	0.142652616983007	2.03353258673788	19.5205984674011	11.4236097546195	6.64497038612337	41.8876405402218
NA11992	0.056779008075273	1.89989544421026	22.1528009284431	8.53320357566463	7.09211717110075	49.1105614468061
NA11993	0.135309464198687	1.7130442831499	19.8352520415121	9.20525789589647	5.92627530053386	37.4027433100788
NA11994	0.0540332860437773	2.2866836702462	20.2266557822606	7.69130252763686	8.20409669797749	24.259259835184
NA11995	0.163217701984501	1.66025428674531	21.200241950033	6.96456453768215	9.00670725329683	32.067434039481
NA12004	0.245714110139125	1.74600696992694	12.9473584419024	6.6750716562632	6.28642436782429	22.9533486650977
NA12005	0.230143211106265	1.53782547076122	23.792994066957	10.7007577299418	10.6226965060553	41.6183829423817
NA12006	0.241682213913984	2.03271792319588	18.3853215447569	8.03398069821581	5.23507989791649	44.1286860134838
NA12043	0.186277763261961	1.7490210671678	20.5616592070552	8.42205717616463	7.92367238764216	29.8925452755081
NA12044	0.491408657505423	2.0911371578228	19.8661951187048	15.7582783043812	6.34167161252314	30.5392884570903
NA12045	0.0992632551503393	2.1061584488029	17.6332728196237	11.7006245427641	5.90999976758069	32.0818028284476
NA12058	0.816196071520805	1.82138204374903	20.32222280528	11.4180915627311	6.7494330055098	47.4047143668152
NA12144	0.293565541627684	1.82806809247689	13.3641722129328	12.0484246270855	6.83132018984136	33.7674640084495
NA12154	0.0919224733500419	2.32151178015622	19.1688737819597	9.23479778714715	9.71040606019472	28.4709926301624
NA12155	0.183622518189145	1.9152745004955	26.8126042701211	8.67015455727027	6.11002807678299	33.2882475511233
NA12156	0.393330045287119	2.31930147948073	16.4970125531656	10.738581330825	6.58403350467287	37.8764724730471
NA12234	0.0354440905372467	1.68541047287241	15.4739394046871	7.15566873519957	5.95485102506092	33.2245855018018
NA12249	0.166956094994499	1.37188656760824	15.718604055716	7.10908975600218	10.076706028014	34.111796940224
NA12272	0.174994569518739	2.1489085211202	19.3760979455796	16.0794166101326	8.10286400054777	25.2273240584993
NA12273	0.122904000153344	2.13885676730631	16.5347757743818	8.54262959051722	7.43467655302541	30.8443826862197
NA12275	0.227763596902515	2.2559345674563	22.7799430456587	7.81977272566778	6.97577796129114	36.5860478964509
NA12282	0.228032483934742	2.46005198852261	16.6230772183298	8.8609174568423	8.0303809582954	35.9870169433357
NA12283	0.115721991866007	1.63095689613207	19.9972600831186	10.0663427379209	8.1984637343928	37.4679676203515
NA12286	0.584310906607544	1.8708191740394	14.7513176020378	7.47873629749373	9.75132152083657	38.2596367364586
NA12287	0.0389334418639458	1.48635232810161	18.7792230303922	9.34983145150567	8.4505030655121	35.4813798663728
NA12340	0.0987759915654945	2.03247137606182	16.2521154757617	9.57338063089808	6.42821103772811	36.4233355046312
NA12341	0.297984153149133	1.49000305399126	21.1213949999648	10.8893918186367	5.63054502279477	35.6641218096896
NA12342	0.426483206278315	2.00396910242169	18.6272495288341	12.1777091354994	6.47763725296744	36.7445094021129
NA12347	0.479612979085044	1.56578326661579	18.464918852889	7.81702670235089	9.1774340887235	37.4417099078716
NA12348	0.257920899002284	1.75808394232497	22.6390605462327	10.7141328888333	7.00009072362323	49.2841725840424
NA12383	0.205603959860588	1.78508908875455	18.1924219267242	9.57134509060157	7.03623534385098	34.7280490919552
NA12399	-0.0106740654012095	1.10671354695596	17.6991045347445	7.43449045872778	7.24034287324711	27.3402223661053
NA12400	0.202257178211267	2.10844724104142	15.4433417623414	11.4629958249948	7.54648775196512	29.1257192869762
NA12413	0.107406504656174	2.45923912631844	18.146511357414	9.54752112253573	7.15388524795386	35.4902081381952
NA12489	0.397462703117457	1.6252108586644	18.6639385718547	7.18097799130425	7.16471771815008	41.8407759134856
NA12546	0.258603776930482	1.71785337053861	18.5253597926116	9.80305541777508	6.94687986944013	30.5400160812553
NA12716	0.675853032217471	1.37731423994542	11.1725879856338	8.24840641761891	6.42772149188076	41.0530504537914
NA12717	0.383042598193656	2.22947980566974	25.3207033756268	8.85108109271883	7.6986780961626	36.5798799065331
NA12718	0.115090541940963	2.2912962154843	19.9942536301937	10.4752153589266	6.29338591973131	30.9201998315693
NA12749	0.0656497634810539	2.53592010940122	16.9931620604127	10.0126002291723	9.1019473978591	33.5546673202301
NA12750	0.117735676485431	1.11137922323761	18.0841096049255	8.77258533870716	7.83703527801929	33.5636497655064
NA12751	0.0744946398089819	2.04469007381815	15.3566630438746	11.2633981605493	6.17111707551466	46.574764118852
NA12760	0.0341204855355163	1.39326073186174	23.3545306824555	11.411981082654	7.19296750655554	39.9992110960965
NA12761	-0.0136634030774399	1.69125294904048	20.7877440883787	9.38406970459785	6.34494908169948	32.3583265346679
NA12762	-0.0552989646513926	1.84979095090593	15.6719932415014	9.91489364916635	6.55844533306937	33.2606546089914
NA12763	-0.00924322151940588	1.73832146618597	17.9458534255633	9.06628855666963	6.36085619273933	27.4557269125036
NA12775	0.0792904714463715	1.66335901105259	15.5321578406378	6.87085018901279	8.0118410198287	31.2904545291803
NA12776	0.270835387732929	2.03707585447631	16.5158798392926	10.1601240730386	7.62502617002802	30.0705541756632
NA12777	-0.0298850966940393	2.06831071918667	18.9483036798099	9.73570932601758	7.84931291864528	35.629521076588
NA12778	0.379358213105671	1.93263092208144	15.5081903088925	10.1632689552983	7.14062409217839	39.8979697563932
NA12812	0.1160886269397	1.65198464252599	14.0269698179054	8.19296782822095	6.07260194920652	33.9394441436973
NA12813	0.337365815964787	2.00433549481079	17.2057818614127	10.4807498181262	5.1846768553689	40.0559490868392
NA12814	0.051719958375757	1.80947107997801	20.5220051876098	6.08695433390032	6.505661438482	30.7502921024223
NA12815	0.0268267835005374	2.57166738028182	13.3806231511601	9.07862881762021	6.27071508897471	28.2254326726915
NA12827	1.10003285680502	1.46388820272642	20.7704835670347	9.74817828755087	10.5774782877473	31.6419839003461
NA12829	0.0924956043194243	1.94476821855302	17.7143648159143	7.4800279101208	6.87689440317924	29.1424467448612
NA12830	0.722439860690399	1.51596766260511	25.9627793990648	9.14435273397303	9.28426330924943	41.9554197825724
NA12842	0.0752799441670249	1.9724404306883	19.8306934229821	9.01596118371637	5.23383865989066	43.3316785427668
NA12843	0.34863471958474	1.84574557656282	24.1351020747606	11.0087769080226	5.05664997927524	41.4048488445444
NA12872	0.111584580012949	2.01783292255668	18.8008070972612	9.94529911473037	7.63193601528987	41.7649711309809
NA12873	0.00924523873278055	2.25336934667959	20.0450503933718	7.15865434348128	8.38253227963435	30.8752166668185
NA12874	0.656768025707882	1.59540592268662	24.6784673524658	9.19528440098074	7.21895058781068	27.8699902706642
NA12889	0.624146482144843	1.9592816341723	11.7957201390517	8.27345745512907	7.23976513315311	31.5328906321033
NA12890	0.0130789345111365	1.53029960874669	18.5375479881452	7.78395615227842	8.08602571099695	38.3495496889595
NA18486	0.143029703565879	2.04585891247231	18.3395493725986	7.67425563071035	8.94413871326823	40.9666921726033
NA18487	0.135794770836075	1.89738769080564	20.2442348566978	9.26449673267953	7.95868514620119	35.3281601910533
NA18488	0.677215144705966	1.45620357145654	14.6485063166773	8.50753064117612	8.87261566154375	36.4526703130715
NA18489	0.767436884280608	2.45681050738902	22.29996123081	9.97804727834983	7.76752152819407	52.6058422893952
NA18498	0.328545106567038	1.6981744773389	18.6809734695814	9.93178674498081	8.66552255708108	48.1860880452294
NA18499	0.342034861608475	2.21087274100153	18.3849301619023	11.6905104804699	9.56811111413402	41.5940010831684
NA18502	0.676909010024094	2.2005444198174	18.2299601719653	8.9178183864283	9.35644696099959	30.762246345975
NA18505	0.266419960016013	1.38377219733093	26.0690278674321	10.1270519126199	7.86504272132885	30.3369506426724
NA18508	0.447527298354002	1.68040861472606	19.4651292796207	12.6743878478498	7.31109661694702	38.1600914193133
NA18510	-0.0206695161412561	1.44334639360866	18.1837945518875	8.86459875113375	7.36670673562005	41.7242754003713
NA18511	0.310949020004469	2.17538815463569	16.0567783909275	8.9088485573597	7.58869797203989	35.5724059070418
NA18517	0.439510846274291	2.02502141681868	18.1067486587899	12.4625236458426	7.07560331251166	22.8386298073025
NA18519	0.829730635910415	1.89645450529413	22.9897543321986	8.57660317746013	11.8944366404344	43.840333680315
NA18520	0.31127897351346	2.15487504602876	19.2531649936777	10.4888692600415	8.31595669639039	37.445631834293
NA18858	1.21911275332949	2.11701887497457	14.8230135173529	9.56468953255913	6.87334934438067	34.3866939602396
NA18861	0.0357204484872904	1.35464662019875	20.5275488117929	5.84108420494284	7.8442382288181	40.9648306686185
NA18867	0.213630650452408	1.62962877631672	16.053624569353	8.91235504525451	6.77484039607284	38.4753196507531
NA18868	0.644952845920443	1.71561643295759	23.1682578461586	6.74222224168317	7.0485445963367	43.926100015079
NA18870	0.415512933659209	2.15900847050619	26.0371274774258	9.81100187122111	8.37314848621947	45.5064795108943
NA18873	0.307167022327469	2.51933672674918	18.1143081990616	15.7884189238896	8.27952957558535	37.9073693728456
NA18907	0.0431801405978988	1.59746333683424	11.3831298783224	8.82367862975314	6.59256541598229	2.22461873556517
NA18908	0.222601237259965	1.97870596664303	22.8634280269279	10.4974962373199	7.79335630436681	33.6511249117162
NA18909	0.155165943765072	2.68763284949368	10.8001092196076	9.82773034771243	8.58923227504541	38.9515820174528
NA18910	0.548717639339605	2.28553645614609	18.0085022203281	5.79837320014874	8.8188757104259	39.0725767857726
NA18912	0.172410110156475	2.22510937721457	14.7098564483537	8.3072776331165	9.77229341241258	32.827263250978
NA18916	0.718518491995827	2.01022040979193	13.9644404692755	10.1654988653828	6.43293516526526	39.6360754775643
NA18917	0.234639468423554	1.80843066119487	22.1906461810245	11.8988002238407	9.42663142658147	35.8539431971566
NA18923	0.676309927774465	1.94128966190187	19.3588293589769	8.12293586113577	8.2489363454758	39.3462847490703
NA18933	1.10239230752827	1.67275277565052	12.1681997020366	8.13651241026419	8.4964584317178	38.1891716648434
NA18934	0.449541351877202	1.7349671979601	15.9991190692305	9.20155231506063	5.5179609291352	34.8737987648231
NA19092	0.231410991888497	1.9393395178645	16.0559329500714	9.71499444903334	7.15954710147098	34.9151154446189
NA19093	0.568183793108224	2.98168896658703	20.0650544350432	10.1882846302204	11.2021680326435	40.336327875116
NA19095	0.0968861160809749	2.2709819451062	15.7478777214384	16.8339430427326	6.73699460391788	35.5779602431988
NA19096	0.181639500625147	1.9773095648902	23.0358843734278	9.75501448150058	8.57162290465009	38.6759807929037
NA19098	1.27870688935051	1.89172513126014	27.1741906939632	8.08899273921665	7.13108171293793	44.3450287558142
NA19099	0.0677768866067598	2.02402086866828	22.0983950533284	9.81895750873895	6.94683974297544	26.8786177410337
NA19102	0.547998558491636	2.47329187341671	17.1981216689138	9.36018124436055	7.33609822553653	34.5470709779435
NA19107	0.00821618243211253	1.96274814513324	14.8258823787611	9.31878087160892	8.46804785861611	26.3243292771413
NA19108	0.360402089144193	2.10218017808763	14.0853656463772	11.1990218849379	9.54056366579267	26.9181142013366
NA19113	0.810314089626782	2.31285177403967	20.7506280425956	11.9534260433086	7.77992699574796	44.6682062645878
NA19114	0.621553527214901	1.36213709283741	21.1919254544715	9.60547816626599	8.05367648139135	43.1653503021059
NA19116	0.42949613258716	2.10178286977241	18.2104711341356	10.2085272444522	7.71863253059461	30.6610457711902
NA19117	0.322537358781772	1.96015442393266	16.7448270164512	7.69717156752959	10.4196354272036	34.9464381192734
NA19118	0.160297582405195	1.90442837425041	19.571951053107	8.39875762921637	7.8263106109944	37.0711275892595
NA19119	0.255005384351457	1.67597831703674	28.8883585893933	9.99988087889022	8.40273571988294	31.6454747477616
NA19121	0.262237612763994	1.92791655313482	17.1534038757039	6.3852270333873	7.39515708424351	38.9520539633739
NA19129	0.300634335872998	2.08912219709437	19.9128283560754	8.99561029442893	7.91662870889241	46.5093959180404
NA19130	0.489414432806941	2.26698159701928	22.9492523842448	8.66391302187342	7.78102348306394	35.9634312664314
NA19131	0.172551135787567	2.21545519609741	18.2936027335228	9.88565289149275	8.77089395254365	25.6923885322382
NA19137	0.173963896437108	1.19355677111607	15.3263044270704	7.70488322558155	6.53346349200447	35.6804385635855
NA19138	0.340342776516448	1.69458144370958	24.6132576087862	9.45459521193401	8.09243359085455	37.9798275839804
NA19141	0.730261658205467	1.9884719040342	24.5091196690571	11.5339832594927	9.30891974598947	42.5595699346724
NA19143	0.14812678059677	1.98099665721452	17.2010500518013	9.5856291977034	9.67911981099097	27.7030852558516
NA19144	0.516662113345734	2.27525186708842	18.6119523857678	9.67505721377713	7.41461864754423	32.4798054048675
NA19146	0.165276049401717	1.72745119989664	20.6097749023542	8.98770322617151	8.37106279892963	42.9547717866501
NA19147	0.213064349671089	2.20538426466742	17.7350260278574	8.58915308293799	8.38305112972575	37.8632793574714
NA19149	0.270236770807063	2.21933475246178	22.5368956032999	8.99511894436744	8.10671149141388	39.1038991024984
NA19150	0.83536264889096	1.93549631060253	19.3265578870413	9.37257219635724	8.49470677254133	35.0778889060255
NA19152	0.304297128950456	1.61816317378818	15.2884317983495	10.8044527683518	8.01451910776118	43.2620750250006
NA19153	0.170150189541815	1.4498990946964	17.4341871996943	7.07818417930366	6.59172300602509	31.3373490354375
NA19159	0.287448416435026	1.7760274036233	20.9819510524457	9.92117441264948	8.1242107223038	36.4806698812452
NA19160	0.304554208071745	2.31791502485262	19.6360002693088	12.3334134311039	10.5626745446395	44.1737167212196
NA19171	0.275639486787998	2.35840487780738	24.4868308440828	12.4036264690692	9.26920656472943	31.7570332932189
NA19172	0.325687082976993	2.48709844361235	20.6805898510814	14.667418037747	8.66617068479133	42.795695955255
NA19175	0.45731215292438	2.21190925803831	9.90529231483444	8.45729172695987	6.75042823598177	24.1956371042898
NA19184	0.0266187554879392	2.30577447939267	22.4445389873003	8.88911991430583	8.22235464552015	32.1047925537073
NA19185	0.454928197166623	1.82985884930163	15.9739131162527	9.81531373445956	8.32269285541955	29.1469936802091
NA19189	0.234904793822437	1.53129540377216	19.8448149990536	12.9134723165896	8.11281432432181	37.4347493511627
NA19190	0.967053156367875	2.03168137058445	16.1888276925267	12.2060662808101	7.46884942304503	50.5150851810951
NA19197	0.188241489782188	1.92509965111289	19.0717705215453	9.92279615160602	7.2925020615673	33.0270792317515
NA19198	0.641550995143736	2.04668840187598	19.1343230798979	9.3140530669877	7.64110608441105	37.8812945599864
NA19200	0.379990827935755	2.19886047593238	18.3798488394563	12.2145440981238	6.86741211738064	44.853368549344
NA19201	0.227492689793404	1.75576856616352	21.5061159092572	7.84647544369638	8.8306982585485	36.088517472891
NA19204	0.41050738439276	1.79488542172048	23.2924025826241	7.99969644385073	6.8626143158183	34.1010279060296
NA19206	0.298268180264283	1.84191019789509	9.97400234262146	8.91035526985097	8.05470418197393	25.8279711805641
NA19207	0.29309386473993	2.19528280248298	22.799165460071	8.22697124050858	7.63115563346821	49.5539407782999
NA19209	0.434146336421345	1.56575874977707	16.0706735404566	11.4367948818693	6.94573981302762	36.7507257296744
NA19210	0.0387154319957751	2.20148801667162	15.6619221876574	14.2630842551502	7.82685194605114	44.1366305750564
NA19213	0.0640422606810981	1.82500297579444	13.9680737958288	9.29238019660246	9.2880313071207	35.7137803002023
NA19214	0.296294255597776	1.81071634727482	21.1820648853435	11.0222204859119	7.13719516812652	41.6822113457571
NA19222	0.104644478450415	2.55047828227605	17.511301009936	19.8961013332526	6.16574254449864	33.3495061476239
NA19223	0.210674887753052	1.97548338695998	16.5785963341449	9.02632439134296	7.06857423559656	32.9012129321499
NA19225	0.238545037121635	1.939850748243	16.9398137514214	7.07482525877181	7.95235441011109	27.4970151344995
NA19235	1.60489361163	2.77322935521066	20.3490265274938	9.37924504662635	7.19496291903042	35.2170024079899
NA19236	0.425707378804936	1.72026571183004	25.5051585344242	8.78863377676813	9.2680541027594	35.2231885134202
NA19247	0.201773935884487	2.24091879053804	14.9410993419063	7.54643242742432	6.85872026084529	34.9787533428822
NA19248	0.26182421667896	1.84950718740049	24.8842944908968	12.9074402499567	9.80679929937206	36.7743078977411
NA19256	0.368339598070577	1.82685671174276	21.5377560588909	11.6484791522843	7.40054197853977	49.6717569589631
NA19257	1.89694580701996	2.14708840645811	14.2021065533725	9.460422307976	11.6770877956632	34.8078469828358
NA20502	1.13313882699035	1.41617842049131	18.9084811283682	9.53407388472494	10.4671801883793	39.421897782594
NA20503	0.232516169292482	2.4845657502735	19.6172252171464	10.668493203581	7.85609059739198	35.2070499781058
NA20504	0.461007835006654	1.72285369087206	21.2100210422416	10.5331252013257	9.76357130455252	49.421686143854
NA20505	0.180724685895029	1.910512580657	18.4308233587932	8.26503280234125	11.4110037655692	22.3936653883865
NA20506	0.274649656242319	1.56323342334821	22.3887152359569	11.2463496527467	7.75739925050187	36.6825548782239
NA20507	0.435379212468066	1.73159697018814	16.5512663129301	9.266302361415	8.30191171973143	39.0158982445476
NA20508	0.14660252282127	2.21920300313829	17.4174475369637	7.27532745326856	9.0346833078465	31.9245276287934
NA20509	0.240294407837503	2.1472046102247	19.8892887667984	9.11643799442453	9.94056215627643	35.8267037566733
NA20510	0.419581900531054	1.99143030327137	29.4837155552824	9.58936388291161	8.3039662018414	33.8248576812471
NA20512	0.241033058936206	1.50552652553452	26.0074747758888	7.72897259110387	7.54334402231678	23.4703555033845
NA20513	0.199742099315707	2.07308557995617	20.8122404577337	10.1296411601068	8.66919421979072	33.3402602955329
NA20514	0.457526878231857	1.67492854735338	16.8103706869169	8.71654400197461	6.51277155063191	41.5990673515307
NA20515	0.220227515711115	2.20158168826339	18.6566789413288	9.75777262986767	6.989418453218	29.2587645966937
NA20516	0.486862986711833	1.92409688911009	24.6286782892219	9.72334364162862	8.79282018810859	38.7216455205525
NA20517	0.575505991699676	1.65048691620118	18.112879633918	7.44049837823683	7.00217007641831	34.646468629365
NA20518	0.192629174049196	2.36674426137219	20.0942358242639	11.3831873531333	7.53587418188284	41.9447765756169
NA20519	0.290512482070349	1.93811373336782	15.9926496713859	9.29006422913745	8.38375270722528	37.3763113978859
NA20520	0.264653973441261	2.00168418371902	18.4510792422293	9.33256895337593	8.99776265642378	39.0776551096107
NA20521	0.125289865641217	1.84209825439688	25.9540698048689	9.00085308998782	9.33010390395399	37.9189061839866
NA20524	0.156039989593262	1.80874144385588	19.1520352894073	7.74251767836523	9.26806197853498	43.945263674846
NA20525	0.364539303406146	1.77578595930732	19.5008425524196	8.72992055159858	7.55074436522294	29.5237620631477
NA20527	0.150477935412236	1.94044459489358	16.1336250820178	9.32964724892963	8.49155504062754	33.9772212921187
NA20528	0.210923522353856	1.82332631024879	18.5656524869115	8.85218558534766	8.0532077806708	38.4634474405062
NA20529	0.622482779487599	1.9085115610121	19.6964883276532	9.52773749989651	9.13169809281323	36.3820055254448
NA20530	0.0563982648822924	1.68681435513961	16.5489582632385	7.81941250816989	9.10308356425389	28.7650670501752
NA20531	0.32367439880212	2.07789709200875	14.8826038741513	9.7850510091794	7.91417443540687	28.9995107263853
NA20532	0.594349035837932	1.83458354193439	21.1149019476781	8.46911739454984	9.34561840598298	27.0170720498167
NA20534	-0.0112473292070879	2.03488555534231	17.9576860101921	9.70757894432392	8.84884844860348	37.6763902175562
NA20535	0.456814874137544	1.84780296335155	27.0361364933021	10.9481952521451	7.99199402584692	30.1741298013329
NA20536	0.262235582978789	1.91578744915754	25.386171877397	9.62299449085858	8.11625380975375	36.909026387883
NA20537	0.1977308708913	2.26753379662112	15.9261088186351	9.2768614097752	8.22018725327259	28.3009108118822
NA20538	0.351107602603244	1.5190914356469	14.0516762448601	6.74939670624741	9.19684492789184	39.7603111556735
NA20539	0.285944806318114	2.06799483478093	18.347174662968	9.04375037003633	7.96649310542278	39.40376917603
NA20540	0.400735608675947	1.9969825217798	16.4395972497698	9.47529639766121	9.26552149907007	36.1894980058342
NA20541	0.235985480994984	1.58522060695468	17.362652110725	7.66069375180244	6.89265069375296	29.4897922312232
NA20542	0.217658377539348	2.11966720139904	23.7206754617027	8.61653440265768	6.99822620097315	32.4570053959781
NA20543	0.119279804828057	1.55333290359607	11.4734644537607	7.29560077171003	9.94041603462232	34.0035998092
NA20544	0.932372054610065	1.58497289878574	19.8739510209351	9.10708381630858	8.88335495210071	38.9763062443578
NA20581	0.0783897646429475	1.98286706792801	16.7675355122201	12.2760162861149	8.64596091658404	34.5810712900262
NA20582	0.445525037172671	1.99023885290914	24.8698557113484	10.4572937884123	8.64255384429957	35.8800540293022
NA20585	0.05260517747003	2.21230188730473	16.7214932864892	8.83688946147575	8.83237554565459	27.1285960354042
NA20586	0.197605043907148	2.01472939048158	17.6942684481884	9.37159450860622	5.93332408907071	38.3652496226979
NA20588	1.22034631578959	1.51031191896059	17.7707055161033	7.43500763904667	11.6014414140814	34.0550572166954
NA20589	0.847426840733456	1.79782827082785	18.499265598856	9.19416648595764	8.31443450350634	30.510992377488
NA20752	0.293880001398154	1.77062852558617	22.2341547052957	8.14067580354359	10.58788168957	39.4611711670701
NA20754	0.571542170425944	2.29785110172014	25.434899450069	11.9415193666004	8.88790493158558	28.905042576765
NA20756	0.223209107425252	1.5372643856925	16.7106486219203	9.0053183878913	7.76274551867244	35.7329566242125
NA20757	0.405387924854349	1.9294391913306	17.9332585622494	9.95760511810321	7.87094421020522	41.519749350439
NA20758	0.200588567720674	1.95204161987348	18.0437602529361	7.81863311879379	8.56682289315597	26.7345168996114
NA20759	0.298070237205173	1.87945367686953	19.0895180660929	13.5785913042355	7.69075296770473	45.4625056012664
NA20760	0.57804286675892	2.0070770939467	20.094376785209	9.2894766961581	9.83405714956707	42.5132020369505
NA20761	0.296375692979197	1.7631363500606	18.7465125077963	8.98393911144005	8.71862668152677	36.868614091867
NA20765	0.150542570416713	1.60154772611004	18.8751357280626	6.20591836795054	7.67161787018307	33.2949048185425
NA20766	0.317873131149266	1.93277096633122	20.1542501309899	9.33206035069368	5.93018461391887	42.1133136971396
NA20768	0.126162188025656	1.53981415238455	24.1412593482057	6.90121257998379	7.52921864685873	30.5697088100183
NA20769	0.120947107652423	1.85140816864821	21.5999267787034	8.1719338610125	8.35757855373116	37.5179662647239
NA20770	0.326708359136377	2.06290450590864	14.1711826645266	8.14631783329592	9.62644281961722	30.3290732775555
NA20771	0.0612249850128468	2.09501781573989	23.3108082520852	10.2507954459404	8.90764498676021	43.8532220441973
NA20772	0.22121208455702	2.13830684056061	18.4799514478684	9.10193317923317	9.5029939301722	36.9696956940034
NA20773	0.277633259340511	1.99225833426927	21.5528620931382	7.65054543148332	6.9513912179556	43.5286915125858
NA20774	0.293372483027368	1.86886364688896	14.7683544567076	8.56098203028387	7.63694711835126	27.7104892448447
NA20778	0.372627082948698	2.18408440390301	8.72645935914295	6.57643182056662	6.91905746296334	40.4123912147908
NA20783	0.172748719440868	2.50272375616249	12.0144419337505	11.7706353340217	9.59640946133761	37.4030229457146
NA20785	0.26409142390967	2.42693571944948	16.9152722499333	9.54684419417792	6.40374513197149	41.4523939948812
NA20786	-0.0171066031319901	1.7259504817984	19.0044955424972	12.2715036789416	6.2287185747781	34.2223290069186
NA20787	0.846147437438469	2.2237410674846	23.0216894808643	11.7904903937511	9.32277764103578	33.0586230174114
NA20790	0.293913302436861	1.64450829566831	17.886561817778	8.75868146641753	5.96069775067112	35.8755483378635
NA20792	0.0560339988579582	2.30953746513876	23.4129129983722	9.69455297482563	7.96786972564432	33.2503602697885
NA20795	0.228039596970616	1.67208110017766	24.3811450389486	11.3551524101787	9.90494815357428	24.7813983402969
NA20796	0.383678780084173	1.64731846839062	17.4604440412121	9.64844724626126	9.57563207548944	31.9827977974231
NA20797	0.549182807089192	1.65875925835855	13.8397652498542	6.53475068902625	7.24170511973556	30.026471305582
NA20798	0.15774880765353	1.93130875173856	21.1200782522502	11.1441514944665	8.93280698515531	34.8988553401287
NA20799	0.297700207485931	1.30394472824381	17.3896417411079	7.98071897132799	6.93638385827672	35.3375976580761
NA20800	0.247201322843326	2.26450538993293	15.1832406558286	7.44708056504849	8.04378438858655	35.0861096064801
NA20801	0.331896541015024	1.65784417808432	19.338426214451	7.65488326934159	8.5717077356218	37.8964126904492
NA20802	0.311264254899748	1.64241108155722	16.9664398984356	8.47456435248704	7.62477537673095	39.8525951156052
NA20803	0.224283905672457	1.46562381775261	16.8676542994269	8.64200367048443	5.54667463125019	38.7456366090908
NA20804	0.335913867166006	2.17672770206622	9.84414865229428	9.36663655719214	8.27870784236103	40.6441683308752
NA20805	0.27552621009853	2.18239832906457	20.9041899955097	7.29224311597258	8.58345066008045	38.3911405088017
NA20806	0.271530362935935	2.17957224684872	18.2666096222393	9.45620696419457	10.5997125769913	28.4156946659356
NA20807	0.297987084997498	1.73500745213357	16.7743403031878	9.28787173352041	6.52859712629033	39.7708562534993
NA20808	0.256263520998115	1.98728951766211	18.6048953681455	8.58286565594831	9.36771245309042	32.4522815185064
NA20809	0.783696106720218	1.72062184184938	16.909512605182	12.6400641433303	8.25210776645926	46.8346562509047
NA20810	0.335602745530215	1.76467437274683	22.3283174169576	7.88061699705182	8.77442280889554	35.7873662206593
NA20811	0.283824074177567	1.76556566536358	18.1094838148995	10.4670303400757	9.51907663685576	40.0881856900837
NA20812	1.45648351130913	2.16748162369914	20.1898684712671	9.59381974698745	9.77179147370582	41.1239762128354
NA20813	0.272345253010738	1.65954812407004	26.4439307038447	15.3640327751547	10.1173289873637	44.793130171431
NA20814	0.351388039469915	2.28449237649436	22.0925704549093	9.20498849437547	7.78256972635904	32.0830072854859
NA20815	0.182468406026515	1.98098755278034	20.3393406580712	6.46914274214578	8.48687430577015	26.4993545394434
NA20816	0.12898771449886	1.46859454991751	18.5746024090998	7.68830411608624	9.85092742905656	40.6785431770121
NA20819	0.210543759722848	1.95656614950652	20.0362148557882	7.25220781958196	7.43752723529614	36.5282219721215
NA20826	0.277418486715307	1.59648833766172	22.2482760422184	9.25964792004697	7.21705559505251	33.1956884567349
NA20828	0.284034134095449	2.05533781184105	17.0426605540192	7.81083897773168	10.0242351568136	37.7905569833084
